10000
9.8511505
9.834777
9.782578
9.812406
9.76192
9.796145
9.769922
9.749731
9.728027
9.620703
9.579989
9.557969
9.542392
9.457875
9.4832325
9.416366
9.435967
9.337927
9.245485
9.212638
9.223399
9.252915
9.129723
9.022023
9.120194
9.086432
9.110327
9.016135
8.935704
8.921912
8.812959
8.815256
8.709957
8.710612
8.612625
8.611822
8.503709
8.385298
8.297807
8.352648
8.370878
8.200481
8.099693
8.055515
8.045305
7.891269
7.7724857
7.814763
7.6156807
7.5389814
7.2750583
7.494079
7.326608
7.152876
7.072456
7.007287
6.9899297
6.8531275
6.944154
6.9551253
7.03723
7.003436
6.939082
6.7843566
6.9450874
6.8482285
6.826847
6.851305
6.8888493
6.9573727
6.936126
7.007557
6.9577284
6.948197
6.997325
6.978159
7.1082115
6.9913287
7.060894
6.798157
7.0504584
6.896987
6.9789815
6.8521614
7.0043535
6.845365
6.902947
7.0265203
6.9575496
6.9584866
6.9730043
7.231446
7.4053974
7.399754
7.4907036
7.562598
7.587807
7.8347635
7.949045
8.24276
8.159418
8.207594
8.182027
8.03866
8.0880575
8.238555
8.300389
8.274783
8.231146
8.502655
8.4023075
8.329932
8.299692
8.227019
8.177335
8.122082
8.115594
8.192221
8.135277
8.112391
8.052787
7.974377
7.9109707
8.049897
7.981878
7.975433
7.983378
7.9042077
7.855192
7.780813
7.7483697
7.652966
7.5956693
7.6487904
7.5629783
7.5862255
7.5042496
7.616468
7.5600805
7.5631576
7.609325
7.5907826
7.550303
7.5667133
7.500439
7.5802927
7.5284224
7.558011
7.609459
7.543255
7.503542
7.609645
7.493757
7.4950614
7.416792
7.412148
7.393707
7.415191
7.280926
7.3273325
7.372456
7.336855
7.2995806
7.3935237
7.3211484
7.2611923
7.2610707
7.340755
7.354303
7.338005
7.3717446
7.398917
7.508572
7.5382752
7.318186
7.3887057
7.3032045
7.2736793
7.3167677
7.265753
7.1667457
7.127184
7.1142583
7.1241336
7.033365
7.105106
7.102654
7.0871577
7.1214066
7.0124397
7.1858068
7.0506287
7.0187216
6.917584
6.8718386
6.7942653
6.7783628
6.6738687
6.5295067
6.885114
6.598232
6.6966796
6.555714
6.5695415
6.5589175
6.365027
6.3668685
6.4126425
6.387534
6.2515225
6.336208
6.255637
6.5286746
6.4319735
6.596734
6.223607
6.4619575
6.604164
6.627709
6.6948733
6.5034776
6.6585145
6.5326796
6.8279004
6.6969924
6.7249866
6.48505
6.794486
6.592382
6.7727227
6.734492
6.6922913
6.658495
6.673414
6.7085714
6.6976833
6.6277676
6.5603437
6.6720467
6.7050943
6.568284
6.642543
6.4544787
6.742358
6.6347065
6.850448
6.4775248
6.8606906
6.7910132
6.7334347
6.7401977
6.366424
6.659008
6.5492425
6.555528
6.505155
6.6030636
6.5631
6.755071
6.743754
6.5556293
6.5062637
6.686398
6.6143827
6.716869
6.636626
6.5950317
6.7601686
6.790236
6.6321225
6.7011943
6.681801
6.633874
6.569306
6.67908
6.468074
6.616707
6.8186116
6.683428
6.584141
6.7322264
6.724459
6.6647415
6.64662
6.5365205
6.6344547
6.5119886
6.701176
6.6927433
6.6081715
6.561352
6.568246
6.454973
6.439652
6.6369452
6.281976
6.429126
6.5071654
6.3178196
6.4280095
6.2585044
6.343719
6.4511957
6.1581097
6.31117
6.180129
6.5182266
6.424832
6.426123
6.380329
6.4059563
6.518997
6.47398
6.3786964
6.5364614
6.5990443
6.608964
6.231255
6.677667
6.475513
6.5620856
6.454314
6.5622215
6.36864
6.6164827
6.5516458
6.536046
6.4560113
6.506259
6.441692
6.5468283
6.3598475
6.5755243
6.286794
6.5209002
6.3057904
6.519129
6.5284986
6.356475
6.4044476
6.4281135
6.502177
6.4454894
6.373257
6.288161
6.2879596
6.359147
6.379856
6.3678923
6.3125124
6.4389606
6.3514915
6.355631
6.200261
6.467162
6.4584
6.4940805
6.5378375
6.61103
6.519665
6.5245457
6.5961375
6.5966473
6.6742105
6.921751
6.8479156
6.874314
6.814501
6.8872204
6.8603783
6.8458824
6.887947
6.911016
6.941843
7.126249
6.9443364
7.115895
6.9473205
7.0131707
6.857563
6.9052677
6.932619
6.954963
6.836417
6.7979155
6.9139194
6.966109
6.850081
6.891147
6.8022285
6.8075495
6.8001018
6.704016
6.6800675
6.5885124
6.6320558
6.6437674
6.7192063
6.7026634
6.606151
6.885297
6.586327
6.6941977
6.6625586
6.6636367
6.4949694
6.5989404
6.6477723
6.529648
6.5589633
6.6558166
6.5733385
6.6678367
6.706128
6.7005754
6.7708755
6.7366533
6.6336203
6.6829667
6.651336
6.827996
6.5871325
6.6451817
6.633703
6.6562233
6.6583138
6.7672677
6.60208
6.6455517
6.7299075
6.7892523
6.6395473
6.797221
6.895107
6.8193564
6.715531
6.6345515
6.7005496
7.0111217
6.888404
6.815466
6.8720284
6.965854
6.8291426
6.8885803
6.941314
7.0111914
6.936379
7.1340675
7.024025
6.90043
6.8111467
6.8892813
6.9077063
6.717273
6.796827
6.9288883
6.8869305
6.8823075
6.9016232
6.85303
6.985053
6.7749934
7.014931
6.8165827
6.8422904
6.8968115
6.7188883
6.9378138
6.779316
6.658261
6.90541
6.925018
6.746266
6.824758
6.851491
6.8422956
7.0558877
6.764371
6.8618994
6.8176937
6.936267
6.7160463
6.9345455
6.8192344
6.955831
6.898033
6.971198
6.9676924
6.903742
7.0596743
7.0230336
6.948044
7.0922146
7.0309772
7.1723976
7.288394
7.0069532
7.408155
7.3022814
7.2692046
7.2283173
7.324689
7.184551
7.2791924
7.1788073
7.3960514
7.378168
7.4543557
7.4154606
7.4337997
7.3434258
7.1625824
7.206652
7.1148577
7.3481407
7.3887115
7.4046226
7.2389154
7.146108
7.205427
7.3832464
7.1233144
7.1530113
7.141057
7.1039076
6.92734
6.9893394
6.987212
6.983072
7.000313
7.052446
6.9956903
7.156547
6.9201283
6.9336143
6.9256215
6.933285
7.0479164
6.968277
6.905565
6.9273887
6.9002323
6.9323487
6.9848256
6.932477
6.9935136
7.01225
6.9159446
6.877146
6.783889
6.9275036
7.021886
6.960068
6.8568187
6.8491516
6.873974
6.8059134
7.023214
6.976781
7.1620846
6.9855523
7.05943
7.172688
7.117074
7.084336
6.9840565
7.0516496
7.081856
7.133219
7.246179
7.2531333
7.4447136
7.2477016
7.385886
7.38811
7.348056
7.3549666
7.306961
7.2952213
7.4084363
7.407219
7.3240805
7.1349263
7.140264
7.348747
7.3269496
7.386066
7.3014207
7.3528337
7.167405
7.154195
7.3115263
7.2287064
7.327611
7.3202477
7.2325873
6.8604712
6.957321
7.0647845
6.9903274
7.0710015
7.042184
6.949784
6.856211
6.7020097
6.8624487
6.8348594
6.7967515
6.854108
6.842979
6.716636
6.9649367
6.8804054
6.7631817
6.8924365
6.9221582
6.867422
6.8756685
6.750001
7.0340586
6.8797755
6.842782
6.8998976
6.9315333
6.935755
7.0191703
6.7884626
7.026791
6.9332333
7.0574355
6.8728156
6.9653935
6.949018
7.072982
6.8139896
7.2045717
7.198939
6.8946376
7.1456637
7.285034
7.214945
7.18039
7.1903687
7.2219014
7.0842924
7.2787523
7.461212
7.2996225
7.3470774
7.334878
7.2516265
7.4111176
7.562929
7.238182
7.414886
7.379905
7.461579
7.1681685
7.387059
7.4742894
7.2105722
7.400641
7.0926943
7.2982903
7.2424746
7.1140566
7.238614
7.4234314
7.225811
6.9695287
7.27741
7.1752954
7.069743
7.024984
7.069898
6.848375
7.0679307
6.9176483
6.945851
6.91378
6.8493657
6.6752405
6.8352075
6.7847323
6.6673765
6.852968
6.908759
6.822324
6.8256955
6.6718616
6.895079
7.0389867
6.9423394
6.895693
6.9024115
6.7002788
6.9331427
6.9757576
6.8877254
6.933169
6.7963405
7.045502
6.905897
7.0414257
6.802535
7.034432
6.9754896
6.8580446
6.9868526
6.8923764
7.0447135
7.052372
7.0256968
7.0992293
6.929252
7.1801386
6.9961505
7.2298813
7.1912327
7.043307
7.12803
7.067063
7.081236
7.3984585
7.0413494
7.394638
7.085925
7.394379
7.3293343
7.369886
7.4510126
7.184352
7.3205814
7.29696
7.224059
7.314758
7.227781
7.147295
7.1639557
7.219093
7.1032495
7.0997725
7.137274
7.1497293
7.216674
7.2247286
7.150959
7.2114964
7.0298996
7.118914
6.9387836
7.1144223
6.9217253
7.051463
6.9409704
6.9824176
6.864597
6.8616996
6.8134427
6.645631
6.711896
6.7460012
6.8812957
6.91623
6.884622
6.7420306
6.8368616
7.0856943
6.868598
7.175079
7.16279
7.1122074
7.1094255
6.847866
6.5628257
6.4609733
6.637058
6.6050377
6.1914034
6.006914
5.75697
5.2556267
5.391477
4.853677
4.613301
4.472682
3.7176676
3.5378458
3.8260846
3.8704283
3.9872775
4.0926185
4.0104747
4.0586567
4.206373
4.0638924
4.0005317
4.0005293
3.877501
3.8525417
3.7809057
3.2826028
3.805775
3.8961935
3.2244718
4.096043
4.000873
3.8843176
4.3058605
4.1084967
3.4885902
3.712408
4.007897
4.05605
4.0423374
3.6564684
3.9033976
5.654388
5.565683
5.4267344
5.3968678
5.3265595
5.958597
6.7099485
6.6509047
7.0296235
6.8678365
6.533202
7.0445127
7.025654
6.856066
6.999855
6.9369316
6.8692193
6.882803
7.0384874
7.168541
6.892754
7.136499
7.3380227
7.064133
7.265301
7.0068903
7.1434183
7.1898813
7.0457
7.1532197
7.1437645
6.987444
7.143024
7.17434
6.928558
7.12533
6.993083
6.9197707
7.1315255
7.082577
6.880167
7.378134
7.3092027
7.2800426
7.3919888
7.114002
7.4529133
7.3145685
7.448216
7.416406
7.242332
7.570049
7.498905
7.590034
7.609515
7.5738335
7.5184255
7.621268
7.544967
7.439999
7.5571094
7.5061073
7.591185
7.530485
7.511351
7.499911
7.569428
7.6324425
7.525421
7.4083977
7.537586
7.4507885
7.405861
7.358088
7.4812346
7.2603965
7.3209696
7.3583603
7.0850754
7.2919602
7.4021397
7.391038
7.3492146
7.4031615
7.284326
7.40052
7.5018287
7.4149194
7.5219154
7.334493
7.2973814
7.373599
7.494552
7.5488667
7.546195
7.4590793
7.579232
7.406517
7.612031
7.417679
7.56978
7.5241523
7.477616
7.553168
7.468974
7.443781
7.449886
7.4850454
7.648321
7.5767183
7.550722
7.717642
7.7635965
7.7395797
7.6219773
7.8276296
7.821315
7.8160353
7.728237
7.6863713
7.620401
7.724631
7.5439677
7.462571
7.273279
7.506045
7.4518704
7.473849
7.332699
7.4062576
7.343669
7.4520407
7.3790627
7.249497
7.3024044
7.2466965
7.2015233
7.2072935
7.37116
7.2916102
7.077008
7.357096
7.324412
7.385268
7.4740696
7.289701
7.3128767
7.3828998
7.2837915
7.242276
7.4498205
7.2297773
7.2752357
7.467387
7.3254333
7.4697666
7.350136
7.634334
7.425892
7.491196
7.56502
7.6654215
7.530361
7.532372
7.59253
7.8040657
7.6755733
8.009833
7.80088
7.7606516
7.6803875
7.761649
7.906213
7.73632
7.945568
7.7127743
7.5955977
7.4989967
7.504985
7.4326124
7.767112
7.6548367
7.650264
7.7208443
7.585316
7.636452
7.5878735
7.518792
7.4701877
7.2607284
7.400292
7.327405
7.3763165
7.250561
7.331878
7.3577323
7.4159145
7.4477534
7.4532995
7.585478
7.3030396
7.35381
7.4298754
7.4888725
7.6071506
7.5416327
7.536848
7.5894933
7.6718154
7.7398033
7.76109
7.802448
7.798849
7.673917
7.7489953
7.744023
7.8557024
7.7544575
7.902363
7.797031
7.8464246
7.7926407
7.6545377
7.825306
7.659828
7.6422596
7.612114
7.5211315
7.776862
7.685288
7.652113
7.6061625
7.429029
7.618558
7.5511837
7.4475856
7.5090666
7.5484705
7.3431396
7.500455
7.444501
7.262107
7.5527554
7.5179014
7.464403
7.476862
7.3172245
7.2977486
7.5091176
7.4454193
7.3917975
7.579545
7.7708516
7.6071663
7.8377047
7.6678896
7.737234
7.75053
7.8681893
7.787356
7.8667493
7.8531218
7.9572625
7.8672867
7.914914
7.7464514
7.6784544
7.7731137
7.753545
7.475157
7.6642237
7.55875
7.6232257
7.627056
7.419776
7.523154
7.439073
7.431796
7.4403944
7.380725
7.5763745
7.3207397
7.4153247
7.53408
7.2330503
7.3889003
7.305146
7.4884076
7.188174
7.4417143
7.5190067
7.2529163
7.432797
7.397522
7.5972795
7.751437
7.6833434
7.5089455
7.519296
7.8393245
7.9386044
7.8816996
7.937969
7.8064528
7.884824
7.7480803
7.8349905
7.867625
7.88183
7.918588
7.7884135
7.6907797
7.6003747
7.5889215
7.6888847
7.698576
7.501535
7.5708537
7.452843
7.5088596
7.348033
7.319506
7.256732
7.3067446
7.3632984
7.236952
7.4280195
7.2729354
7.29362
7.335092
7.427795
7.41992
7.332006
7.258537
7.409395
7.3470864
7.56331
7.6429996
7.6206245
7.625267
7.68845
7.660073
7.5418644
7.845667
7.664486
7.584464
7.5774546
7.5881815
7.5990553
7.692543
7.5689597
7.699597
7.5515084
7.5122967
7.300885
7.2330275
7.10009
7.060802
7.0858583
6.9285903
7.110344
7.094471
7.0249977
7.02639
7.109662
7.1044564
6.978735
7.283183
7.085332
7.399578
7.1931424
7.3632336
7.4493556
7.416925
7.647294
7.5447025
7.537633
7.483673
7.2497663
7.599927
7.462565
7.730779
7.5448093
7.7135105
7.76593
7.495452
7.6754694
7.5486083
7.686157
7.5822864
7.623747
7.321081
7.184895
7.3163157
7.2210197
7.1111736
7.4657845
7.226484
6.9171386
7.0525947
7.040718
6.6635823
6.985373
6.925799
6.8146796
7.068929
7.1390767
6.9718833
7.2696466
7.002008
7.218123
7.227047
7.172703
7.1332707
7.300528
7.133418
7.21192
7.434813
7.304084
7.4203286
7.4800096
7.46966
7.514055
7.545
7.4621015
7.3546734
7.299135
7.2351766
7.3262424
7.192879
7.05848
7.034919
6.996471
7.092188
6.96231
7.0373635
7.291581
7.2168584
6.7834406
6.8005443
7.0981283
7.0389166
6.8512363
6.7394867
7.0062037
6.8731112
6.8251023
7.0579634
7.1824255
7.126238
7.0510035
6.6746078
6.9321485
7.147021
7.1406827
7.220212
7.362048
7.418645
7.451296
7.695339
7.334771
7.2894797
7.553405
7.4205823
7.143535
7.3956814
7.423333
7.4425735
7.0813704
7.1805944
7.2995396
7.1720943
7.050779
7.1041737
7.1736145
7.1677475
6.872796
6.6237674
6.8737583
6.9508834
6.8775826
6.816668
6.752004
6.834303
6.7564344
6.657078
6.6935945
6.721342
6.787768
6.903393
7.0557885
6.902814
7.0524554
7.0837173
7.160633
7.0193086
7.0773296
7.023218
7.1266494
7.042689
7.034895
7.0386043
6.8523893
6.80869
6.8840566
6.8192616
6.7302017
6.5746818
6.896068
6.7275085
6.6846333
6.413192
6.546915
6.5584183
6.3450227
6.5344567
6.4036326
6.543042
6.5311494
6.3870277
6.540965
6.764303
6.8009176
6.6509085
6.8653984
6.72051
6.7170916
6.808876
6.8158813
6.7694383
6.9040604
7.081319
6.801475
6.7936687
6.75618
6.5497246
6.549829
6.661861
6.8069696
6.602446
6.3910832
6.727044
6.7747364
6.3262186
6.411893
6.409603
6.3287745
6.2695484
6.214166
6.3049717
6.1452985
6.1297436
6.170934
6.11079
6.254261
6.2868776
6.0574393
6.4803295
6.310131
6.081318
6.3628364
6.037859
6.068767
6.1108537
6.3670845
6.289112
6.330265
6.2779074
6.3056426
6.519594
6.348949
6.341421
6.5688987
6.4381576
6.2020884
6.3310723
6.349914
6.235711
6.1416187
6.3838053
6.1144314
6.296732
6.1414
6.154257
6.1008115
6.342296
6.1442122
6.1454587
6.0945535
6.0070605
6.178584
6.0205097
5.9679394
6.054476
5.914935
5.8267546
5.9070864
6.0677166
5.991925
5.723669
5.9417753
6.0536604
5.7604876
6.016595
5.6667128
5.9583554
5.8336143
5.8302217
5.6747375
6.139243
6.14196
6.062384
6.0549817
6.2310295
6.029551
6.1576815
6.0897574
6.144363
6.04484
5.9598494
6.2429323
6.2120023
6.385571
6.345032
6.438072
6.3181353
6.220987
6.3601055
6.285949
6.41998
6.3538084
6.564767
6.407555
6.370928
6.5574975
6.4706626
6.421583
6.436261
6.318268
6.3534436
6.434284
6.4550686
6.529822
6.4456406
6.4139123
6.4877696
6.349183
6.508586
6.3482714
6.6522074
6.4210434
6.4580517
6.465871
6.445286
6.5107875
6.3922253
6.4160976
6.3836985
6.1715126
6.158261
6.2202435
6.2914686
6.4217243
6.6191864
6.385835
6.457857
6.507288
6.3629003
6.4823275
6.322526
6.5866623
6.2698593
6.36409
6.496891
6.404502
6.39039
6.489155
6.097701
6.2813
6.4287014
6.4525633
6.6517262
6.687583
6.818264
6.4934816
6.530363
6.514496
6.695687
6.5879736
6.7234545
6.852304
6.599283
6.8703284
6.6069107
6.8690934
6.52549
6.5660043
6.7668324
6.721497
6.5364957
6.3664064
6.725848
6.380944
6.6404696
6.300265
6.4499016
6.49591
6.4975243
6.424391
6.6747847
6.437996
6.5978293
6.621172
6.501517
6.5785933
6.397679
6.659347
6.5685315
6.5911064
6.8640447
6.8932695
6.6967998
6.9652467
6.6703854
6.9388933
6.756102
6.8794355
6.8234415
6.9238043
6.6094217
6.7332745
6.760873
6.85353
6.7532873
7.068502
6.8048496
6.778973
6.8000207
6.7114964
6.7000394
6.8300548
6.6951156
6.786393
6.5307994
6.766721
6.987815
6.975759
6.9737487
7.0775537
7.0961967
6.7034316
6.6685348
6.719678
6.6308417
6.8232365
6.802729
6.9917917
6.6314573
6.725688
6.9019575
6.8492775
6.5013447
6.5704713
6.445627
6.76077
6.866133
6.6039476
6.641862
6.4957085
6.5354524
6.3949203
6.52273
6.180586
6.3671083
6.0068293
5.984769
5.9722323
5.871936
5.9652205
6.2582297
6.163049
6.150297
6.137136
6.1213865
6.0488925
5.9871616
6.0041976
5.871693
6.1491137
6.088613
6.033999
5.937233
6.0645766
6.020907
6.0210342
5.967123
5.985186
6.027171
6.0211477
6.1581326
6.047836
6.3192883
6.011755
6.256139
6.1149254
6.220645
6.1279817
6.0815277
6.1399755
6.0051727
6.0725517
6.2038593
6.127287
6.034159
5.9542313
6.0210752
5.9301443
5.9661427
6.0212693
6.0091147
5.8888736
5.963028
5.8132553
5.90945
5.889401
5.8690624
5.8876143
5.9270554
5.771002
5.8037863
5.801457
5.695041
5.8271365
5.9576025
5.7490234
5.872523
5.8885527
5.6161327
5.884716
5.831463
5.733589
5.847788
5.8469114
6.061113
5.9724145
6.1099777
5.749621
5.6468396
5.7477355
5.8618603
5.896823
5.850233
5.769085
5.883266
5.8747787
5.9395313
5.8238254
5.993907
6.0718236
6.156022
6.0833545
5.749747
5.8010073
6.0069246
5.9925723
5.922247
6.0577607
6.032295
6.087225
6.1168175
6.0818195
5.9217143
6.100475
5.885862
5.87883
5.83755
6.072343
5.815365
6.1187615
5.8085117
6.011939
5.9747086
5.8907266
6.1250157
5.810039
5.96387
5.792662
6.1117086
6.1552906
5.926017
6.0080314
6.0783367
6.105883
5.984167
5.938101
5.9331
6.1171975
5.8957987
5.963218
6.016353
5.9851036
5.970292
6.0225606
5.745245
5.9723964
5.7725964
6.2819996
5.867351
5.6816163
5.9032393
5.622028
5.633458
5.814911
5.8879766
5.8023357
5.7291813
5.7048283
5.5977254
5.8284216
5.715742
5.809926
5.9010653
5.7198343
5.917162
5.9067817
5.9890966
6.096208
5.6912956
5.999019
5.838569
5.7141876
5.5436363
5.8243093
5.944048
5.5711384
5.5931973
5.556494
5.6221437
5.5419044
5.548873
5.421993
5.486942
5.667459
5.408857
5.372502
5.286256
5.651539
5.2992125
5.7291493
5.5645857
5.499111
5.474454
5.669541
5.526926
5.513481
5.4350853
5.555988
5.160929
5.575041
5.517441
5.366512
5.5732317
5.5900865
5.477813
5.6545253
5.540704
5.660836
5.5683374
5.445502
5.58916
5.6247272
5.3991175
5.7696104
5.4833217
5.38567
5.5506988
5.5982904
5.099687
5.393977
5.447159
5.4224863
5.5222955
5.080608
5.4328237
5.3394737
5.284052
5.160232
5.125454
5.261731
5.441863
5.3820233
5.123551
5.5172424
5.2399254
5.292553
5.096831
5.455064
5.7215242
5.5972633
5.31509
5.193539
5.826042
5.403464
5.596139
5.3669405
5.7169857
5.48626
5.162448
5.4460115
5.346773
5.508541
5.4596915
5.169062
5.52365
5.364952
5.1897974
5.590679
5.274314
5.158551
5.5050793
5.438829
5.3421755
5.30173
5.329002
5.2293305
5.2720623
5.467305
5.284452
5.2073007
5.170826
5.0982056
5.241696
5.3330164
5.2750864
5.240222
5.3920045
5.434992
5.2643466
5.332654
5.226646
5.24957
5.3154063
5.3966804
5.2856913
5.397215
5.2203393
5.101005
5.306199
5.3797
5.233398
5.2108893
5.0720625
5.2632136
5.1118817
5.209062
5.09096
5.0564775
5.347793
5.221282
5.231699
