10000
8.855925
8.894522
8.842512
8.898587
8.876266
8.818639
8.897623
8.863003
8.824477
8.865965
9.019688
9.002464
9.009519
9.023256
9.070306
8.941676
8.815331
8.837641
8.878685
8.887012
8.89477
8.971702
9.032063
9.059419
9.0974
9.073157
9.134813
9.136303
9.157341
9.156444
9.135529
9.143045
9.054917
9.007448
8.942007
8.964034
8.935296
9.023968
9.00778
9.04377
9.060867
9.128103
9.135676
9.127192
9.068688
9.139687
9.132026
9.06319
9.007679
8.935916
8.90552
8.902407
8.962897
9.05513
9.091387
9.189315
9.191882
9.193496
9.202212
9.152608
9.094902
9.039874
8.9852295
8.968887
8.978762
9.048559
9.022432
9.0541525
9.029931
9.042386
9.002441
9.062552
9.02754
9.062149
9.04587
8.999342
8.993869
8.949216
8.966642
8.931801
8.784878
8.762955
8.7700615
8.805954
8.760654
8.783473
8.860563
8.82933
8.874748
8.789043
8.877847
8.873372
8.934473
8.881399
8.913094
8.911775
8.921003
8.942304
8.851841
8.837885
8.839083
8.810007
8.795844
8.819386
8.821524
8.81052
8.814131
8.868125
8.783412
8.867227
8.827831
8.930559
8.887432
8.870677
8.860879
8.851772
8.871677
8.858451
8.920183
8.942293
8.813359
8.876251
8.816049
8.839981
8.915874
8.827238
8.840492
8.835609
8.828819
8.899776
8.851951
8.9405365
8.922427
8.918554
8.873632
8.837209
8.853264
8.810194
8.868844
8.891921
8.970707
8.925608
8.89366
8.827148
8.850313
8.750453
8.778215
8.734157
8.719488
8.70932
8.698684
8.759759
8.669928
8.800426
8.712626
8.771016
8.724002
8.685224
8.606507
8.546899
8.493783
8.4119
8.416206
8.420818
8.610739
8.564964
8.521005
8.507247
8.448598
8.350358
8.282508
8.249126
8.124141
8.148713
8.001355
8.026135
7.896625
7.8699255
7.757572
7.6591473
7.3286214
7.1149373
6.784612
6.4439735
6.031232
5.4215617
4.9192905
4.40752
4.360299
4.5124474
4.698307
5.128105
5.32252
5.5718374
5.6679893
5.8242445
6.219268
6.443817
6.6429586
6.8984604
6.9582543
7.143725
7.292517
7.3628364
7.5405264
7.544252
7.479253
7.4819317
7.622674
7.66722
7.857447
8.070494
8.109886
8.038745
8.104226
8.14044
8.069603
8.074015
7.9273453
8.003807
7.8789973
7.9084516
7.9263344
7.9384475
7.91153
7.9737043
7.9825172
7.9958677
7.9743953
8.026899
7.9564652
8.104603
7.947204
8.071242
8.001001
8.005407
7.9766607
8.066349
8.088207
8.053691
8.025608
7.99541
8.107663
8.072361
8.101861
7.998183
8.042216
7.978229
7.9795513
7.9951572
8.003101
8.015849
7.9501967
8.07153
8.103015
8.092514
8.096938
8.108939
8.110271
8.108076
8.245991
8.237891
8.238506
8.260468
8.2543745
8.266086
8.272633
8.261518
8.279913
8.251525
8.300958
8.3553
8.347105
8.350718
8.313888
8.350556
8.320014
8.354021
8.310337
8.325334
8.316654
8.317632
8.333616
8.342085
8.3323
8.3628235
8.358388
8.396642
8.312083
8.378988
8.421546
8.466295
8.535155
8.483926
8.503574
8.426226
8.351435
8.282132
8.374681
8.380856
8.467222
8.454294
8.487368
8.476199
8.4934635
8.503545
8.480709
8.474652
8.468167
8.45257
8.457873
8.483736
8.4812355
8.44988
8.47988
8.473792
8.449305
8.438095
8.43366
8.39584
8.351042
8.297236
8.275702
8.277517
8.250803
8.337872
8.309273
8.382882
8.316435
8.382719
8.334608
8.399707
8.423463
8.377552
8.453181
8.412008
8.489692
8.389006
8.415692
8.380858
8.3758955
8.36587
8.38017
8.375167
8.408758
8.415041
8.397668
8.437926
8.34514
8.278355
8.398332
8.329412
8.330005
8.255625
8.274432
8.245147
8.266266
8.2884
8.276444
8.305453
8.277042
8.2573
8.272471
8.253806
8.289535
8.284339
8.260363
8.232658
8.23317
8.373134
8.440319
8.514791
8.522304
8.47866
8.472455
8.505042
8.4317465
8.463401
8.452885
8.459425
8.469259
8.417674
8.461772
8.327649
8.386108
8.285405
8.274441
8.25612
8.259669
8.240879
8.246053
8.235369
8.2216425
8.259074
8.204038
8.307554
8.186564
8.295067
8.1944475
8.259965
8.227953
8.25552
8.214087
8.263325
8.187183
8.306013
8.170117
8.320061
8.26717
8.400265
8.256271
8.347918
8.271468
8.2963505
8.281218
8.312699
8.298525
8.424083
8.334824
8.376486
8.349461
8.488115
8.357441
8.491147
8.359103
8.410155
8.239455
8.234944
8.044789
8.1934
8.12415
8.314503
8.4069
8.535477
8.445681
8.551667
8.453596
8.556347
8.448183
8.5521965
8.40363
8.384777
8.146416
8.185316
8.0859995
8.161761
8.119447
8.241144
8.171568
8.3479395
8.210203
8.363776
8.184158
8.22152
7.975302
8.038959
8.013893
8.100597
7.942539
8.028812
7.9474173
7.850626
7.968358
8.009403
7.9185057
7.9238834
7.917539
7.9704275
7.8928475
8.011991
8.002464
8.048204
8.003696
8.0125885
7.9837966
8.130899
8.074685
8.167569
8.221116
8.201483
8.122106
8.07916
8.103344
8.123568
8.085463
8.036472
8.121899
8.159696
8.157804
8.121778
8.091701
8.179125
8.242824
8.156977
8.274894
7.9132557
7.861063
7.6440744
7.478136
7.5015993
7.3609285
7.0942545
7.124117
7.0982604
7.029148
7.0264807
6.968832
6.827388
6.6628833
6.331012
6.249215
6.390168
6.2112403
6.0578322
5.7936215
5.513906
5.2180185
5.2349524
5.0526576
4.8520966
5.140875
4.6752167
4.6127634
5.0102825
5.2123604
5.7571034
5.4742975
5.2522807
5.1220536
5.0554132
5.495319
5.467787
5.425146
5.0002446
4.4940023
4.835819
5.337043
5.401102
5.0775
5.3170958
4.7859745
4.722522
4.9699407
5.034968
4.9921856
4.7791595
4.148798
4.38798
4.3187933
4.007338
4.24408
5.14435
5.2327433
6.0420303
6.5788317
6.857683
7.274963
6.7686644
6.187069
5.890508
5.3335843
5.305544
5.466114
6.582845
6.9502726
7.722039
7.326753
6.8903475
7.1492596
6.0803623
6.828443
6.883856
7.3735504
7.424824
7.006363
7.0077767
7.0559254
6.5258584
6.7290797
7.1046715
7.646901
8.066451
7.6684875
7.542658
7.77386
7.5631304
6.3771353
7.293197
7.7157097
7.534667
7.6562834
7.1860757
6.920516
6.0141845
4.654155
3.9486275
4.3987236
3.9398298
3.572471
3.702602
3.5781095
3.6108508
3.465266
3.4833379
3.4860668
3.4782567
3.3762197
3.4358907
3.4296546
3.473165
3.746492
3.9669616
3.637352
3.500984
3.5165386
3.476692
3.645766
3.6727145
3.6793604
3.6464434
4.0594306
3.849144
3.6339045
3.6345673
3.7292233
3.4839473
3.5518937
3.5806637
3.450329
3.547929
3.7735672
3.8778853
3.7775445
3.8439176
4.317217
4.0225205
4.0701456
3.8561802
3.9332914
3.931454
3.6427946
3.635324
3.6590614
3.588373
3.743476
3.739012
3.719184
3.6917386
3.6598718
3.7272701
3.640243
3.3379817
3.2065873
3.2447603
3.2051263
3.190475
3.1094205
3.1945348
3.1460137
3.156671
3.1903367
3.223835
3.063286
3.3133419
3.9765902
4.2204657
3.7573686
2.9068446
2.949105
2.9066696
3.0313125
2.9311168
2.9303951
2.9552205
2.9302802
3.2977989
3.2140682
3.4068685
3.6843233
3.3737383
3.2805955
3.4081774
3.3488388
3.3765469
3.3116279
3.3988118
3.3680158
3.5456612
3.273993
3.2366154
3.2697928
3.1477036
3.1325817
3.2516694
3.2189386
3.658514
3.2465434
3.5010834
3.4418113
3.5680265
3.4894273
3.584585
3.6082265
3.7461467
3.6523182
3.5365
3.5812159
3.6405602
3.5936043
3.5900888
3.6066453
3.7763715
3.8257658
4.0764093
4.3508615
4.2986917
3.9338946
4.03746
4.026375
4.0776324
4.7834797
4.2094364
4.212807
4.42663
4.5936394
4.167983
4.2840724
4.3001637
4.2924585
5.0073466
4.819568
4.302276
4.26863
4.0975337
4.0753026
3.9879007
3.9076445
4.2782936
4.8667636
4.5958905
4.6462603
4.253915
4.3829727
4.171367
4.126589
4.1515284
4.1252933
4.3525896
4.728292
4.616465
4.7172804
4.2847385
4.0419407
4.206052
4.2668133
4.335702
4.1728606
4.323421
4.5323844
4.5874577
4.68285
4.6881294
4.6746087
4.828587
4.841382
4.5586333
4.5564237
4.596903
4.758264
4.796091
4.7208486
4.6596217
4.40854
4.4878097
4.2732415
4.275606
4.1899953
4.279366
4.264564
4.10957
4.2564635
4.108629
4.1605487
4.0805964
4.051253
4.1590943
4.0718613
4.0780215
4.05013
4.0569897
4.006976
4.0719266
4.0385146
3.9888768
3.98526
4.0226803
4.0035176
4.1350183
4.1418867
4.041371
4.1340775
4.1254005
4.273784
4.2465415
4.2299533
4.3525352
4.3459516
4.3730464
4.173581
4.3135176
4.2913218
4.4681044
4.3544397
4.300056
4.3726897
4.384993
4.333397
4.4541245
4.336424
4.349765
4.1974764
4.325792
4.14709
4.4338307
4.1818233
4.240258
4.0549703
4.0827017
3.9226174
3.803425
3.8461943
3.8300462
3.9221663
3.9495032
3.868842
3.8593836
3.8826563
3.868759
3.8603535
3.8933864
3.865386
3.8261719
3.8559115
3.8006701
3.8085756
3.8002799
3.7487836
3.792438
3.861103
3.831866
3.8798122
3.9890397
3.890439
3.84277
3.906179
3.9669302
3.8894901
3.9368978
3.986268
3.8086822
3.887463
3.85564
3.8444037
3.8507447
3.8068714
3.819691
3.7363825
3.8259466
3.8680055
3.855797
3.839264
3.8579674
3.8764708
3.8840265
3.8892522
3.8990085
3.8840137
3.963544
3.9856577
3.9240198
3.9901216
3.9917722
3.9761136
3.9907603
3.9522943
3.9915168
3.995303
3.9874403
3.977933
3.96666
3.9191449
3.9478872
3.984902
3.9392676
3.9524188
3.9459405
3.9891841
3.9685092
3.9970593
4.0205855
4.052089
3.989177
3.9541311
3.9879663
3.9305992
3.951049
3.941452
3.9507608
4.070773
4.047939
3.9723577
3.9502907
4.07008
4.0390196
4.035227
4.059329
4.073647
4.0110583
3.9781146
3.9751983
3.9796917
3.9713564
3.9888272
3.9259043
3.7688346
3.9203491
3.9599447
4.03774
4.038729
4.0450773
4.023925
4.1119585
4.392912
4.3052235
4.4739304
4.473553
4.567357
4.4811563
4.446245
4.380987
4.1542554
4.118878
4.2709084
4.271405
4.4148903
4.48146
4.4387755
4.4219046
4.595209
4.434379
4.579838
4.685475
4.656815
4.5513144
4.4403973
4.4568396
4.63249
4.4386888
4.279684
4.0533867
4.1393166
4.03785
4.341121
4.5253844
4.5621953
4.4769955
4.58068
4.614568
4.3398013
4.4047832
4.1900263
4.2073827
4.165491
4.290067
4.8618593
5.2176714
5.1699066
5.1843257
4.924996
4.5804353
4.690735
4.277298
4.2707324
4.3787904
4.4696674
5.0147276
5.364855
5.367609
5.6298113
5.343091
5.1082096
4.881217
4.561969
4.4258122
4.447409
4.84314
5.105374
5.2019978
5.7042327
5.660149
5.530418
5.2618423
5.282461
4.962297
4.7463713
4.469027
4.384143
4.2462306
4.9790244
4.853765
4.9086466
4.698015
4.549347
4.282975
4.224247
4.307539
4.5048003
4.5835156
4.231074
4.2222543
4.217924
4.091132
4.4627857
4.069208
4.070345
4.262212
3.8742204
3.8801274
3.7128415
3.483273
3.2783976
3.3422518
3.3521554
5.29401
5.240131
4.9181895
5.122637
4.9392934
4.843021
4.762925
4.8143053
4.7328014
4.7502146
4.6444864
4.5842457
4.6810927
4.4855623
4.5864778
4.716855
4.496537
4.594738
4.5351048
4.645099
4.589595
4.6209474
4.712845
4.5832443
4.65894
4.697869
4.686038
4.6536217
4.857588
4.927846
4.8641486
4.927087
4.914103
4.754912
4.86459
4.996464
4.820307
4.7973204
4.82956
4.833726
5.0125604
5.069223
5.068739
5.105491
5.175081
5.2218485
5.292906
5.347097
5.186551
5.3129663
5.2028146
5.3601437
5.4054127
5.30336
5.4187427
5.378743
5.387431
5.362654
5.1346917
5.1923537
5.235172
5.197259
5.3053083
5.2170243
5.3874674
5.424254
5.416259
5.2898297
5.3429723
5.3368587
5.314028
5.1615186
5.199192
5.114083
5.183185
5.005471
5.027533
4.9522686
4.989334
4.9758086
4.9113317
4.9862976
4.9879303
4.999114
5.1136594
5.1439476
5.0777416
5.1322803
5.106233
5.103515
5.062272
5.175627
4.974129
4.9504104
4.9110966
5.0948515
4.9355917
5.1333284
5.038138
5.106583
4.960297
4.9756703
4.962751
4.9783516
4.9385467
4.949226
4.9949064
5.0379276
5.010515
5.017357
5.084982
5.0361967
5.225275
5.0925393
5.138278
5.0870256
5.069509
5.024313
5.0149846
5.045217
5.2526655
4.988023
5.1001887
5.1434665
5.0214515
5.189871
5.1776323
5.380863
5.2628074
5.258332
5.2773223
5.3208466
5.211287
5.291316
5.4274573
5.414115
5.4476643
5.4461946
5.5626197
5.5003834
5.4920783
5.520975
5.6597104
5.546699
5.7157598
5.7446117
5.7790446
5.728342
5.7320213
5.716839
5.791718
5.7992234
5.74909
5.682886
5.6957927
5.637006
5.569947
5.605016
5.623788
5.6442456
5.546687
5.526808
5.5724363
5.542531
5.55204
5.529222
5.5987444
5.589218
5.5936213
5.511624
5.6026144
5.356184
5.6231384
5.483138
5.627822
5.3492236
5.5688505
5.3415685
5.482522
5.339323
5.6209836
5.5082254
5.655945
5.5390835
5.47132
5.0802727
5.0276704
5.0780573
4.921131
5.1127744
5.2844024
5.101544
5.1521463
5.0592914
5.1242714
5.042479
5.142168
5.2174344
5.124064
5.226119
5.4150906
5.473283
5.6297884
5.757611
5.659833
5.623041
5.7192
5.595129
5.6538095
5.6264596
5.5841074
5.4249806
4.9153004
4.387148
4.6226306
4.71574
5.4975266
4.9890575
5.332849
5.8305054
4.593097
5.644189
5.9118457
5.972433
5.56075
5.5786886
5.5947866
5.4288836
5.6045094
5.7423563
5.805262
5.794626
5.944418
6.078474
6.132233
6.235474
6.3127193
6.6670094
6.8485465
6.766908
6.7654614
6.8728113
6.7760644
6.692973
6.7431393
6.7413177
6.8907337
6.7914495
6.751964
6.7142158
6.6759176
6.654064
6.7247524
6.7256727
6.685964
6.720109
6.804778
6.62725
6.5944576
6.5280886
6.516648
6.658812
6.6161804
6.456849
6.407482
6.4192286
6.450162
6.440213
6.451146
6.590904
6.664832
6.641167
6.569721
6.539989
6.562172
6.51613
6.4429736
6.396069
6.394828
6.620906
6.584242
6.6073356
6.661925
6.643242
6.826585
6.9289794
7.075167
6.744154
6.277082
5.922603
5.178674
4.1801696
4.324987
4.4562197
4.493741
4.48786
4.5673747
4.678582
4.6032386
4.6475577
4.6002407
4.7802386
4.7390513
4.76397
4.802369
4.881501
4.7874055
4.7686777
4.840931
4.76392
4.7298994
4.787651
4.7914286
4.85341
4.855174
4.821089
4.855024
4.9870234
4.9274383
4.941945
4.9557633
4.8794894
4.908673
4.9392247
4.921969
4.955029
5.007661
5.031332
4.936244
4.877921
4.9065638
4.829939
4.8539705
4.806678
4.817025
4.853261
4.7575793
4.877547
4.7988315
4.7951145
4.7885423
4.7370186
4.8278356
4.887309
4.7980886
4.83184
4.7326884
4.830736
4.7175965
4.8293724
4.712259
4.8275175
4.7636886
4.7775784
4.8638835
4.7416673
4.8651104
4.7872753
4.8355594
4.774216
4.8454647
4.8239393
4.7379932
4.8036265
4.8230915
4.790585
4.85531
4.8815894
4.8329754
4.8418837
4.7977476
4.867181
4.8794384
4.8689327
4.8841443
4.8997865
4.8794127
4.8441653
4.87819
4.8376293
4.8775434
4.93375
4.8855085
4.8820257
4.889042
4.918064
4.8980308
4.8287086
4.845904
4.9081135
4.93164
4.878782
4.8733835
4.908725
4.9053364
4.8666053
4.967503
4.969049
5.016221
5.07727
5.031294
5.082594
4.980166
5.042587
5.0274
5.0665665
4.967801
4.933971
4.9384093
5.0141463
5.054758
4.994029
5.0060825
4.9328194
4.8946896
4.9071293
4.89775
4.9020004
4.941986
4.926958
4.927251
4.9272156
4.8973026
4.9515686
4.9960127
4.991463
5.0223618
4.993236
4.992857
4.991265
4.910527
4.8947687
4.9185934
4.9245305
4.8701534
4.897745
4.91724
4.915797
4.8887105
4.93641
4.936682
4.919757
4.855389
4.9303937
4.8275423
4.8866315
4.858606
4.919552
4.7691402
4.8558884
4.8602977
4.875995
4.8626585
4.8819747
5.025156
5.1825986
5.2047715
5.2976875
5.414485
5.3920207
5.438198
5.370752
5.4094834
5.43066
5.4302545
5.4318805
5.446197
5.504369
5.488736
5.448877
5.4517913
5.4808655
5.5074525
5.524987
5.5951724
5.481699
5.459836
5.471762
5.4931717
5.4987745
5.4370794
5.5323076
5.4836426
5.4844327
5.6202483
5.6460996
5.659022
5.5973725
5.63133
5.617594
5.6491737
5.660492
5.5872836
5.668755
5.6091166
5.6380587
5.6650715
5.565172
5.5850244
5.60268
5.7532396
5.760494
5.7010355
5.7110314
5.740922
5.7680655
5.776416
5.769276
5.751872
5.714918
5.7934065
5.793909
5.7267833
5.782447
5.792504
5.720125
5.6963625
5.7884564
5.8697147
5.839833
5.688006
5.810792
5.81435
5.718679
5.7762794
5.8290186
5.847871
5.8381042
5.8012886
5.8325567
5.8003983
5.8739433
5.817064
5.844079
5.7669377
5.9133973
5.8086343
5.8756948
5.845277
5.8712378
5.786262
5.7571893
5.758995
5.7191224
5.7143726
5.6942163
5.6979346
5.7810607
5.870741
5.8595657
5.9032965
5.8676224
5.698494
5.7070675
5.6582603
5.740462
5.7272997
5.798753
5.6503897
5.534113
5.598914
5.4369097
5.1139383
5.2312255
5.5958815
5.0953326
4.5526724
4.9777346
5.5572066
5.440297
5.656667
5.567354
5.873933
6.3368883
6.5254583
6.520782
6.347336
6.3579693
6.472902
6.48145
6.540116
6.547754
6.5765047
6.387883
6.380705
6.255057
6.2177424
6.1051745
6.361863
6.8461823
6.4259663
6.484149
6.6602893
6.5186467
6.5337324
6.7547145
6.8955526
6.63157
6.1705894
6.351514
5.9740887
6.0410213
6.596056
6.7469544
6.8108435
6.2618923
6.372291
5.8467774
6.1357913
5.5909257
5.5140524
5.1629353
5.2767935
6.1432066
6.0043416
5.953673
6.2516394
6.170493
5.429834
5.7538486
6.306166
6.255913
6.637277
6.418158
5.8839574
5.5418434
5.816244
6.0132294
5.7824116
5.501279
