10000
5.1389556
5.139011
5.02818
5.2145824
5.151083
5.1871276
5.124645
5.1697946
5.173108
5.1061816
5.089721
5.1032467
5.155025
5.1046586
5.155289
5.140472
5.148159
5.2429047
5.2666445
5.2171073
5.1449237
5.0918493
5.268745
5.1767178
5.204055
5.261315
5.1942954
5.1827507
5.2407737
5.2120004
5.2830243
5.1913176
5.2131286
5.2388344
5.142761
5.244183
5.276556
5.170318
5.231492
5.1707354
5.1801414
5.190693
5.180417
5.2144866
5.1760674
5.190421
5.2544975
5.2149644
5.152479
5.2304506
5.218476
5.2346826
5.004692
4.9120617
4.8330007
4.7444777
4.906389
4.8945107
4.8713427
4.758808
4.9440603
4.8026743
4.701488
4.8115144
4.6389985
4.817724
4.7970915
4.8018217
4.8736258
4.8982058
4.823668
4.900008
4.76398
4.762514
4.7193484
4.7071056
4.652469
4.7328744
4.6753554
4.6451178
4.7622914
4.7531805
4.5894275
4.67192
4.637241
4.6863422
4.700204
4.6508446
4.657378
4.5705748
4.574928
4.552369
4.592049
4.6410847
4.7108464
4.758093
4.6024194
4.464509
4.6133056
4.6815076
4.632277
4.6066346
4.608031
4.5697813
4.600485
4.555613
4.60262
4.7241015
4.6342316
4.6515546
4.6046085
4.6334963
4.5638638
4.4983673
4.6172557
4.331437
4.353455
4.4622254
4.29801
4.2111855
4.2966437
4.0825768
4.116313
4.054765
4.056174
4.0949125
3.994209
3.973049
3.9047103
3.895974
3.8652825
3.8187857
3.805604
3.7687354
3.7407484
3.7175329
3.7054932
3.607701
3.6746707
3.5608287
3.6339324
3.5753486
3.3965995
3.5456614
3.5330825
3.4795432
3.4318402
3.4288518
3.394542
3.4278417
3.318199
3.341541
3.437859
3.492225
3.2929206
3.2482328
3.2894354
3.1260023
3.208076
3.203251
3.1429138
3.2176218
3.224483
3.2075899
3.2569458
3.2713518
3.1984947
3.1926498
3.123096
3.190619
3.200704
3.2700336
3.1846097
3.2246726
3.1939578
3.1328661
3.302186
3.299397
3.270977
3.2382514
3.1969926
3.2153332
3.2260914
3.284011
3.2430882
3.1709213
3.1842766
3.2279844
3.1803
3.1777081
3.201433
3.2244763
3.2250164
3.2962565
3.241299
3.3132136
3.3002203
3.264587
3.2817755
3.2436926
3.2515414
3.2690454
3.3028684
3.3091269
3.2694206
3.3287919
3.3321652
3.2879708
3.332693
3.293811
3.32733
3.2911549
3.2739196
3.2428792
3.256105
3.322897
3.2624059
3.2656832
3.2620625
3.31065
3.3193994
3.3460379
3.272812
3.3218954
3.2778957
3.3063421
3.2992573
3.3218267
3.281128
3.3169458
3.341673
3.2792087
3.2622123
3.3052971
3.2497637
3.2696981
3.3117452
3.3269358
3.2939212
3.2761698
3.2703109
3.2689986
3.269359
3.245858
3.3105807
3.2872694
3.2621155
3.2747746
3.264517
3.3459115
3.2443151
3.3051212
3.2695298
3.2144127
3.311764
3.3590617
3.2639766
3.2775023
3.270044
3.266953
3.250907
3.2248747
3.2922142
3.2374678
3.2640953
3.2683892
3.2485085
3.3020573
3.2618926
3.304496
3.278243
3.2774508
3.293092
3.2798665
3.2690053
3.268362
3.293751
3.2626548
3.2829883
3.252112
3.301704
3.275968
3.2864869
3.2974222
3.2711906
3.258228
3.3248885
3.3100398
3.259504
3.3324199
3.264327
4.5334306
4.5869074
4.5616713
4.655793
4.629679
4.5128675
4.593635
4.5376544
4.5637884
4.63074
4.5799475
4.5569873
4.5151157
4.6416035
4.5246086
4.5619392
4.578677
4.5645165
4.591569
4.603351
4.6098413
4.5746813
4.550946
4.5480742
4.425945
4.5281053
4.4610586
4.403117
4.625247
4.591302
4.758543
4.6985908
4.6767106
4.5930047
4.5867753
4.5961175
4.639288
4.5953817
4.6278305
4.675814
4.649591
4.6057034
4.6042795
4.5962214
4.654998
4.637222
4.6373696
4.4737396
4.3249717
3.4230018
3.3920932
3.2730086
3.1869183
3.363065
3.3692813
3.4512744
3.4028578
3.4396775
3.3901246
3.2593207
3.2753837
3.3476255
3.239366
3.146503
3.2072465
3.1758652
3.2165885
3.2016978
3.2082777
3.307
3.312197
3.5720346
3.2946079
3.32584
3.188152
3.149328
3.3680058
3.6802566
3.6009486
3.6284304
3.7030928
3.6379013
3.6064246
3.2678103
3.305252
3.5680704
3.1410584
3.2441611
3.200522
3.2510288
3.3160715
3.28586
3.450941
3.2703164
3.6272721
3.7039332
3.2393942
3.5321274
3.7364948
3.5859282
3.5154455
3.4520054
3.4056017
3.1753187
3.1395764
3.192048
3.1378074
3.1672492
3.201597
3.1802468
3.1925373
3.2192202
3.240979
3.2316833
3.2323163
3.1885653
3.1809597
3.211421
3.1917267
3.1355765
3.1702456
3.1501603
3.1666303
3.5105538
3.1631794
3.2208066
3.3266733
3.289083
3.4779863
3.3218124
3.4936075
3.4988415
4.144596
4.203802
4.1803823
4.1717296
4.222226
4.216976
4.2306776
4.2701144
4.2256637
4.1815777
4.185029
4.2301683
3.1482518
3.2078006
3.2201533
3.1946821
3.2366014
4.148464
4.2868266
4.1357775
4.014608
3.1515965
3.2401996
3.2157986
3.224307
3.2326221
3.1720028
3.1629636
3.180884
3.2001853
3.327818
3.3865707
3.6515296
3.5031192
3.6004095
3.5326324
3.6099715
3.770005
3.9465485
4.024881
4.0969677
4.046859
4.2099624
4.296526
4.391366
4.606048
4.5654097
4.588583
4.610583
4.555087
4.6319885
4.6016626
4.6322107
4.701782
4.7425094
4.803334
4.6939535
4.708976
4.7100964
4.7778916
4.693903
4.6327863
4.711718
4.7073555
4.6617684
4.654672
4.705028
4.632982
4.7212343
4.662698
4.7382374
4.629678
4.610376
4.56712
4.6078215
4.555448
4.6512337
4.6442795
4.6365223
4.569717
4.603505
4.584914
4.6329455
4.533153
4.5881658
4.56737
4.614323
4.537351
4.56516
4.556291
4.555595
4.551632
4.5678816
4.4651275
4.531331
4.4134088
4.4673157
4.3518977
4.225198
4.121867
4.1565685
3.9606504
3.9431553
3.7326453
3.7638726
3.6106062
3.8513255
4.1100025
4.3352337
4.3046017
4.270979
4.4767375
4.662096
4.611458
4.6782436
4.8896637
4.965766
4.8472733
4.472678
4.5787477
4.6127706
4.5389643
4.5970063
4.6302433
4.7793307
4.343668
4.125693
4.14785
4.0630207
4.0118465
4.0184774
4.068183
4.151524
4.2827597
4.315134
4.526131
4.6243935
4.6959195
4.6540017
4.692172
4.6201315
4.666101
4.7046437
4.6986084
4.6301713
4.657565
4.6650558
4.6463623
4.739184
4.722659
4.734905
4.742264
4.7136793
4.6733437
4.70393
4.70076
4.7122626
4.756586
4.7545276
4.7209597
4.6969233
4.654714
4.6423807
4.663288
4.639608
4.6474915
4.6362457
4.627602
4.6304936
4.6788416
4.6252975
4.7902822
4.6948404
4.651793
4.6754036
4.6913543
4.6631093
4.567419
4.4779606
4.470687
4.489647
4.6075144
4.5940475
4.6629767
4.554389
4.568039
4.4463124
4.500842
4.3984327
4.441439
4.3831863
4.4329395
4.4143825
4.4094715
4.2640452
4.1294956
4.089691
3.9222243
3.8102474
3.874217
4.037381
4.233409
4.2046614
4.1263585
4.1551156
4.074541
4.132818
4.2153053
4.1856565
4.2887845
4.225617
4.1618905
4.1316137
4.0069294
3.7587848
3.7092404
3.8105097
4.149885
4.2569246
4.0396075
3.8728037
3.8325832
4.0181274
4.0259595
3.7108717
3.5874496
3.8282313
3.7389534
3.8708649
3.4012358
3.014434
2.9927921
3.0596068
3.2510188
3.3420556
3.3094769
3.3221874
3.3398597
3.3739953
3.3254614
3.3606946
3.3271937
3.31587
3.340107
3.3489945
3.316781
3.3553762
3.3009367
3.3182466
3.2638388
3.3608375
3.283649
3.3537216
3.3725257
3.27267
3.3365355
3.3465383
3.3339489
3.2688863
3.3412967
3.315403
3.3524084
3.3595867
3.328967
3.3310184
3.3977313
3.310082
2.2963302
3.3295794
3.2789934
3.3847218
3.0023363
3.2561767
3.2937021
3.6237473
3.4756231
3.5436625
3.5090225
3.9538279
3.927547
4.0255346
4.139405
4.3672314
4.0905995
4.164482
4.0141287
4.097825
4.060167
4.2956343
4.2193365
4.0283012
3.7844794
3.7790463
3.7449017
3.5562391
3.5017962
3.7026424
3.6941504
3.7227163
4.1227474
4.332348
4.0846353
3.9470959
3.6340914
3.4262
3.5718803
3.382567
3.4661393
3.3255782
3.474412
3.3622437
3.0864377
3.3956385
3.5457442
3.541243
3.7925835
3.426119
3.5424528
3.5349612
3.8380876
3.9012754
4.016817
4.0573635
3.946001
3.8313894
3.5698159
3.6194775
3.5829961
3.093962
2.9134226
2.9337401
2.8454165
2.8435984
2.905311
3.0541322
2.9860396
2.7927437
2.5446084
2.4596221
2.421751
2.325409
2.7016869
2.4859629
2.3533826
2.2563505
2.3586516
2.5078604
2.81107
2.806654
2.7429278
2.8133633
2.9814749
2.9850793
3.1592426
3.3368073
3.1870522
2.976839
2.9012318
2.927339
2.9035866
2.9342074
3.126537
3.2914793
3.3115504
3.4328675
3.5243409
3.5069523
3.3455641
3.2460744
3.150658
2.8657172
2.8477774
2.8030427
2.8725376
3.1600673
3.5055065
3.5880706
3.7671392
3.7037015
3.4694648
3.4637794
3.2095282
2.9637158
2.7859256
2.6339293
3.0221834
3.0947716
3.3914878
3.547595
3.5794263
3.6078138
3.6300411
3.407466
3.3985734
3.0932834
3.1358457
2.7085438
2.759501
2.6839683
2.9279623
3.3065012
3.535381
3.491392
3.8297439
3.955666
3.7797363
3.4405982
2.82453
2.7183294
2.3585265
2.635367
2.3100972
2.5600526
2.6775858
3.0956085
3.2561107
3.2496417
3.353176
3.4439077
3.2755103
2.9169707
2.3628402
2.4918182
2.443781
2.5620399
2.3924522
2.5764813
2.7978933
2.9887805
2.958691
3.1501403
3.2878957
3.2207131
3.1138263
2.7551968
2.9848025
3.0886393
3.1435037
3.3865674
3.1701622
2.9932098
3.1226091
3.2121305
3.3404868
3.1207376
3.399837
3.3019989
3.0561972
2.7958646
2.857621
2.8246646
2.959573
2.9604716
3.1345701
3.4892924
3.574582
3.678271
3.7031703
3.7163422
3.6303082
3.4443026
3.055475
3.179404
3.0783963
3.1447124
3.2245274
3.276311
3.078683
3.437155
3.5320158
3.5612788
3.7077553
3.734703
3.462694
3.230796
3.0869927
3.0972333
2.9866064
3.1830037
3.2650733
3.2989478
3.20287
3.417297
3.6127105
3.6397634
3.2343552
3.8251734
3.4003062
3.136811
3.0843024
2.9526076
3.1016505
3.0913506
3.3044367
3.2177122
3.2407153
3.460297
3.4831953
3.2118192
3.2042577
2.9218378
2.7004614
2.974921
2.7595856
2.9137447
3.0533218
3.1897361
3.006271
3.1699915
3.3781579
3.3483074
2.9043117
3.1187394
3.0665896
2.6455982
2.4865508
2.5774822
2.586371
2.591181
2.678361
2.8866496
3.096909
3.0627255
3.166042
3.1932397
3.1469634
2.7524972
2.7595649
2.7316318
2.5493877
2.7131767
2.897313
2.7093186
2.9566061
2.8383088
3.2278833
3.2621884
3.2002957
3.1721342
3.2260587
2.878653
2.609619
2.7768004
2.7499433
2.811936
2.778378
2.9082432
2.8841386
3.1682963
3.3076072
3.4252262
3.091269
2.8517394
2.6169074
2.649582
2.7808917
3.1462193
3.0593176
3.3629298
2.9819753
2.8049161
2.9569807
3.138438
3.3912458
3.155572
2.8208854
2.634989
2.8367658
2.8823328
2.8024886
2.7426145
2.8934772
3.0496454
2.9939444
3.1295352
3.3684523
3.4235709
3.0886934
2.9473004
2.8358064
2.6095471
2.405499
2.638409
2.5819314
2.5098271
2.6149836
2.5364416
2.7049427
2.8371322
2.9058814
3.4532773
3.1793437
2.7403355
3.4388356
3.364324
2.703878
3.4255328
3.47285
3.5843403
3.4794655
3.5583508
3.588478
3.4518397
3.5217352
3.6305254
3.4965985
3.556227
3.508567
3.5270963
3.4851763
3.4955535
3.4549432
3.4870324
3.462309
3.4455023
3.4032383
3.46157
3.0395887
3.526762
3.386074
3.476787
3.3994017
3.5188065
3.4550703
3.5500245
3.326693
3.3059313
3.3161666
3.2327647
3.316774
3.184852
2.9264038
3.2279673
3.2367177
3.213195
3.3877897
3.4803593
3.4550276
3.3753395
3.484103
3.4487534
3.4544811
3.41651
3.6317863
3.6746423
3.4902408
3.5116482
3.3790798
3.4308097
3.4425144
3.4815428
3.393126
3.4692857
3.3494046
3.4554987
3.4609165
3.488204
3.3861399
3.4195545
3.3911245
3.5219865
3.4237876
3.469113
3.1684146
3.3459673
3.392813
3.4227006
3.1370394
3.1541238
3.1932964
3.1668034
3.1180868
3.2104154
3.2630157
3.3162425
3.2173495
3.1692343
3.1157475
3.1365945
2.9237332
3.0449877
2.7984378
2.747304
2.7009141
2.7173722
3.0761108
2.887677
2.7228758
3.0345538
2.955905
3.0015535
3.0034945
3.134084
3.1179082
3.1357026
3.1444933
3.1414802
3.2062547
3.1994514
3.2054687
3.1872027
3.168668
3.0903137
3.2175498
3.1819673
3.1863694
3.1968124
3.2029397
3.1863513
3.184779
3.2575092
3.1924703
3.1432571
3.2561612
3.2317626
3.2661083
3.22791
3.2713974
3.1749249
3.2559497
3.2060547
3.169357
3.179078
3.082603
3.0594373
3.0658877
2.1494157
3.045367
3.146554
3.1407592
3.1837893
3.17438
2.2518368
3.161002
3.1283793
3.1041384
3.0524552
3.3830411
2.995753
2.986
3.486046
3.2658403
3.4164073
3.3894231
3.4165702
3.3360507
3.4586058
3.5117013
3.3876429
3.4435678
3.4434974
3.4068701
3.3966403
3.4343314
3.4305348
3.3647428
3.3272696
3.4538054
3.4470124
3.4025218
3.5094438
3.3761644
3.491259
3.4804263
3.4584286
3.5554204
3.5035806
3.364648
3.3322084
3.1967206
3.1525729
3.218226
3.4806564
3.6461992
3.5822766
3.5850685
3.6177506
3.4093862
3.2063675
3.4827244
3.4324996
3.5204296
3.4652553
3.4404173
3.5218685
3.4804034
3.5196033
3.4078603
3.5073133
3.436399
3.5122926
3.4270954
3.5070224
3.4254587
3.5604951
3.494092
3.3868442
3.4846036
3.5103784
3.5484872
3.3763955
3.4322217
3.409511
3.432131
3.4489596
3.4573965
3.5165625
3.4388525
3.3086905
3.3098211
3.2161708
2.997245
2.8136764
2.3547049
2.6303792
3.1671472
3.590679
3.8899746
3.8667073
3.7112188
3.7037122
3.509032
3.464715
3.2048364
3.1713502
3.3255801
3.441537
3.4484706
3.4459276
3.5834975
3.5897021
3.6172915
2.6671736
3.445615
3.194495
3.5589595
3.4216359
3.1142685
3.5453107
3.2175915
2.609576
2.6360483
2.5746846
2.5203493
2.6008835
2.6533437
2.5937257
2.5875864
2.658644
2.5732794
2.6149025
2.5481994
2.5991602
2.6178827
2.5874698
2.5716147
2.5335283
2.6416278
2.5684762
2.6456091
2.5678504
2.7764177
2.7652085
2.968832
2.7472239
2.3790865
2.5934038
2.6356297
2.6984735
2.679595
2.6958718
2.6901927
2.5869293
2.534905
2.641296
2.6698651
2.720491
2.6618938
2.602183
2.6840932
2.7142382
2.7124848
2.6412768
2.6947188
2.7224286
2.5823112
2.733321
2.6589203
2.6510124
2.584835
2.6525981
2.6710958
2.5640032
2.6046586
2.5843055
2.5814276
2.5684013
2.719019
2.6332297
2.637363
2.7127068
2.6930387
2.7098513
2.6468291
2.57869
2.7111697
2.5917182
2.7157173
2.6328464
2.7021308
2.7163591
2.7645946
2.6421225
2.631441
2.606814
2.7509086
2.7000206
2.7384872
2.7077057
2.723038
2.643537
2.5682096
2.6922297
2.632952
2.6296945
2.6333926
2.599472
2.6599975
2.7272053
2.7403498
2.7121925
2.7032642
2.6074216
2.5592613
2.7118683
2.654277
2.6749485
2.6003551
2.5664964
2.5531814
2.4233706
2.6748328
2.511336
2.556784
2.655087
2.4601617
2.5768576
2.5590315
2.226618
2.5420175
2.2074318
2.5149462
2.1256456
2.3785744
2.5252848
2.6825233
2.6631703
2.6148672
2.5347939
2.342435
2.5957005
2.5711718
2.4224136
2.5682425
2.1379204
2.1603978
2.575237
2.3188565
2.6100893
2.2455173
2.660101
2.0772333
2.5159962
2.6159425
2.4939303
2.5278745
2.55261
2.6226325
2.6212785
2.5166042
2.50474
2.4509778
2.549743
2.4567003
2.523285
2.5389223
2.5196075
2.5445335
2.4982812
2.6050582
2.4901714
2.5440269
2.3359644
2.4426486
2.6650639
2.6955085
2.2684689
2.680059
2.6148407
2.5604968
2.1180341
2.600167
2.619909
2.2318645
2.5191014
2.6338174
2.123144
2.4203162
2.421935
2.492239
2.4750767
2.56242
2.3918116
2.592414
2.526332
2.582801
2.655398
2.670456
2.730636
2.7162325
2.7106183
2.6379428
2.6723251
2.6138048
2.3721776
2.6602921
2.5878303
2.4705305
2.651546
2.5640109
2.6693943
2.520546
2.6345315
2.52819
2.5511758
2.4663463
2.643571
2.4267259
2.6064124
2.5773394
2.5938406
2.742707
2.5915537
2.665913
2.620805
2.6681728
2.5534844
2.6485023
2.6665602
2.777464
2.7636771
2.7394638
2.6293123
2.7069492
2.6442075
2.639925
2.7459793
2.5727017
2.7667828
2.7867923
2.4662628
2.7831726
2.8355734
2.6987646
2.6325223
2.7708917
2.7312272
2.596105
2.855154
2.8398702
2.798643
2.7744083
2.838788
2.6992853
2.75281
2.713492
