10000
10.066734
9.965909
10.0120535
10.163801
10.099256
10.104449
10.057543
9.998454
10.073855
10.139975
9.909759
10.013029
10.105206
10.019703
10.097849
10.020393
9.975866
9.920917
9.969493
9.865583
9.903801
10.055765
10.035625
9.885134
9.975448
10.015746
9.972655
10.009891
10.133249
10.196057
10.008636
9.85366
9.84826
9.9982815
10.036968
10.122772
10.036302
9.99176
9.763362
9.6761675
9.456594
9.150436
8.832907
8.714449
8.236707
7.439171
6.6511974
5.921629
5.4976053
4.3911777
4.269338
4.6818886
4.456041
4.611356
4.5787487
4.7395406
4.617534
4.7387314
4.491456
4.574662
4.7108254
4.8284283
4.5812354
4.551434
4.492051
4.5630445
4.4291396
4.5957117
4.479074
4.624836
4.593562
4.629623
4.7324266
4.712372
4.8668494
4.3270254
4.2647924
4.737924
4.4124584
3.8931105
3.8274145
3.743734
3.7178211
4.010331
4.003285
4.1210403
4.0335746
4.09146
4.017982
4.1641593
4.3520164
3.6452253
4.1139116
4.1218185
4.9524426
4.634904
5.4904637
5.749654
5.587094
4.9630246
4.336893
4.208873
4.720149
4.766017
4.665886
4.8335543
4.7083926
4.8131433
4.6061935
4.571316
4.7882233
4.649606
4.695649
4.704094
4.577635
4.5781474
4.326289
4.329038
4.297399
4.4017797
4.4346848
4.3467474
4.325178
4.442997
4.3208737
4.731332
4.27053
4.4774523
4.1867166
5.121647
4.428591
4.0665607
4.6824503
4.676709
4.0875945
4.1681843
4.121701
5.300788
4.856968
4.8723392
5.3067245
4.7694483
3.975898
4.585807
4.3163447
5.3590317
5.0097427
4.3079906
4.819183
5.998657
6.609504
6.4830446
6.0596027
4.874882
4.073946
4.8748164
5.8137846
7.3855696
6.7005396
5.1866755
4.8311133
4.6689687
4.9972353
5.5871277
6.646402
6.070823
4.917205
4.013055
4.8231745
4.07571
4.32621
4.747094
4.5176196
4.076292
3.7914872
5.39472
6.249917
5.1200304
5.107828
4.943512
4.719214
4.6870513
4.7027273
4.7023153
5.188326
4.915223
4.0726185
4.016501
5.182461
5.2926335
5.294401
5.3361435
5.2066736
5.241591
5.2400355
5.257337
5.2003107
5.0127697
5.340318
5.0352488
5.3874707
4.8931794
4.6509333
5.859786
5.9362936
5.962551
5.685588
5.834517
5.548544
5.638355
5.5898247
5.586219
5.6417704
5.503912
5.1280847
4.757166
4.219054
4.457755
4.519368
4.777952
4.5862546
4.6576695
4.7385283
4.2042284
4.013567
4.085388
3.9733527
3.6900473
3.7169847
4.0828953
4.230633
4.2374763
4.3966475
4.6672864
4.1800394
4.2288837
4.130936
4.754787
4.5998435
4.439351
4.321663
4.182157
3.9747434
3.9120493
3.9742367
3.8036919
4.377345
5.2317758
5.0387235
4.1556735
4.934024
4.8985705
4.9269032
5.3084874
4.3616624
4.352269
4.18658
4.1833487
4.098588
4.179602
4.0345273
3.98312
3.9710453
4.031849
3.9117336
3.9088953
4.453576
4.8195286
4.9606996
4.477015
3.8159757
4.0860896
4.2227488
4.585595
4.463396
4.200801
4.234082
4.7275195
4.834309
4.9791307
4.9659824
5.0509787
5.058204
5.114166
5.2185054
5.2934856
5.3198395
5.357365
5.3508415
5.345625
5.477525
5.6201224
5.6827354
5.8023787
5.968592
6.211343
6.3624797
5.601507
4.91572
3.905934
3.4001944
3.339809
3.565233
4.0398874
4.1691484
4.415554
4.1329627
3.9430282
4.436318
4.0955677
3.9307542
3.8915458
3.9035928
3.8515148
3.9223573
3.6537743
4.5533476
4.4652305
3.7537212
4.0289974
4.475761
3.855346
3.9987445
3.777368
3.2345228
3.1112382
3.6569977
3.6762466
4.3984203
4.493492
3.8575153
3.793347
3.4503434
4.8133936
4.763072
4.2950616
4.7760906
5.0046663
5.0455756
5.271051
5.4458575
5.442222
4.8546743
4.6703534
4.661089
4.7798767
4.8355265
4.504804
4.2867026
4.2824636
4.898654
4.9754777
4.942362
4.9761295
5.239331
5.534621
5.6215777
5.313985
5.2345533
5.486693
5.5937014
5.567361
5.491981
5.161182
5.0834026
5.147548
4.758761
4.528446
4.3892503
4.9116693
4.954137
4.542266
5.4320164
6.4393625
6.5229955
6.178855
5.385017
5.121143
5.5877523
5.9637923
5.7867613
5.7485256
5.4637957
5.5493326
5.6866584
5.94789
5.525289
5.501201
5.9809914
5.9842615
6.3018336
6.1968093
6.3836174
6.6305456
6.8071837
6.8443785
6.991145
6.663353
6.0295424
5.472595
5.1714234
5.129754
5.2883005
5.9316907
6.346249
6.627983
6.520688
6.4459
6.5317106
6.538321
6.6635475
6.0055947
4.0057144
4.1228027
3.7299228
3.9254048
3.7514906
4.0505333
3.8532443
3.835073
3.8418994
4.1266627
4.125023
4.0486345
3.8127587
3.8760493
3.672231
3.748272
3.7272162
3.797634
3.6178956
3.495665
3.546206
3.5133028
3.0525548
3.571196
4.075987
4.4549255
3.6986117
4.0318594
3.8759847
3.9630356
3.6015854
3.8143334
3.303351
3.4761777
4.559881
4.6743107
4.168845
2.6459982
4.1731763
3.8872833
4.4598093
4.2037754
4.3067083
5.0436745
4.735347
4.9619246
5.124836
5.3404603
5.22338
5.0319514
5.1160564
5.2498384
4.9799933
4.527032
3.6528459
4.5311856
4.529358
4.674285
4.666162
4.728425
4.733913
4.8672376
4.777438
4.8173585
4.7282314
4.8717713
4.69727
4.6366916
4.6272984
4.583542
4.727521
4.851572
4.6941867
4.5825424
4.6654387
4.6227036
4.5421095
4.5168166
4.3650475
4.8900194
5.2968216
5.684184
5.5713105
5.938099
5.776886
5.682873
5.670943
5.6862016
5.5447297
5.379324
5.684129
5.349033
5.160328
5.1190257
4.3194895
4.634926
4.3946247
4.406685
4.1826253
4.1719027
4.016193
4.829847
3.6406326
2.8966763
4.2585998
2.6648197
4.610284
4.6687765
2.5759478
2.1834762
4.0667305
5.0417185
4.3790092
4.4668345
4.3454843
5.14171
5.5596304
4.1154
4.508183
5.129362
4.834545
4.465579
5.297182
6.3617353
5.3382874
4.559581
4.363544
4.6554203
4.8400908
4.746146
4.478999
4.59867
4.593185
4.780978
5.021061
4.7030964
4.1314955
4.3672686
4.4023247
4.08493
3.7986295
3.646028
3.9406943
4.1202307
3.7397978
3.7034028
4.9196267
4.213613
4.3457856
5.6169567
5.042311
4.212103
4.4499454
4.2332163
4.5784826
3.8706496
4.115815
4.357064
4.301015
3.9017372
3.6081018
5.088399
5.034818
5.114769
4.8926544
4.808714
5.188699
5.3166056
5.4560375
5.3933444
5.580754
5.832964
5.5830007
6.0074162
5.6085863
5.347207
5.3315306
4.9907675
4.596184
4.7344384
4.902306
5.2982635
5.1211557
4.8649664
4.8764462
4.8083487
4.79918
5.0921955
5.1169806
5.236066
5.5376363
5.7650175
5.8068094
5.98604
5.470781
5.3004136
5.0403547
5.2652097
5.2854767
5.0341253
4.689778
4.536515
4.643757
4.2352567
4.6127615
4.802433
5.423945
4.944732
4.6355042
4.8758826
5.179194
5.3015056
4.769046
4.5537257
4.632894
5.177915
6.254146
6.4291706
6.1309586
5.99284
5.471234
5.3839774
5.3922896
5.6387386
5.591145
5.2508283
5.4227414
5.5542727
5.676362
5.742072
5.738905
5.71999
5.7069426
5.5753665
5.698976
5.7910223
5.970514
5.7880254
5.804643
6.04148
5.9936404
5.872939
5.9810877
5.9857254
5.8555784
5.8390326
5.7087746
5.575796
5.2280455
5.4757233
4.6432457
4.626507
5.680662
6.205367
5.318107
5.634369
5.9822965
6.043334
5.3698406
6.025921
6.109297
5.996557
5.805666
4.9839764
4.369145
4.4517665
4.412859
4.496118
4.421453
4.4891567
4.42896
4.3919125
4.420225
4.279034
4.297221
4.3201504
4.36432
4.2870116
4.3074675
4.4402056
4.358799
4.4636617
4.2900133
4.1659265
4.0559506
4.0468526
4.838786
4.779307
4.975904
4.969091
4.8871083
4.9883604
4.907933
4.902883
4.8265405
4.9665866
5.074588
5.0592003
5.2585096
5.1017303
5.272412
5.1807737
5.166225
5.161593
5.0762663
5.0882897
5.0503964
5.038004
5.040684
5.0171847
5.152318
5.058207
5.109712
5.1067743
5.1154785
5.0583982
5.141051
5.272546
4.1244917
4.195989
4.207858
4.0940256
4.111502
4.075672
4.1445875
4.1649413
4.196589
4.1800127
4.2535
4.26306
4.248354
4.26917
4.3394837
4.177788
5.1349273
4.6632786
4.1449633
4.189767
3.7373683
3.7897735
3.6139832
3.952243
4.3295975
5.7696843
5.87512
3.2037373
5.2201743
5.7475214
5.7525587
5.614765
5.9200425
6.041025
6.098521
6.2033505
6.2647195
6.4965568
6.584924
6.696209
6.713498
6.683735
6.7308383
6.5165215
6.5806017
6.5495567
6.65431
6.5200253
6.536746
6.4634886
6.4998484
6.4468913
6.3773766
6.3207765
6.3535085
6.2946157
6.3003745
6.177161
6.193799
6.156356
6.0648317
6.0716696
6.066416
5.9570885
5.7210965
5.7042003
5.581923
5.728889
5.785365
5.6944733
5.8479886
5.8559027
5.7472343
5.872034
5.665758
5.7106695
5.728639
5.7234154
5.7869825
5.7210464
5.8027825
5.75868
5.7738967
5.731153
5.8209395
5.9565177
5.9513917
5.928754
5.776001
5.7033453
5.6758523
5.714318
5.681366
5.7815075
5.9175167
5.8196836
5.7924695
5.8807163
5.7762227
5.7349386
5.69662
5.693635
5.782303
5.6803317
5.5077934
5.509929
5.4975476
5.5869193
5.6788416
5.6363482
5.7486863
5.568284
5.639967
5.699721
5.698159
5.73873
5.6863837
5.617271
5.694944
5.5075216
5.2209873
5.4158263
5.55285
5.27869
4.882032
5.0051775
5.208514
5.1071124
4.9713984
5.0174675
5.540279
5.6168423
5.5432534
5.676169
5.7280498
5.6979127
5.701228
5.8618164
5.7321315
5.636861
5.569673
5.716072
5.826972
5.7642164
5.774188
5.8286424
5.9358044
5.9875193
5.8662086
6.0319195
6.024672
5.879014
5.8242407
5.3994484
4.3310976
4.8794093
4.861677
4.774099
5.0476117
4.9312572
4.958843
4.9519706
4.8380713
4.906789
4.8812823
4.7205815
4.723225
4.8256416
4.8897386
4.836968
4.89567
4.883182
4.847038
4.839229
4.868137
4.748327
4.889764
4.7642884
4.862969
4.7961183
4.7332745
4.8864684
4.8648133
4.819287
4.79461
4.65076
4.8487873
4.852113
4.605532
4.5625024
4.3991137
4.822951
4.6213684
4.8367934
4.6079903
4.397138
4.891474
4.872771
4.8745213
4.644416
4.9160213
5.0226045
5.1213675
5.112316
4.7325525
4.7594705
4.7423162
4.6981583
4.6813936
4.6528535
4.5969877
4.4194927
4.2878246
4.209823
4.2673793
4.2536974
4.609647
4.329002
4.4405584
4.269143
4.102413
4.19487
4.090495
3.8637266
3.8487582
3.9344788
4.1440887
4.3896384
4.2133155
4.5525107
4.325768
4.4828053
4.6881046
4.4560103
4.5397477
4.6881294
4.3357124
4.42871
4.569276
4.6765223
4.508172
4.483816
4.315241
4.406822
4.3113303
4.189788
4.190793
4.1390185
3.5685306
3.71706
3.9459953
3.6449428
3.982615
3.6300168
3.540621
3.5947247
3.5280757
3.574153
3.7167084
3.6169677
3.7842445
4.0278964
4.066223
4.0596724
4.133723
3.8641582
3.8537338
3.9591177
4.2464848
4.140441
4.3215327
4.179722
4.326824
4.119137
4.45823
4.0809937
4.1702194
4.0336614
4.1320953
4.092762
3.8884351
3.806995
4.0363927
4.424219
4.416198
4.3775153
4.2471175
4.445557
4.4415035
4.487627
4.2371473
4.153099
4.1239924
3.6604283
3.8149195
3.5188415
3.4964533
3.6243808
3.7169576
3.9858801
3.9308097
3.9059727
3.9774926
4.232756
4.258763
3.9861426
3.8974288
3.920464
3.964447
3.8665273
3.8445377
4.0141206
4.1371503
3.9501646
4.073915
3.9627545
3.6747842
3.619533
3.6524742
3.5341704
3.658359
3.7479694
3.881929
3.8062234
3.8092058
3.8952181
3.7537315
3.7178643
3.596235
3.656021
3.467192
3.476553
3.4279165
3.5503645
3.683041
3.412575
3.6136289
3.4272585
3.6301787
3.5023665
3.507897
3.5749042
3.762372
3.626724
3.6122527
3.7841356
3.6614904
3.5429041
3.427969
3.7400048
3.7878315
3.788815
4.050125
4.088875
3.919084
3.6268678
3.5750473
3.6656992
3.5615165
3.4246945
3.3048813
3.2233803
3.1404982
3.3542047
3.4600713
3.581127
3.6193264
3.73902
3.6806028
3.82946
3.990787
4.045228
4.144387
4.336347
4.2874303
4.238014
4.274242
4.3082294
4.174454
4.3611336
4.040608
4.3066864
4.049714
4.1030173
4.0733666
4.008626
4.045857
4.0161533
3.9951763
4.0005155
4.081829
4.100875
4.053168
3.804041
4.0657654
3.6192298
3.52876
3.9397902
3.9188228
4.280751
4.188597
3.9333353
3.8821554
3.8744426
4.2231245
4.3913674
4.274895
4.407862
4.2011094
4.2920003
4.116818
4.116787
4.2129517
4.2314353
4.0591307
3.5820088
3.5107284
3.4141724
3.4862273
3.877964
3.8678043
3.9197812
4.046921
3.683191
3.8456779
3.570115
3.7556531
4.00406
4.0209966
4.0725346
4.1083837
4.209926
4.117998
3.9610147
3.733388
3.3261592
3.6589735
3.925774
3.7361588
3.7406592
3.867136
4.1627984
4.533948
4.4463563
4.087462
3.8990607
3.7863436
4.0087442
4.0565376
4.014705
4.0742116
4.0300016
4.15724
4.253897
4.960723
4.582067
4.687736
4.091719
3.9030411
4.311615
4.910991
4.8088994
4.6928134
4.92537
5.1634035
4.943541
4.649645
4.3925505
4.6014557
4.595825
4.0154414
4.6709414
4.9544535
4.25396
4.6931715
4.38565
4.1016674
3.9910903
2.9398522
3.028528
2.9212337
2.9938965
3.0195868
4.2939496
4.5044565
4.579665
4.098737
2.89338
2.8768656
2.9294379
2.595305
2.7486346
3.1952896
3.4419868
3.4093037
2.9124274
3.1460674
3.2585661
3.254421
3.242867
3.2397199
3.2849774
3.1811118
3.1686258
3.1515856
3.189456
2.954521
3.0819542
3.0577207
3.0993185
3.130856
2.9765568
2.8210235
2.8269193
3.2391293
3.82654
4.3070693
3.8958511
4.087767
4.2514052
4.238323
4.872717
5.1183343
5.0430784
4.756756
4.693445
4.866762
4.6214275
4.8199396
5.0441976
4.792657
4.387424
4.714032
4.621557
4.765472
4.7469964
4.5470753
4.818377
5.8268886
5.0400553
4.170804
4.077146
4.0769463
4.05247
4.0296235
4.130267
3.540275
3.652863
4.4624085
3.4913812
3.8201373
4.0925164
4.1532974
4.0579762
3.9530582
4.0221076
4.0718856
4.2535195
4.4877305
4.420572
4.5217648
4.5456796
4.530856
4.7041316
4.722066
4.684352
4.6374407
4.590974
4.952481
4.8013306
4.841551
4.8080873
4.892626
4.8848453
4.8483486
4.716587
4.6916347
4.6309004
4.597022
4.52426
4.3814106
4.0480485
3.3624825
3.3516781
3.4097307
3.9261277
4.391689
5.038426
4.9524827
4.786619
4.63826
4.616659
4.7111263
4.8949537
4.938188
5.016161
5.02045
4.9343023
5.028255
5.0409594
5.039175
5.071471
4.964873
4.9290004
4.5818343
4.1694837
4.115704
4.5180106
5.1613846
5.34524
5.4219184
6.099795
6.4811935
6.228947
6.5637608
6.7091765
6.2915773
6.0875278
6.355434
6.2037783
5.9384203
6.125523
6.368987
6.3308444
5.6175337
5.444358
5.095181
4.6995935
4.082178
4.0637546
4.3277693
4.2232876
4.036087
4.095327
4.0989904
4.0815005
4.0226064
4.0496454
4.0389214
3.8596401
3.7247024
3.7319117
3.5339644
3.3955674
3.2233672
3.1363797
3.149194
3.0538266
2.9244905
2.8401065
2.7302413
2.359231
2.315009
2.2653513
2.3790631
2.2442224
2.2811866
2.390847
2.2150733
2.1721768
2.1151543
2.4194925
2.2581298
2.6070836
2.512915
2.607092
2.6773045
2.3957705
2.4509444
2.5389745
3.2779477
3.890448
4.19716
4.124317
4.133254
4.103452
4.232629
4.5753274
3.722877
3.7760158
3.8222313
3.8473434
3.996717
3.9693694
3.9207664
4.0472455
4.1094217
4.1120853
4.0753694
4.2411327
4.227957
4.3723807
4.410604
4.575881
4.0379047
3.7904165
3.513145
3.524416
4.033406
4.260726
4.0716357
3.9779387
3.6915755
3.5840974
3.6006382
3.7405155
3.7209094
3.5838652
3.4827962
3.016532
2.8653727
2.8362284
2.9474697
2.9274983
2.7645926
2.7262087
2.6457374
2.8365555
3.0718489
2.9843106
3.1096003
3.0387096
3.029571
3.198254
3.1677575
3.095159
2.9821024
2.9808662
2.9265919
3.1526923
3.7422478
3.6961162
3.6322663
3.425783
4.0392585
3.924235
3.9832993
3.9026287
3.7615242
4.154549
3.9186249
4.1021366
4.1018057
4.405077
4.282196
3.9163074
3.7697697
4.5309873
4.553934
4.1865997
3.463693
3.997897
4.345894
4.134553
4.456983
4.7938533
4.4041615
4.320651
4.629334
4.6328993
4.0789757
3.890051
3.7819705
3.4889338
3.7046008
3.7066371
3.6084127
3.6090322
4.0584865
3.9437757
4.254198
3.972571
4.496012
4.35373
4.1133246
3.9686031
4.12524
3.9839044
4.2898273
4.1546836
4.5254536
4.170644
3.570724
3.8814201
4.186598
4.40611
4.0807004
4.146801
4.3707275
4.266008
4.24553
4.1125298
3.785971
3.5417082
3.4194193
3.5975723
3.933624
3.462237
3.6629298
3.8195798
3.834475
4.529334
4.460843
4.174408
4.1605144
4.4819565
4.1254354
4.0418606
4.0719275
3.7816482
3.932087
4.5293665
4.4340553
4.206631
3.9503856
4.06004
4.154365
4.1575823
4.210277
4.063665
4.274091
4.258195
4.296995
4.109939
4.363411
4.305323
4.3877015
4.5238676
4.451838
4.5386147
4.6297426
4.821813
5.0240693
5.298587
5.266226
4.6439133
4.294714
5.5718164
5.3453846
5.397306
5.589482
5.688651
5.5781026
5.6149926
5.5427804
5.5126886
5.6731954
5.449833
5.678396
5.540257
5.3876815
5.2981434
5.305094
5.350984
5.337878
5.496285
5.6151013
5.5774107
5.3397374
4.886391
4.3149433
4.8563347
4.920489
4.5523515
4.1911693
4.1565604
3.962933
3.873918
3.9373736
3.8798018
3.0976114
3.3987575
3.7499514
4.1625767
4.3625827
4.2831297
4.515832
4.2128487
4.2171936
3.9857812
3.8911688
3.8047445
3.9534717
3.945087
3.7467432
3.854279
4.1986856
4.4187856
4.1856
4.2426023
4.044076
4.0512605
4.227493
4.451913
4.8454933
4.799444
4.577757
4.7374754
4.233702
4.184427
4.811506
4.8653126
4.9623265
5.1080594
4.76959
4.862239
4.8289676
4.516929
4.242113
4.4365993
4.4270606
4.6732907
4.917759
5.0353174
4.55832
4.275992
4.3873744
4.3379035
2.792163
2.7731628
3.3364258
3.7854059
3.8301568
4.2763577
4.244286
4.5340147
4.807762
4.8117414
4.574326
4.637715
4.3854966
3.8276763
3.701064
3.7434874
3.5213838
3.7889526
3.8441617
4.2616706
4.589739
4.681718
4.3705587
4.1326447
4.005765
4.200326
4.129231
4.1589317
4.15775
4.157574
3.7802029
3.677811
3.615023
3.8251984
3.4493015
3.3782616
3.4198108
3.483799
3.3421314
3.245427
3.1977596
2.5291617
1.6581806
2.3774245
3.4972982
3.7995923
3.791583
3.7556872
3.7146244
3.5713959
3.5409098
3.5726845
3.59375
3.8623543
3.928825
3.8342793
3.8999026
3.8716714
3.7495253
3.8558273
3.772368
3.7690332
3.7851796
3.6541467
4.055332
4.1540785
4.4977875
4.3476357
4.204006
4.243574
3.8014832
3.4877498
3.1262288
2.8698697
2.8209262
2.6866632
2.7540522
2.525569
2.4012964
2.515937
2.4707637
2.7747588
2.4752624
2.8791714
2.9367707
2.8677626
2.7325754
2.8858087
3.131036
2.719973
2.8759122
2.8757927
2.9247882
2.8855095
2.9343877
3.1321983
3.0926013
3.3129785
3.2508204
3.219266
3.2553403
3.5520866
4.3070455
4.434033
4.5413094
4.540531
4.3424597
3.8752644
3.136366
3.4665892
3.673472
4.1912136
4.122602
3.3928444
3.640681
3.9037085
3.7871003
4.2811337
4.7604294
4.3833656
4.0721173
4.213944
4.6519413
4.649784
4.3046556
4.4785004
4.1209335
4.2034845
4.4916534
4.573837
4.587702
4.9051065
5.411974
5.822352
5.917069
5.858495
5.6322417
5.4945045
5.5133376
5.5863566
5.465866
4.9007473
4.0500646
3.6885457
3.9348335
4.4344277
4.709732
5.094578
5.401995
5.7585444
5.951174
6.152059
6.1887255
6.177873
6.202659
6.0804906
5.8200617
5.6997643
5.761692
5.404492
4.9822145
4.608801
4.982763
5.0193863
4.9651585
4.8601537
4.770142
4.7281513
4.674158
4.7782693
4.944141
5.1393
5.1558437
5.200614
5.159984
5.240721
5.398639
5.390235
5.5630894
5.599182
