10000
8.85126
8.706138
8.685974
8.777174
8.732111
8.608482
8.645031
8.587337
8.544406
8.1975975
8.051714
7.809586
7.9999
7.995864
7.7827563
8.088663
8.066326
7.6870894
7.300657
7.2119412
7.1041994
7.1560616
7.2407503
7.6460233
7.723382
7.9832506
8.171352
8.330762
8.183048
8.145469
8.275825
8.119679
8.048762
7.8294168
7.9825974
8.243692
8.281985
8.063126
8.148238
8.103991
8.233063
8.132231
7.995796
7.9716644
7.5825214
7.6546702
7.626673
7.937784
8.374252
8.347677
8.230075
8.08975
8.135331
8.385322
8.42629
8.499555
8.549275
8.367822
8.395479
8.193288
8.108819
8.296945
8.071785
8.084272
7.6676254
7.827496
7.6924906
7.8244934
7.7081127
7.983445
8.204023
8.138647
8.189348
8.274307
7.9281664
8.279173
8.571633
8.563201
8.426594
8.279222
8.297516
8.392166
8.189748
8.225506
8.026094
8.116212
8.218508
7.685296
7.739177
7.5474463
7.6876144
7.9617314
8.358669
8.2307415
8.510771
8.186514
7.7698603
8.358401
8.158453
7.737756
7.7662067
7.667755
7.6829185
7.097891
6.605916
6.1657295
6.3327527
5.9560347
5.398573
5.6465874
6.0810385
5.7124476
5.4962063
5.0343494
4.7007565
4.38604
4.539717
5.0628595
5.3711643
6.221114
6.419062
6.158318
5.735378
5.238883
5.4804196
5.6772795
5.412409
5.773628
5.6873903
5.5782385
5.5581036
5.1635847
4.60733
4.612856
4.1449404
4.8245406
4.797238
4.76233
4.7120504
4.9138236
4.768626
4.8948584
4.8973117
5.0136003
4.696394
4.621275
4.8614383
4.7887034
4.741767
4.57909
4.792689
4.629428
4.69203
4.6660852
4.8163285
4.7079563
4.851895
4.74921
4.654116
4.4926395
4.6936436
4.69077
4.809929
4.928321
4.5866704
4.652413
4.684148
4.669757
4.5773726
4.7081094
4.6369233
4.718542
4.6669345
4.5554957
4.621374
4.863108
4.498046
4.559267
4.5591016
4.7388315
4.778597
4.7694993
4.6441817
4.7231493
4.5895247
4.7085114
4.661954
4.7919364
4.7088623
4.6013823
4.6072226
4.5602016
4.7114077
4.5820436
4.802558
4.6107445
4.682234
4.6661615
4.5767784
4.561982
4.5122514
4.488214
4.5339403
4.404237
4.6103168
4.560426
4.34728
4.3111997
4.47377
4.4094296
4.386286
4.4985046
4.430712
4.4410067
4.4505997
4.306266
4.4430566
4.2036123
4.374796
4.3919296
4.2405043
4.2126656
4.3397584
4.285783
4.2648163
4.186337
4.2750793
4.255736
4.287871
4.275122
4.211713
4.3018713
4.3810763
4.2677813
4.4709816
4.2985387
4.2114654
4.2292376
4.2501297
4.202475
4.361021
4.2902503
4.2948866
4.210015
4.3387547
4.248555
4.1201067
4.2477355
4.2176504
4.1433444
4.1984973
4.0928483
4.26466
4.208975
4.1067214
4.157893
4.093392
5.4400377
5.991838
7.011646
7.216018
7.385729
7.303361
7.2056885
7.1223125
6.9439206
7.1596107
7.3997545
7.3202477
7.5861373
7.5748987
7.765608
7.707389
7.7729397
7.6746607
7.4672093
7.119371
7.109643
7.3087263
7.7267833
7.938901
7.8325343
7.859438
7.766483
7.9034004
7.9222274
7.9596505
7.822435
7.74179
7.5554285
7.634838
7.721429
7.5313835
7.562278
7.728914
7.6792755
7.7541666
7.8315425
7.8098736
7.603629
7.3937316
7.399122
7.4681907
7.648379
7.6066127
7.7415
7.7638345
7.968232
8.031212
7.909648
7.848774
7.612942
7.4823337
7.534985
7.806122
7.881646
7.7667084
7.8024807
7.618167
7.8328195
7.666246
7.6883125
7.72732
7.539405
7.5658436
7.8081427
7.8075933
7.739582
7.7652736
7.750331
7.696357
7.7999725
7.8393397
7.8355904
7.4024677
7.2208967
7.187261
7.144279
7.4431143
7.28458
7.402003
7.3649135
7.213693
7.3557515
7.451861
7.4468036
7.589132
7.4683027
7.4060583
7.4945683
7.6003857
7.3989987
7.7249966
7.529963
7.488055
7.4165115
7.432242
7.3668437
7.147148
7.156525
7.367454
7.6625533
7.492701
7.630992
7.6581154
7.503827
7.4174633
7.5650463
7.5031853
7.462528
7.336329
7.200845
7.4352045
7.521357
7.5464787
7.558739
7.5678864
7.6774035
7.586303
7.7352405
7.5267954
7.520778
7.3234587
7.456407
7.8625975
7.675292
7.6902294
7.5743136
7.530131
7.569141
7.62908
7.645548
7.507541
7.4477673
7.3883905
7.45699
7.721695
7.879451
7.7234054
7.5301414
7.5670166
7.643916
7.9148993
7.7907295
7.455726
7.0852222
7.327538
7.331007
7.382069
7.509452
7.510994
7.386559
7.604563
7.4341817
7.666299
7.35266
7.3532333
7.291017
7.412451
7.6736417
7.843729
7.8647375
7.686492
7.7773027
7.795126
7.6021504
7.437565
7.4497204
7.2484293
7.5172844
7.43903
7.493857
7.444456
7.484116
7.5686173
7.5537224
7.728153
7.7295995
7.4341083
7.5410976
7.1801944
7.4495335
7.812988
7.7791414
7.80019
7.6865125
7.908042
7.882386
7.824875
7.39596
7.2802925
7.2030597
7.2900276
7.5697517
7.5449395
7.3932467
7.5708447
7.5459814
7.550575
7.615731
7.6634746
7.4118323
7.322424
7.530783
7.280899
7.625004
7.801055
7.612919
7.8111267
7.671514
7.5819626
7.4805584
7.608039
7.427304
7.4359236
7.21583
7.5700264
7.632574
7.8394165
7.6305985
7.64914
7.5688133
7.4986515
7.406609
7.5185328
7.3393264
7.368527
7.338722
7.2461886
7.521815
7.5938296
7.3747087
7.3424377
7.600176
7.3635287
7.50569
7.1989365
7.194722
7.08572
6.973421
7.072065
7.4490714
7.5516267
7.356648
7.3351
7.464201
7.554701
7.471088
7.4691935
7.5523844
7.574695
7.4421597
7.6667376
7.9039264
7.690272
7.7612305
7.5011096
7.795889
7.737252
7.8465633
7.6969676
7.7478704
7.4337664
7.088982
7.280023
7.598262
7.27007
7.309991
7.3391004
7.1647625
7.2227182
7.1927214
7.2381787
6.959681
7.196967
7.1226063
7.100598
7.2095766
7.2329197
7.195239
7.1628733
7.1199574
7.1883264
7.194075
7.2466407
7.3772945
7.185091
6.9453993
7.3723946
7.4042635
7.407212
7.498544
7.4449487
7.240652
7.658969
7.575777
7.4362183
7.1860986
7.012841
7.203198
7.1838355
7.17339
7.098949
7.136423
7.3313875
7.239946
7.320539
7.18819
7.045265
6.953951
6.7127066
7.138442
7.245887
7.204931
7.3060575
7.420921
7.5219007
7.5986385
7.581994
7.508162
7.417712
7.2453756
7.417773
7.3860965
7.7613974
7.715174
7.7859945
7.4618897
7.3427916
7.3156204
7.2514505
7.074938
6.930275
6.657983
6.9748893
7.1850986
7.1795163
7.3870215
7.3869
7.3612423
7.4010034
7.4096723
7.458224
7.322071
7.457332
7.113438
7.350606
7.5358167
7.622312
7.685898
7.6404266
7.437305
7.4806414
7.6294723
7.685816
7.735527
7.459759
7.239588
7.2846465
7.6191335
7.6352572
7.511592
7.362283
7.383442
7.280428
7.4189515
7.508946
7.414874
7.100056
7.050162
7.2542586
7.4184103
7.7063813
7.8600354
7.6298327
7.6457253
7.3851414
7.542647
7.742803
7.5429864
7.1020193
7.0415597
7.226027
7.726056
7.519427
7.4421964
7.4557505
7.425883
7.58786
7.621196
7.552389
7.2182703
7.3102894
7.361136
7.7650337
7.794144
8.012576
7.854131
7.7627397
7.6323276
7.745592
7.6794004
7.6257057
7.4600234
7.4715867
7.363807
7.578499
7.801387
7.492218
7.5768495
7.5927925
7.492758
7.510532
7.6164875
7.5395637
7.37904
7.2393217
7.4706025
7.7839594
8.266111
8.199763
8.131398
8.003465
8.126199
8.007147
7.8505707
7.713523
7.4416037
7.3685803
7.589353
7.8506756
7.688536
7.534766
7.409035
7.5292544
7.625426
7.8660765
7.997761
7.85483
7.4305944
7.47845
7.8099227
8.120695
8.219456
8.114481
7.9516444
8.049555
8.103085
8.2439995
7.7189054
7.661559
7.568015
8.00097
7.928852
7.957479
7.7204885
7.5515394
7.5838532
7.6837897
7.8640647
7.8917456
7.860365
7.78773
7.961418
8.209834
8.302086
8.155008
8.191858
8.133408
8.303911
8.310951
8.188534
8.108659
8.011477
7.7260394
7.8805757
7.8071594
7.696986
7.429601
7.407938
7.648833
7.6940155
7.7961745
7.895762
7.8040566
7.612366
7.878651
8.094198
8.09457
7.9704366
8.057652
8.052354
8.05456
8.183951
8.245877
8.0767145
7.6868
7.726923
8.073404
7.7942605
7.722917
7.855379
7.8308945
7.63141
7.774877
7.902853
7.9572115
8.078081
8.136761
7.7878304
7.9661255
8.18843
8.219918
7.994644
7.8712816
7.966793
8.002294
8.194721
8.304031
7.9835916
7.9177327
7.6968684
7.63399
7.6563263
7.542062
7.4400644
7.6774106
7.676346
7.7197795
7.702401
7.815946
7.551665
7.5507574
7.762494
7.886757
8.032605
7.777362
7.7344694
7.6309023
8.000846
8.158323
8.182805
7.802307
7.9162207
8.130309
8.221966
8.133569
7.96573
7.9264674
7.8701224
7.8363943
7.864336
7.937152
7.9571247
8.077791
8.0219555
7.949514
7.926047
8.246412
8.226707
8.072965
8.0437155
7.970783
8.041631
8.085689
8.099109
7.9493504
7.9566503
7.8239694
7.8264465
7.9004674
7.9011087
7.8575315
7.7871013
7.884389
7.9657254
7.955164
8.102146
8.099518
8.020254
7.9270625
8.052625
8.083032
8.396025
8.099448
8.041887
8.244383
8.105094
7.982819
8.061926
7.976107
8.037702
8.276356
8.004998
8.13668
7.9659123
8.02075
7.9829836
8.06888
8.216731
8.240508
8.091293
7.9744525
8.052313
7.775138
7.8179827
7.9085293
7.8569536
7.7732625
8.117451
8.011965
7.9603786
7.855069
7.9500055
8.288692
8.042938
8.116749
7.8187785
7.6634703
7.450906
7.498734
7.532843
7.8414545
7.967562
8.089516
8.100885
7.7582917
7.615693
7.9116755
8.054161
8.06253
7.94402
7.7877154
7.688387
7.703775
7.704597
7.83354
7.573327
7.3446126
7.6296625
7.5906568
7.363186
7.250266
7.302973
7.4283724
7.409175
7.5361547
7.393982
7.5780325
7.6054325
7.3105674
7.012406
6.8180113
7.2192717
6.720614
7.054316
7.152343
7.166678
7.303054
7.226279
7.217703
7.132513
7.349666
7.31425
7.6387596
7.510473
7.667168
7.678582
7.68838
7.5189524
7.317306
6.9392915
6.9556837
7.3134937
7.153642
7.1872997
7.364064
7.321557
7.465771
7.370996
7.265555
7.1560264
7.044184
7.2554736
7.231802
7.1423645
7.263942
7.428736
7.471322
7.4296393
7.1341333
7.0163455
7.2426596
7.34139
7.7522926
7.826248
7.9388967
7.8658633
7.7743373
7.777326
7.8900485
7.6200643
7.7997346
7.84847
7.3788414
7.443031
7.3241253
7.207828
7.1882944
7.1445494
7.210553
7.009982
6.936583
7.019561
7.2795806
7.1041985
7.0352707
7.1415358
7.2313643
7.1901994
6.8877897
6.879469
6.609935
7.016665
7.093022
7.0225415
7.2570105
7.3400373
7.1946735
7.3613334
7.434745
7.368477
7.242504
6.910588
6.498231
7.022092
7.2525015
7.2963667
7.3146887
7.2625923
7.203439
7.135056
7.0977306
7.113031
7.2026777
7.1988144
6.759759
7.1198006
7.149786
7.2287207
7.367469
7.291482
7.1082096
6.9560876
6.6222696
6.568421
6.968267
7.2526646
7.3512316
7.497549
7.4903555
7.644798
7.5654063
7.4674644
7.339105
7.2870984
7.2011333
7.08258
6.9361176
7.3668327
7.263358
7.534745
7.421964
7.4962826
7.3146925
7.132167
6.9809146
6.8219085
6.6633744
6.9506307
7.411444
7.4902344
7.506718
7.3385444
7.2045755
7.08347
7.093939
6.989588
6.959027
6.8540435
6.7658896
6.7083945
7.0184546
7.173872
7.041828
7.104793
6.961694
6.9495068
6.8997717
6.699387
6.9464645
6.6516256
6.8880014
6.878571
7.037612
6.9979057
6.775757
6.7087564
6.659373
6.872602
6.815679
7.0539823
7.228458
7.0940003
7.30848
6.9643755
7.2967896
7.1057067
7.0035815
6.9396257
6.9564366
7.2225647
7.4750867
7.684029
7.435504
6.953849
6.420192
6.4824705
6.6358643
6.8203187
7.0942636
7.2824802
7.465995
7.438008
7.718014
7.9557934
7.9512963
7.967443
7.8342505
7.758797
7.325881
7.1099205
7.334602
7.134977
6.9389734
6.966215
7.2577453
7.1570997
7.948929
7.8449073
7.4450884
7.539692
7.4837246
7.226979
7.1722493
7.005939
7.033851
7.1200933
7.2246003
7.5481367
7.718354
7.6842976
7.5281677
7.3793087
6.7752495
6.6077595
6.5846148
6.5686727
6.4486465
6.624143
6.670224
7.0200443
7.181879
7.3676367
7.4278235
7.3601007
7.1363707
7.2030153
7.1507063
7.124212
7.19594
7.1993465
7.4685454
7.600801
7.5518837
7.316824
7.203994
7.0010996
6.65146
6.765041
6.4759135
6.4276524
6.3178215
6.4515986
6.7198267
6.7341156
7.0260067
6.9402714
7.0446205
7.047444
7.3532376
7.0795016
6.904745
6.7203674
6.897576
7.077552
7.3104
7.276351
7.003662
6.7557
6.707084
6.6975107
6.8069124
6.25649
5.7948856
5.774418
5.8766785
6.1325035
6.2164345
6.7654576
6.696716
6.4103594
6.499919
6.95679
6.6897163
6.7318087
6.4796376
6.584766
6.7412424
6.7841663
7.105141
6.9294286
6.7539625
6.7796826
6.6816792
6.314518
6.322001
6.193869
5.846466
5.6162376
5.6343074
5.914408
6.009767
6.527998
6.928396
6.733382
6.8105335
7.0734124
7.0713058
6.693904
6.4511085
6.4764533
6.8059587
7.053413
7.04252
6.834412
6.9149323
6.6049805
6.435305
6.434574
6.4387593
6.371527
5.903305
5.6747375
6.2484326
6.2726507
6.5333533
6.6644254
6.5610495
6.522285
6.521925
7.2456193
7.2073073
6.9144177
6.4047146
6.843547
7.1300774
7.2356067
7.462506
7.2843704
6.6805263
6.337982
6.4644413
6.709872
6.4477386
6.0095334
6.035792
6.1784215
6.374376
6.7475147
6.646103
6.580532
6.4792213
6.457759
7.2763953
7.050884
7.231453
7.040436
6.9398117
7.0474906
7.185887
7.1838264
7.001729
6.9439135
6.071221
6.3308144
6.316538
6.3457217
6.136797
6.030492
6.136917
6.4075646
6.8232117
6.7356653
6.2533855
6.282049
6.4022045
6.904766
6.850707
6.6352506
6.7049394
6.6947765
6.7637234
6.9565268
7.0064507
6.821842
6.334707
6.022448
5.773543
5.867646
6.083712
5.881442
5.292604
5.2574325
5.5750113
5.760012
5.801237
6.0692344
6.1190896
5.872121
6.0398684
6.0187306
6.2224507
6.3444896
6.318653
6.2338543
6.1389923
6.604029
6.820813
7.3588653
7.333048
6.8961496
6.280165
5.637014
5.5895295
6.0641966
6.125476
5.9648533
5.9672728
6.3276267
6.492838
6.598999
6.5723195
6.295404
6.35493
6.4301815
6.33795
6.600848
7.0380745
7.047719
7.1317987
7.153468
7.4563084
7.4337454
7.1650395
6.568762
6.019376
5.376467
5.304325
5.778821
5.7796717
5.8229156
5.8139334
6.116939
6.396241
6.479506
6.4043036
6.03395
5.9173164
6.5394783
6.816099
7.1888747
7.241061
7.202642
6.8427424
6.8408217
7.1305976
7.1981254
6.923749
6.342699
5.760111
5.5810585
5.797909
5.9299655
6.2549515
6.1759987
6.333167
6.4573274
6.1351357
5.824767
5.852046
5.978685
6.067589
6.531747
7.026431
7.1785855
7.3176203
7.3471994
7.116175
7.01143
6.7708225
6.3334794
6.1240153
5.737584
6.0939393
5.7145247
5.7178526
5.868783
6.02557
6.320978
6.4959226
6.1281266
6.057571
6.1833324
6.4124436
6.083617
6.3983774
6.407956
6.628472
6.5529165
6.7562375
6.8858905
6.9056125
6.6085277
6.0548196
5.986773
5.9163113
6.309884
6.5614705
6.5063543
6.3545156
6.693919
6.91016
6.935349
7.007805
6.8494787
6.908346
6.897842
7.00809
7.311685
7.103106
7.0089006
7.1400576
7.216221
7.2053027
6.8938003
6.9686074
7.069325
7.018875
7.1045904
6.914755
6.832239
6.536894
6.8219943
7.2193604
7.591402
7.760473
7.3613377
6.920912
6.886921
7.146624
6.977748
6.987755
7.08076
7.0117393
7.0998125
7.1289124
7.1743746
6.7290125
6.3285875
6.2470427
6.15219
6.0711036
6.2511864
6.558923
6.5867496
6.6467385
6.5325913
6.7038827
6.816993
6.439002
6.315095
6.1383834
6.1386266
6.1090136
6.2733526
6.040124
5.597703
5.796513
6.2577076
6.3457704
6.3032036
6.370134
6.143559
6.039005
6.511492
6.506401
6.6924443
6.595915
6.2413874
6.484865
6.5028205
6.404143
6.3352985
6.172583
6.5386066
6.344658
6.646463
6.795012
6.145796
5.993348
6.256016
6.332042
6.4538894
6.498747
6.662481
6.5222282
6.570163
6.4667425
6.6315827
6.3886533
6.385224
6.0969644
6.4080954
6.4943
6.574738
6.807469
6.4962583
6.0687127
6.392973
6.6365
6.5802603
6.595664
6.245794
6.3315935
6.5499887
6.8107576
7.1879864
7.276194
7.013761
6.742467
6.5826435
6.8575296
6.5265613
6.735511
6.5785003
6.6365056
6.977732
7.051901
7.333789
7.1602182
6.7003975
6.9199905
7.0364633
7.1217194
7.02843
6.6352663
6.7806635
6.750193
6.9062963
7.556123
7.5358844
7.432931
7.1863956
7.050778
7.069235
6.547224
6.733083
6.807534
6.9399076
7.0615425
7.1400733
7.4212675
7.265267
6.8011875
7.005103
7.274968
7.1832323
7.318843
7.559069
7.0425115
6.8959813
7.2970195
7.534019
7.6317434
7.5052443
7.173388
7.1233935
6.9949493
6.864882
6.661665
7.043188
7.0601826
7.2448816
6.9436626
7.199454
6.9820623
6.7612257
7.1381063
6.9808292
7.0868893
7.287119
7.564997
6.8878813
6.7771697
6.779028
6.991815
7.215028
7.0734353
6.9113817
6.9965553
6.726391
6.9096775
6.8834925
7.2400284
7.2737455
7.154802
7.0250382
6.919492
6.548813
6.753472
7.0144153
6.94407
6.888319
7.368276
7.1565537
6.889621
6.7360024
6.7065144
7.228041
7.332914
7.3056436
6.9582186
6.8735695
6.869646
6.3526244
6.8896422
6.8091545
7.0153146
6.8157206
6.7265625
6.354911
6.359854
6.834482
7.129576
7.178956
7.383728
7.4061356
7.1017256
6.7624393
6.579022
6.510572
7.0552025
7.3361273
7.2365265
6.99048
6.9648213
6.624839
6.9432735
7.298524
7.0767217
7.1904836
7.1554084
6.6238146
6.3378997
6.795136
7.3320236
7.1113167
7.3660917
7.3469214
7.190197
6.8181925
6.770209
6.8066187
6.890093
7.0752096
6.985108
6.878577
7.1679516
6.8157387
6.564268
6.5486164
7.0829544
7.423038
6.9501405
6.7272215
6.3737516
6.6918755
7.07845
7.05708
7.1559153
7.1821656
7.2057185
6.9423695
6.7279816
6.59467
6.761719
6.65294
6.8305798
6.715741
6.7443504
6.801063
6.72073
6.5572615
6.919516
7.0798383
6.8816786
6.6757345
6.258288
5.8974953
6.332224
6.529271
6.8897567
6.761098
6.9426193
6.76898
6.6312056
6.719801
6.6326494
6.4983106
6.6009283
6.68354
6.829315
6.6152363
6.4256525
6.3168745
6.2305827
6.8286576
6.6934266
6.984151
6.395975
6.2380366
6.011263
6.2236485
6.845894
7.0195932
7.053696
7.1013756
7.0447116
6.719262
6.808757
6.7417316
6.7649555
6.622685
6.9478045
6.967439
7.0854654
6.8985567
6.923131
6.73827
6.816167
6.9894357
6.9903555
6.6947575
6.3320675
6.498995
6.539235
6.961986
6.9733996
7.1379876
7.2681394
7.1927586
6.9595623
6.9650846
7.014971
6.9062214
6.78411
6.8182883
7.1565733
7.125471
6.896575
6.8165035
6.7320423
6.700729
6.852376
6.787184
6.591368
6.2137427
6.510961
6.970596
7.154045
7.411122
7.2035937
7.1393213
7.118051
6.9467077
6.96531
6.963205
6.786076
6.735624
6.9396524
7.2989974
7.0905647
7.2139535
7.117111
7.057796
6.8551073
6.8547206
6.65776
6.49635
6.441263
6.3756
6.7697268
6.875285
7.081701
7.036645
7.028575
7.052236
6.8293047
6.911244
6.9258385
6.550885
6.681368
6.728198
7.014745
7.1092978
7.057153
7.24325
6.864031
6.5560417
6.776827
6.6220226
6.682025
6.5248632
6.7074976
6.981866
7.0279593
7.23795
7.3106184
7.145267
7.0328035
7.0256844
6.950809
7.137889
6.9312744
6.9201136
6.9138975
7.0091076
6.976794
6.855592
6.9920864
6.900614
6.8969693
6.8520646
6.710553
6.8193855
6.5794454
6.257414
6.586875
6.834367
7.041263
7.0863433
6.9786806
7.0017505
6.978879
6.951782
6.944721
7.086153
6.836274
6.7533135
6.898369
6.7598486
6.9132223
6.543584
6.826718
6.701486
6.407197
6.4296303
6.2821503
6.1824822
6.065572
6.0619097
6.411498
6.6601734
6.870618
7.0312786
7.0011024
6.996396
6.898728
6.929556
6.6811085
6.8291183
6.9752493
6.802661
6.8066382
6.746187
6.5018783
6.3594775
6.3981276
6.2844815
6.1952243
6.263277
6.2510724
6.1438828
5.9433956
5.8740144
6.2773457
6.407858
6.717502
6.6232843
6.9744997
6.674062
6.779013
6.7440424
6.540541
6.6620016
6.518104
6.6121416
6.6813307
6.359524
5.7998753
5.660063
5.477358
5.32144
5.5817723
5.8689528
6.1655936
6.215874
6.094043
5.795979
5.790713
5.8262606
6.211896
6.4274073
7.0561123
7.179833
7.1015406
7.1971703
7.2890434
7.228266
7.030381
7.111391
6.941592
7.017173
7.02313
6.978592
6.7884464
7.100435
7.5402756
7.5649714
7.5693502
7.5155454
7.5052595
7.584127
7.2051077
7.2508802
7.0835543
7.3151007
7.4713297
7.489399
7.3314066
7.4086337
7.268895
6.856343
6.803133
6.5866165
6.846702
6.7983255
6.7156763
6.4845304
6.4809074
6.4156775
6.466847
6.29693
6.6820474
6.750978
7.078926
6.955783
7.157217
7.3507442
6.9758563
6.839591
6.667306
6.5738716
6.631713
6.441531
6.3952756
6.304888
6.246774
6.361927
6.5082893
6.97985
6.9767027
7.0396986
6.6044555
6.4841375
6.0368204
5.6860213
5.7947617
5.702233
5.425737
5.44714
5.4267673
5.590112
5.433856
5.58251
5.801936
5.7385263
5.700944
5.707246
6.169694
6.172291
5.6861963
5.4014444
5.045635
5.0498285
5.1994457
5.442919
5.501342
5.612671
5.614233
5.0307198
4.9575663
4.6267414
5.1022525
5.301832
5.037505
4.6799674
4.318412
4.4015384
5.3176694
5.633558
5.9570446
5.897748
5.914156
5.8567743
5.82276
5.8553295
5.60114
5.242771
5.1514215
5.719831
6.1096106
6.4816246
6.3356705
5.6598554
5.1179876
4.78961
5.6776433
5.978048
5.5523577
5.1015863
5.0413465
5.226152
5.5047636
5.8277345
5.9072948
6.0636683
6.0963798
5.998152
5.8652987
6.1263094
5.7335176
5.461649
5.343552
5.3724504
5.44466
5.6744175
5.5305386
5.233306
4.980976
4.485207
5.243198
5.85824
6.0863566
5.8218184
5.283582
5.2807603
5.315442
5.596605
5.44013
5.5631332
5.5417566
5.5224447
6.319214
7.076745
6.7412815
6.1251183
5.853651
5.7862473
5.962813
6.4106197
6.3551674
6.28053
5.584777
5.2070594
5.2920628
5.99837
6.048498
5.386348
5.143783
5.2700653
5.403226
5.8843865
5.955827
5.4720736
5.2367105
5.458657
6.577412
6.714814
5.6780567
5.392932
5.449071
5.656647
6.2686386
6.6018524
6.393582
6.2672095
5.4964166
5.285869
5.9228745
6.207697
5.711514
5.3145776
5.394773
5.7121744
6.0106344
5.9803715
6.20182
5.760567
5.747414
5.9528627
7.008378
6.729058
5.721359
5.4617276
5.2842264
5.2331457
5.493518
5.9810705
6.3286495
5.8949046
5.766095
5.539312
5.0237827
5.154222
5.8306413
6.020806
5.8365183
5.466349
5.2450542
5.4371614
5.5379367
5.727691
6.5131254
6.406385
6.2177725
5.601662
6.106018
6.557106
6.5817084
6.2166176
5.9349685
5.667476
5.205122
5.542528
6.0747414
6.098632
6.0425577
5.8479595
5.9775615
5.7931976
5.453194
5.3148713
4.8513665
5.4602623
5.9906607
5.648053
5.497741
5.2432685
5.326904
5.198639
5.4004326
5.8120313
6.2204723
6.2553396
5.919445
5.7778826
5.5300937
6.398969
6.699136
6.279203
6.194736
6.353168
6.1615334
6.272424
6.216221
6.1837645
6.288265
6.414452
6.2623158
6.068519
5.871652
5.8823757
5.993625
6.0068803
5.8315997
5.805782
5.4539433
5.8003793
6.1942773
6.452101
6.362398
6.463324
6.3130035
6.565012
6.677962
6.8067474
6.501896
6.496397
6.4683642
6.4342937
6.8084493
6.774058
6.968137
6.8602195
6.671834
7.1805916
7.2414627
6.974399
6.765399
6.801833
6.8296914
6.629029
6.758502
6.587039
6.74064
7.092461
6.965573
7.034996
7.260847
7.0654507
7.4746733
7.3927517
7.4111786
7.1023164
7.303157
7.171555
7.123913
7.3788133
7.4257107
7.087743
7.092926
7.061725
6.9660206
6.8698397
7.054413
7.124502
7.414932
7.7382574
7.394341
7.6781254
7.4374027
7.751333
7.393017
7.204764
7.198269
7.127219
7.2007785
7.307054
7.096275
7.167616
7.3578987
7.242566
6.893395
6.5924335
6.4765697
6.3427253
6.508564
6.543345
6.82352
6.9447584
7.266428
6.9493384
7.1285114
7.177431
7.178157
7.246728
7.076748
6.968595
6.7929273
6.834016
6.882584
7.0682406
7.293017
7.021105
7.2968726
7.192253
6.7545357
6.905549
7.0388184
7.013467
6.7804604
6.8113937
6.9827795
7.143281
7.2546887
7.657327
7.3414946
7.447346
7.6338787
7.5158014
7.4292445
7.579875
7.2972126
7.148793
7.0592594
6.9565682
7.120867
7.5348763
7.719572
7.8633695
7.243668
7.4256454
7.6909475
7.6549516
7.5725203
7.306712
7.5303316
7.7185144
7.775083
7.76134
7.4161286
7.3916893
7.5174494
7.328079
7.387163
7.009595
7.1295366
7.0950336
7.185201
7.146272
7.46075
7.758079
7.823097
7.4828906
7.0516324
7.1080427
7.3782225
7.3688297
6.9843283
7.096467
7.4018807
7.8582935
8.112921
7.8723903
7.4343176
7.4408474
7.491462
7.8140883
7.794339
7.4452114
7.211663
7.25736
6.820833
6.8402667
7.0496473
7.419495
7.482806
7.2133856
7.338658
7.479642
7.3235497
7.1869683
6.7327323
7.066004
7.122605
7.587646
7.6288624
7.3448095
6.9509525
6.97368
7.3729563
7.8537745
7.6791563
7.505167
7.333895
7.2100596
7.2770824
7.280342
7.7442603
7.8768826
7.546706
7.426511
7.4720488
7.3309875
6.979903
6.99535
7.174589
7.3679094
7.5665646
7.9715285
7.9679313
7.8234873
7.639115
7.99813
8.264747
8.0707245
7.8657064
7.649232
7.730956
7.9149566
7.741615
8.180332
8.226144
8.012868
7.4295464
7.603828
7.471752
7.0104294
6.90295
7.1119485
7.3358965
7.5703883
7.7878766
7.2362723
7.1155386
7.2120996
8.094366
8.097966
7.7739415
7.6095657
7.5586724
7.432501
7.584763
7.7600517
7.723762
7.931189
7.607898
7.374328
7.1518326
7.071207
7.061336
6.9834566
6.783388
6.829273
7.0603704
7.04908
6.6580987
6.789307
7.0593123
7.3237824
7.2205687
7.101209
7.1660333
7.2377534
7.211073
7.0581617
7.469999
7.5560017
7.478161
7.727779
7.3561687
7.231195
7.2941847
7.108074
7.2306414
6.916518
6.9929976
7.086042
7.0610657
6.692733
6.684782
7.103595
7.8823357
8.0417
8.088934
7.9157305
8.036134
7.802938
7.696228
7.7787266
7.786069
7.6179943
7.6383142
7.35833
7.245778
7.642154
7.611393
7.424799
7.723355
7.4731507
7.454588
7.5381947
7.6308794
7.3280845
7.2206407
7.3268995
7.49743
8.051847
8.292009
8.177184
8.107909
7.9268312
8.01591
7.9320536
7.8697457
7.696926
7.8126783
7.791558
7.7051153
7.288791
7.275221
7.295618
7.1890135
7.3194666
7.1486344
7.238779
7.244109
6.9649715
6.998691
6.9272757
7.0649047
7.647212
8.060492
7.9629216
7.9623785
8.037985
7.8253236
8.030587
7.7945232
7.9633617
8.115555
7.7505507
7.1719522
7.3717
7.569738
7.406171
7.1569552
7.2015395
6.99333
6.987076
6.9757533
6.8024535
6.5293484
6.9766917
7.4469233
7.759899
7.7910686
7.824667
7.8119717
7.9234467
7.798231
8.05015
7.956539
7.6964817
7.681534
7.437889
6.881624
6.9861035
7.51357
7.4852214
7.6315656
7.5279083
7.149154
7.2737164
7.3603644
6.791729
6.5387125
7.0459347
7.1814775
7.8128867
7.765771
7.7075033
7.5736203
7.4455123
7.498199
7.637476
7.694086
7.6604366
7.4620123
7.1859384
6.4739323
6.8317394
7.2611566
7.2145143
7.2645264
7.3941665
7.152049
7.1394114
7.151207
6.697276
6.761739
7.079864
7.592447
7.7975273
7.8130255
7.5817094
7.7255673
7.605273
7.609691
7.5254517
7.5506625
7.6004286
7.468765
6.8630085
6.7505326
7.256708
7.275092
7.2273326
7.3470993
7.3388066
7.2310133
7.2995024
6.7977624
6.7788973
7.331456
7.344061
7.716523
7.854124
7.7744575
7.8377323
8.025913
7.9710283
7.8263807
7.618022
7.6122084
7.680099
7.461816
7.0050654
7.2997627
7.502021
7.358804
7.599611
7.3333573
7.300472
7.254516
7.1701517
6.702711
6.6732106
6.8967733
7.0984817
7.1084466
7.0074506
6.786158
6.8263984
6.8929086
6.9366207
6.909817
6.5691404
6.6814027
6.789023
6.4722643
5.745574
6.3426676
6.530305
6.5526953
6.6044703
6.5431695
6.4192057
6.220397
5.712353
5.6098423
6.2417006
6.590543
6.8914547
7.423854
7.383219
7.0991154
7.4328265
7.6177506
7.1392584
7.13179
6.758062
6.767357
6.6608505
6.3136916
6.0334625
5.9946904
6.1986065
6.5089965
6.0387125
5.813166
5.889227
6.015432
6.4563413
6.3318205
6.5782857
6.825143
6.8630357
6.8065605
6.829238
6.9189205
6.7439103
6.6411014
6.412825
6.508032
6.3880587
6.3661237
6.450602
5.954166
6.0281887
6.526107
6.7127523
7.0253634
6.9393187
6.9187217
6.9567447
6.7457523
6.4791746
6.5044813
6.863905
6.8534536
7.188266
7.164365
7.225501
7.535435
7.574066
7.651355
7.6970105
7.454648
7.180069
7.1901546
7.005154
6.392067
6.5674753
6.446556
6.8617764
7.027772
6.922321
6.900005
7.088716
6.709336
6.6860995
6.3233366
6.633497
6.983426
7.399876
7.3638725
7.120615
7.1047177
7.2649064
7.409652
7.562808
7.5415034
7.2502317
7.09344
7.130456
7.04777
6.9156003
6.849594
6.8006296
7.056959
7.1602054
7.188196
7.0853863
7.3130083
7.000252
7.0388193
6.964963
7.026412
6.9082828
6.866259
6.796528
7.1866255
7.0538774
7.150344
7.121297
6.747362
6.427093
6.694083
6.5837107
6.6623106
6.4479117
6.5143304
6.5900774
6.6052227
6.554389
6.6686797
7.163677
6.7996397
6.8866477
6.909953
6.9960575
7.1636343
7.0964613
7.1500373
6.8149633
6.6737757
6.692166
6.400765
6.1038647
6.239241
6.535951
6.394116
6.5483866
6.166336
6.1625037
6.4174285
6.4755034
6.5407634
6.539569
6.694841
6.605076
6.7220354
6.8326373
6.8032956
7.1186767
6.9422398
6.4260006
6.219754
6.103691
6.320586
6.3278847
6.1893444
6.229248
6.0990725
5.86426
5.5129676
5.512568
5.35907
5.386321
5.763988
5.8555913
5.6129565
4.9342737
5.0873623
5.528262
6.081019
6.262266
5.967334
5.7154026
6.1363873
6.365822
6.31882
6.5863137
6.134798
4.9350944
4.57221
4.9848323
5.835191
6.002396
6.0392265
5.60726
5.3926578
4.9268284
5.3178067
5.329026
6.042021
6.007214
5.8943763
5.6527805
5.8161016
5.7441254
5.4516344
5.438086
5.2303133
5.734569
6.097346
6.425401
6.0511923
6.471766
6.216295
5.634808
4.881324
4.7830744
5.2905865
5.577312
5.1480007
4.867744
4.7294726
4.5411177
4.606532
4.880751
4.9325976
4.653037
4.4845233
4.5139475
4.307188
4.17508
4.122282
4.18241
4.4297943
4.319432
4.069206
4.3165197
4.1621733
4.1148663
4.1917734
4.32084
4.127394
4.1175156
4.1077065
4.203107
3.922515
4.3759184
4.320899
4.5596156
4.4949927
4.695615
4.6048317
4.6843877
4.6078773
4.7332926
4.7558613
4.7423944
4.754242
4.972707
4.862714
4.945797
5.0011377
5.0738955
4.8191223
5.003399
4.81703
4.9697294
4.8592844
5.209976
5.0552135
4.949807
5.0051794
4.973977
5.079675
5.0528502
5.02665
5.1040783
4.9720173
4.9228525
5.002203
4.989477
5.100901
4.912952
4.922268
5.0019484
4.740704
5.0952635
4.800871
4.74117
4.862126
5.0729475
4.987888
4.8937693
4.8524723
4.77804
4.9745555
4.842743
4.7808623
4.67736
4.909165
4.7869987
4.7272635
4.753565
