10000
8.673188
8.520367
8.483446
8.587831
8.517721
8.541435
8.608698
8.5401745
8.565314
8.623653
8.622695
8.63973
8.599859
8.726891
8.628058
8.673777
8.620036
8.605519
8.68622
8.729243
8.692417
8.707618
8.6737
8.750459
8.661453
8.790031
8.681685
8.760952
8.731811
8.727757
8.774389
8.726486
8.632935
8.627204
8.602902
8.600979
8.570168
8.671711
8.570494
8.614901
8.488901
8.429523
8.441035
8.401623
8.319706
8.163049
7.985461
7.6871657
7.6284847
7.690148
7.442156
7.5292726
7.5210714
7.604938
7.5040264
7.4186134
7.3443384
7.4730906
7.5444098
7.707355
7.827707
8.066319
7.930831
8.026825
7.9032693
7.7441974
7.26025
6.801057
6.8199654
6.4489884
6.144822
6.000479
5.943228
5.889348
6.08055
6.0934258
5.9822187
5.720558
5.694007
5.296066
4.914789
4.7324133
4.8154707
4.8606043
4.8232007
4.7958035
4.8099813
4.7933855
4.7795277
4.7182584
4.751294
4.88585
4.822421
4.871682
4.7961326
4.887993
4.9268694
3.9255643
3.992403
4.0195737
4.036683
3.9171076
3.9154882
3.8166034
3.8674188
3.8868377
3.9225624
3.918261
3.9237833
3.9359782
3.8453317
3.8508265
3.9887834
3.9446936
3.9332442
4.0120387
3.8877888
3.842548
3.8168213
3.882084
3.901353
3.9454055
3.9151297
3.9516182
3.927509
3.9671206
3.8957663
4.0098395
4.0127435
3.867428
3.9466288
3.8287227
3.8000112
3.8878949
3.9346771
3.8043833
3.9169548
3.8493562
3.8831165
4.6353807
4.555778
4.574366
4.5021124
4.3874164
4.506595
4.4696846
4.5951576
4.5586925
4.5055556
4.5458364
4.5237865
4.5160227
4.430512
4.573215
4.468226
4.6411896
4.5050163
4.483342
4.471264
4.5821986
4.4914136
4.5500793
4.5253344
4.3910093
4.615106
4.40213
4.584426
4.5386567
4.5574937
4.4046702
4.5374484
4.559852
4.5098753
4.815873
4.8028593
4.6839757
4.7162404
4.628549
4.6581697
4.634266
4.6915965
4.711565
4.6322017
4.6579742
4.7605376
4.768199
4.888068
4.8103027
4.8547735
4.82996
4.770266
4.939879
4.9032702
4.917622
4.821867
4.818035
4.9125075
4.7909117
4.783991
4.5860987
4.689411
4.636859
4.6118264
4.4007645
4.4203835
4.499846
4.47544
4.550994
4.5338583
4.6169147
4.557221
4.811392
4.5832973
4.527785
4.546214
4.5361295
4.572823
4.5246167
4.5385866
4.3799276
4.4300904
4.3444633
4.2309227
4.180963
4.1623898
4.120519
4.272283
4.2539606
4.1311035
4.2551074
4.2736173
4.271852
4.2683263
4.2424397
4.244207
4.3106384
4.3222895
4.454713
4.53266
4.4560876
4.4095163
4.5467205
4.669291
4.5145493
4.8570375
4.584547
4.6964345
4.558079
4.6569357
6.352765
6.636362
6.992709
7.014179
7.0081353
7.0796247
7.1324873
7.086097
7.113532
7.074036
7.043928
7.1062036
7.1694713
7.240325
7.1707916
7.086535
7.1936927
7.183477
7.2167645
7.250966
7.269452
7.2747903
7.2307186
7.3053117
7.270047
7.286569
7.2938657
7.311591
7.2631326
7.2081695
7.2764587
7.273707
7.275341
7.2730427
7.259636
5.1925697
5.182386
5.0030727
5.1415815
5.1353216
5.3249774
5.4654827
5.3963137
5.4686484
5.3280993
5.270099
5.1375027
5.3119297
4.3423824
4.48491
4.648643
4.697879
4.505841
4.5284743
4.606517
4.7095613
4.8330245
4.667794
4.649841
4.812437
4.9211483
4.785763
4.8795896
4.7871094
4.7042074
4.8395815
4.7904487
4.742017
4.759795
4.7720103
4.6960654
4.7096004
4.7870536
4.900305
4.7293863
4.8335857
4.98886
4.930969
4.9607916
4.7111797
4.9953194
5.121445
4.9792676
4.9678526
4.7928376
4.9108353
4.8391547
4.8630133
4.8066964
4.757814
4.8807316
4.742757
4.64334
4.6488895
4.515253
4.486477
4.6633925
4.4809737
4.555262
4.551602
4.667482
4.696435
4.519873
4.6468067
4.6479383
4.644022
4.6541243
4.5705123
4.6418037
4.644135
4.677259
4.7228293
4.8206587
4.7553997
4.68015
4.6940017
4.7011986
4.751341
4.7979198
4.662952
4.7816005
4.676886
4.631225
4.7417965
4.571136
4.7963696
4.7121005
4.59825
4.430914
4.5266676
4.459963
4.470727
4.3264775
4.5225935
4.5127697
4.56095
4.52507
4.5236692
6.8788567
6.880897
6.702338
6.6600003
6.725427
6.49662
6.6754403
6.53447
6.459948
6.379336
6.309746
6.353962
6.3493905
6.3217783
6.267633
6.3998904
6.4011765
6.530468
6.430893
6.6436167
6.7357464
6.7348003
6.8069773
6.889061
6.9674253
7.0094333
7.0057254
7.0174303
7.0382414
7.156376
7.201905
7.1242533
7.1923943
4.771622
4.679064
4.743875
4.594386
4.7474966
5.0419908
4.923622
5.0017476
4.7571573
4.952612
4.7949967
4.5529294
4.656012
4.612801
4.609476
4.5679846
4.450323
4.4783397
4.3600845
4.375515
4.40291
4.50262
4.442778
4.441006
4.2076473
4.415448
4.257374
4.4395056
4.3701386
4.363572
4.221009
4.264552
4.2089543
4.3489466
4.260948
4.3515797
4.5369287
4.3998227
4.3649645
4.5181665
4.5037045
4.576501
4.5106454
4.4225655
4.503319
4.4953938
4.6755366
4.991175
4.8006153
4.767712
4.6473775
4.6415777
4.996336
5.0768538
4.9706774
5.012109
5.1157627
5.159769
4.9235716
5.1669006
5.024854
4.8482046
4.7520294
4.735086
4.7383585
4.8314066
4.7009277
4.622602
4.5449376
4.7192955
4.681529
4.6323967
4.7852345
4.784481
4.80454
4.857149
4.8061624
4.665993
4.6263995
4.6549497
4.6725507
4.4849925
4.555005
4.413586
4.550041
4.7862463
4.9450755
4.753347
4.533187
4.7092047
4.5963106
4.46523
4.4023643
4.416573
4.5710726
4.5469885
4.334915
4.205709
4.277122
4.08099
4.1219764
4.063581
4.1870317
4.1607804
4.2988863
4.3357854
4.3890457
4.426404
4.311758
6.208701
7.222049
7.297179
7.3679547
7.2372017
7.3630476
7.305415
7.3300056
7.4601507
7.398381
7.4584465
7.3487444
7.451893
7.281527
7.284548
7.35638
7.350443
7.291762
7.4130955
7.316063
7.3902006
7.2747784
7.394474
7.2711473
7.298413
7.3571053
7.2519913
7.245593
7.228458
7.2325315
7.4352527
7.3248773
7.312643
7.271319
7.200589
7.1333447
6.910477
6.6796994
6.500786
6.5175633
6.3128147
6.1654396
6.0596085
6.1394153
6.0910635
6.2236924
6.171934
5.87248
5.7208185
5.8172445
5.7224693
5.337961
5.2544775
4.9706383
4.864591
4.7102175
4.5359755
4.7112846
4.991744
4.8737483
4.9983177
5.028575
4.766432
4.646272
4.679224
4.5273848
4.520998
4.5681963
4.438681
4.5283413
4.3131056
4.15571
4.058505
4.4535837
4.446204
4.2910795
4.4755793
4.5907526
4.695275
4.8226004
4.867768
5.07379
5.0941668
5.094228
5.2935176
5.220511
5.262838
5.222406
5.200388
5.3245625
5.1461096
5.0282283
5.132471
5.02213
4.9472256
5.096237
4.9303193
5.008829
4.8661623
5.0805244
5.0016727
5.005615
5.0256615
5.234086
5.0510554
5.076053
5.0595407
5.213147
5.057581
5.246935
4.9976716
5.015548
4.9378633
4.84809
4.771676
4.8731637
5.059402
4.6392674
4.6713448
4.6498666
4.4268627
4.3405566
4.497583
4.6398396
4.6645107
4.8682365
4.981177
5.0938873
4.99053
4.950682
4.916683
4.9538407
4.9223576
5.008093
5.224724
5.2935104
5.2250404
4.802927
4.944646
4.091594
4.576973
4.535052
4.5731535
4.48006
4.5326843
4.551693
4.5080776
4.5419054
4.550337
4.590302
4.5970726
4.612177
4.597285
4.6388645
4.6254683
4.638308
4.5757504
4.5655184
4.613618
4.5585685
4.4893436
4.374798
4.362247
4.379072
4.4430346
4.4250164
4.4628725
4.3963785
4.4366045
4.383992
4.4124427
4.409771
4.411343
4.43066
4.530659
4.4323907
4.5282817
4.5199594
4.5316734
4.534773
4.5970745
4.541073
4.686044
4.6897287
4.667886
4.6773915
4.658277
4.6972656
4.696272
4.792987
4.7268963
4.7913146
4.7920904
4.781228
4.8077507
4.8381877
4.845187
4.8707075
4.8560185
4.896513
4.861115
4.8536453
4.8354797
4.8467865
4.790894
4.786483
4.789197
4.795467
4.7509346
4.8296113
4.765187
4.6404552
4.7567186
4.6495814
4.578537
4.570006
4.502324
4.6133475
4.653594
4.6242867
4.573877
4.546633
4.5119057
4.489171
4.4617724
4.4006987
4.497835
4.449954
4.416264
4.467489
4.410279
4.4884324
4.4622564
4.4277167
4.477534
4.4665456
5.7071533
5.660541
5.4839783
5.462496
5.537877
5.5334086
5.4946513
5.539099
5.493041
5.419911
5.390241
5.37713
5.2820807
5.335545
5.2934694
5.353693
5.3967624
5.3605037
5.3722596
5.3047714
5.4644227
5.3591595
5.3966894
5.377879
5.355131
5.3539066
5.324204
5.4384117
5.3816056
5.4316335
5.556355
5.441318
5.55376
5.424923
5.541511
5.4816155
5.5521965
5.57279
5.4858813
5.5335627
5.535739
5.5028906
5.433128
5.5024047
5.443107
5.465313
5.3445044
5.3994536
5.327284
5.4345436
5.413102
5.458004
5.526493
5.5447335
5.411002
5.4314914
5.3501863
5.448423
5.406688
5.3028717
5.254243
5.280995
5.252612
5.2941327
5.179001
5.379752
5.2146435
5.316118
5.223019
5.360783
5.278098
5.3038397
5.348468
5.3103395
5.286546
5.47662
5.3556023
5.4332886
5.4972386
5.474237
5.5436153
5.5347285
5.3108487
5.5186405
5.2360225
5.631099
5.5772667
5.563952
5.480552
5.58808
5.5792313
5.666871
5.6870866
5.773334
5.5526543
5.7388916
5.639855
5.706694
5.6352625
5.717017
5.663349
5.491393
5.4479103
5.4357896
5.2747765
5.4040136
5.4182696
5.5235295
5.5314655
5.5505548
5.486507
5.550026
5.509225
5.358638
5.2366405
5.1310954
5.0989056
5.0159698
5.2854548
5.1492014
5.205504
5.406102
5.2659597
5.2369866
5.2213473
5.35386
5.2230124
5.2906632
5.308928
5.30638
5.1614146
5.102395
5.2446404
5.4193683
5.5047674
5.5831428
5.5811205
5.5374455
5.6866198
5.7972403
5.5746107
5.439949
5.440385
5.345659
5.2412066
5.150247
5.063949
5.12821
5.197865
5.1402416
5.203719
5.1463876
5.2413363
5.2828727
5.140188
5.033435
5.0886707
5.15092
4.9558578
4.7732024
4.675763
4.724296
4.751309
4.661544
4.7100368
4.600047
4.611528
4.7599945
4.618746
4.6487327
4.5664434
4.579239
4.368163
4.598778
4.518406
4.380763
4.4316893
4.300003
4.3637705
4.2435093
4.1726723
4.424483
4.424567
4.667838
4.483091
4.701045
4.3721266
4.39643
4.569159
5.047043
5.2449074
5.179697
5.0701313
4.949559
4.8965387
5.0466733
5.0916586
5.046935
4.8170686
4.8532557
4.689623
4.7699556
4.8517165
4.674871
4.755585
4.8194246
4.903269
4.9565763
5.0712504
5.117906
4.9160147
4.923664
4.8668375
4.907486
5.1999397
4.930386
5.1277437
5.1275
5.758479
5.7164817
5.6324034
5.484464
5.404708
5.409123
5.447321
5.496665
5.7650228
5.5604134
5.8201447
5.8775797
5.9360266
5.8409023
6.0032797
5.8433757
5.9070835
5.7824326
5.8765635
5.8552856
5.8616843
5.8844543
5.649461
4.8422675
4.8514137
4.7549725
4.723801
4.7043977
4.798362
4.6775055
4.724945
4.7981157
4.69146
4.7369695
4.833139
4.735251
4.7525983
4.8068743
4.79454
4.8105226
4.7886357
4.7429724
4.8022113
4.802019
4.867856
4.85418
4.812239
4.8443756
4.8895564
4.867197
4.9132466
4.88527
4.8478804
4.8903546
4.783208
4.4952865
4.4195547
4.5185466
4.354821
4.395427
4.4338355
4.5147033
4.508993
4.6810584
4.6934586
4.8228955
4.5256443
4.485263
4.635133
4.596
4.6069937
4.1846013
4.386348
4.2559295
4.44577
4.5859036
4.5613604
4.566288
4.4005003
4.3493586
4.2455792
4.144194
4.133793
4.112865
4.003039
4.0895877
4.205042
4.2057524
4.2777796
4.2327156
4.184187
4.258822
4.241652
4.2977467
4.357081
4.529652
4.507286
4.6326666
4.80775
4.8121285
5.0101466
5.1922207
5.0893316
5.0148387
5.0367565
4.884573
4.7263355
4.9013557
4.7560444
4.6947026
4.797878
4.8438015
4.771395
4.8593745
5.1198354
5.021015
5.239765
5.268925
5.2005258
5.1997266
5.1936226
5.305708
5.343104
5.431673
5.4188743
5.4244437
5.5079575
5.5014777
5.5084662
5.542484
5.5724072
5.585015
5.6494436
5.6850095
5.6721087
5.6162786
5.6831875
5.587329
5.4958425
5.5761504
5.484921
5.321543
5.2591166
5.251908
5.238414
4.9825525
4.979315
5.0636086
5.0018806
4.856856
4.9576554
4.977933
4.927995
4.8417754
4.8939567
4.85504
4.901025
4.965161
4.974476
5.0128736
5.096515
5.197754
5.176106
5.322654
5.288934
5.2723227
5.3387074
5.497524
5.7116528
5.7544985
5.7133517
5.919959
5.914774
5.995786
5.962187
6.0337486
6.009596
5.9622827
5.9747953
6.011485
6.0426483
5.8810635
5.879264
5.8930326
5.8020763
5.897815
5.866084
5.811156
5.9343705
5.8750434
5.992956
6.0377274
5.923525
5.950983
5.7821693
5.8070087
5.7825437
5.836923
5.870204
5.711025
5.836618
5.6994505
5.7655816
5.818875
5.7011237
5.722537
5.6909924
5.6387744
5.7599983
5.781809
5.792506
5.9602814
5.9470615
6.117996
6.139267
6.104558
6.1084523
6.2124443
6.125562
6.177399
6.1259875
6.2524805
6.132701
5.9673443
5.9548664
5.801467
5.744619
5.7703533
5.81069
5.910057
5.827242
5.776133
5.74397
5.894822
5.694334
5.844908
5.7951217
5.907052
5.925508
5.921915
6.0134897
5.967965
5.8552322
5.900701
5.929262
5.9164147
6.1055584
6.0357356
6.0816526
6.0664988
6.087689
6.0802197
6.046466
6.002364
6.0828996
6.0131826
6.0765343
6.1061797
5.9680185
5.9696307
5.9991994
5.924658
6.0138025
5.9170313
6.060028
5.883753
6.0200825
5.9773607
5.9940715
5.9619126
5.867181
5.923786
5.840489
5.737009
5.719691
5.6887503
5.701878
5.867603
5.8330727
5.887967
5.9345636
5.8604712
5.9424973
5.8469267
5.933821
5.826549
5.953967
5.794662
6.0090404
5.910066
5.994119
5.9138803
5.9995284
5.8591385
5.901045
5.8804846
5.9635077
6.024436
5.9993563
6.0355864
6.002843
6.113446
6.0615444
6.0241613
5.965397
5.964395
6.0808296
6.0901785
6.115149
6.119872
6.071753
6.070468
6.155523
6.1246142
6.1114984
6.150509
6.149056
5.961261
5.948031
5.930682
5.8706193
6.005272
5.9903383
5.9196634
6.060004
5.979369
5.8843346
5.7160034
5.954918
5.834927
5.90069
5.741807
5.863536
5.967686
5.898678
6.051342
5.95476
6.0519724
5.9765353
5.9643774
5.9100285
6.129099
5.909803
6.102162
5.9559326
6.052975
6.018652
6.0740647
6.059915
6.0176277
5.9935064
5.925961
5.825505
6.0043755
6.014548
6.1099076
5.8503227
5.9243946
6.0048842
6.008889
6.006482
6.0465527
5.958567
6.1206074
6.0751853
6.0583243
6.037551
6.1291833
6.046604
6.0979404
5.997905
6.1018524
6.0605526
6.0441422
6.1001043
6.075857
6.2112093
6.1042566
6.16595
6.1397185
6.116592
5.925364
6.0392833
5.995719
5.8936005
6.0422516
5.883999
5.9718666
5.9284973
5.889907
5.961282
5.9733706
5.955251
5.7972455
5.815764
5.6040697
5.5890326
5.5796466
5.47299
5.616736
5.5157433
5.367623
5.581853
5.7026615
5.746168
5.7784863
5.8534026
5.837644
5.8559947
5.869633
5.8950114
5.9669237
6.1148605
6.1247673
6.13278
6.1659403
6.098404
6.068815
5.958255
5.983215
5.7181416
5.6961613
5.784464
6.011351
5.948359
6.1486664
6.1754546
6.055379
5.988779
5.9113035
6.062117
5.9208717
5.986222
6.1675463
6.006717
5.862357
5.519367
5.624422
5.481286
5.5048947
5.4721603
5.4502416
5.5234494
5.469921
5.538305
5.5707912
5.641389
5.888954
6.06491
6.27804
6.098792
6.1131167
6.122251
6.2611904
6.198728
6.0064764
6.0723686
6.097897
6.4428525
6.4764547
6.4079714
6.3828883
6.3922176
6.4284244
6.372519
6.496805
6.268265
6.151001
6.2337074
6.210345
6.2382956
6.344985
5.8212886
5.7832828
5.7201567
5.6200547
5.675005
5.7494526
5.8623896
6.003006
6.1947074
5.9342103
5.9976025
5.774964
5.8785963
5.992272
5.8885813
5.7719812
5.828375
5.961115
6.1833353
6.41263
6.319407
6.196516
6.1472197
5.9710045
5.615716
5.299736
5.127678
5.1795664
5.227067
5.2158327
5.291168
5.5224986
5.5507774
5.736514
5.8981805
5.620819
5.1874504
5.1843057
5.333381
5.413716
5.2895827
5.2816014
5.2727
5.266212
5.5035496
5.6098905
5.629283
5.7441754
5.7765803
5.8992567
5.6312895
5.653958
5.603485
5.5175567
5.5533323
5.582585
5.5420046
5.640027
5.5464272
5.7298875
5.757013
5.933284
5.9881816
5.949174
6.072407
5.9691277
5.7390523
5.650684
5.2702265
5.328749
5.1790075
5.2061977
5.1364946
5.3118677
5.2472286
5.3696556
5.3177752
5.2526765
5.3116093
5.446022
5.275855
5.147794
5.1666503
5.123004
5.0743217
5.0792074
5.024972
5.1101565
4.9696093
5.1235647
5.226003
5.0813203
5.241586
5.1398845
5.130045
5.1591454
5.213739
5.3017144
5.2330256
5.161296
5.128872
5.1962595
5.159549
5.177415
5.15435
5.09642
5.0713854
5.078968
5.0886517
5.0996575
5.1257796
5.0052996
5.062989
4.9356575
5.0448866
5.08262
4.991964
5.0971994
4.990477
5.0350723
5.0031047
4.9930377
5.0013165
4.9903874
5.0403934
4.926756
4.973112
4.9397235
4.9645395
5.000122
5.0288267
5.0010996
4.990643
4.969678
4.914539
4.856052
4.880013
4.824218
4.8913336
4.9612074
4.988819
4.9776206
4.981284
5.0188603
4.7832646
4.7188125
4.842183
4.8511343
4.917348
4.9669013
4.9346485
4.8855953
4.895434
4.85216
4.8144207
4.804537
4.78046
4.7245564
4.7484946
4.822899
4.6937494
4.771509
4.7636595
4.5872836
4.6438317
4.8531413
4.888435
4.877214
4.891932
4.9990263
4.969233
4.9444036
4.971392
4.9034724
4.848577
4.938478
4.988041
4.988409
4.91738
4.937962
5.1008215
5.072311
5.0406594
5.040738
5.166266
5.072617
5.1440916
5.0195527
5.082252
5.0826697
4.989506
5.010029
5.029743
5.0302825
5.039666
5.11787
5.072213
5.0834174
5.091205
5.0859375
5.0793176
5.200137
5.1450567
5.297216
5.1028495
5.1895304
5.1683826
5.2140446
5.1435885
5.2310495
5.2251883
5.3263297
5.1765423
5.288806
5.2603416
5.211439
5.336862
5.341124
5.2297645
5.297794
5.1301904
5.132576
5.249074
5.2815604
5.1614547
5.3186927
5.1411977
5.3587475
5.1288624
5.2820745
5.2766466
5.2188454
5.2837806
5.2320676
5.1927204
5.237687
5.1636252
5.2102594
5.1547165
5.421584
5.442567
5.328553
5.4231467
5.455586
5.442236
5.4205837
5.418251
5.5118585
5.4260426
5.512156
5.51674
5.515807
5.4511166
5.48236
5.46202
5.4480658
5.5055723
5.5074973
5.489115
5.4973774
5.5569763
5.569788
5.6145263
5.6687965
5.6099706
5.7229757
5.691932
5.644379
5.788225
5.6711893
5.7948675
5.690135
5.820584
5.831781
5.87672
5.898843
5.8648396
5.898782
5.8490815
5.849553
5.9103374
5.87795
5.8911343
5.8977327
5.893236
5.881026
5.898655
5.9324036
5.841547
5.8799644
5.881367
5.9313006
5.826747
5.9805193
5.847024
5.8702946
5.72167
5.9951324
5.7642965
5.8504457
5.88906
5.722046
5.736916
5.832201
5.6609344
5.746577
5.8588543
5.9326515
5.8506885
6.0639987
5.8764334
5.859281
5.863839
6.085352
5.8624105
6.011357
6.03564
5.992851
5.921605
6.1392145
6.027406
5.9306335
5.974559
6.038296
6.1097198
6.159429
6.233773
6.1235933
6.2609825
6.1101055
6.1404486
6.1173887
6.089613
6.0355887
5.9217854
6.0803003
5.933515
5.963067
6.0277376
5.9407344
5.961248
6.080635
6.1077824
6.0875363
6.303869
6.1407294
6.1732187
6.023534
6.069814
6.024294
5.9196663
5.9462337
5.854491
5.8615675
5.916948
5.8879366
5.825294
5.9390798
5.7043686
5.4711103
5.4185886
5.3932214
5.262441
5.2634325
5.2250085
5.4546275
5.564232
5.1450224
5.386223
5.453077
5.525511
5.5721083
5.573151
5.3138967
5.6432934
5.857832
5.6749034
6.00706
6.1926117
6.295983
6.2299027
6.262038
6.242014
6.131699
6.096173
6.255647
6.1673756
4.244869
4.4893627
5.228508
5.0970516
5.0257745
4.9261007
4.8161554
4.731198
4.7512264
4.691215
4.7777853
4.843253
4.8542724
4.9207788
4.9193707
4.9130034
4.9534187
4.77517
4.7915945
4.8936977
4.783325
4.795384
4.9188633
4.988233
4.977799
4.960886
5.1001945
4.8788776
4.7828007
4.957217
4.9412975
4.8830185
4.8477783
4.8898187
4.9146714
4.811177
4.749793
4.758121
4.8406134
4.8028426
4.8991957
4.8713417
4.9345675
4.8828545
4.9013014
4.8301153
4.8850904
4.6647243
4.730846
4.646444
4.672763
4.687798
4.8696384
5.0648174
5.0513897
5.089755
5.161307
5.2279453
5.171417
5.154986
5.180829
5.2493
5.2198286
5.206191
5.223119
5.1483483
5.207899
5.153167
5.2264843
5.1355424
5.198682
5.090345
5.1799946
5.0618086
5.1680675
5.0155973
5.162261
5.0937834
5.177923
5.136163
5.1830945
5.1395226
5.22443
5.1258426
5.111352
5.2028074
5.128188
5.1789126
5.2028375
5.169792
5.124766
5.165869
5.06004
5.140146
5.083035
5.1362057
5.1032286
5.1912174
5.150346
5.1584015
5.1699343
5.2005115
5.191907
5.215952
5.1841307
5.157468
5.175545
5.143489
5.1337
5.1419835
5.145466
5.110399
5.1393614
5.1738544
5.134968
5.1126285
5.1572213
5.1718903
5.125967
5.0882597
5.151581
5.062914
5.2111373
5.127103
5.1906967
5.112284
5.145981
5.1474905
5.1870985
5.0349703
5.155052
5.0421166
5.169444
5.0535517
5.179039
5.077173
5.142435
5.036834
5.163208
5.0964837
5.160255
5.1546636
5.18227
5.161574
5.1862984
5.0825996
5.1608324
5.1762285
5.148156
5.163436
5.1323347
5.146633
5.141509
5.201556
5.0751514
5.145304
5.131242
5.2030187
5.1565676
5.1069407
5.123545
5.1376696
5.145583
5.125722
5.1320286
5.193803
5.1496296
5.153154
5.1642413
5.15442
5.1462317
6.2943034
6.226556
6.067871
6.119609
6.144821
6.1528583
6.28793
6.258438
6.263905
6.258646
6.3244476
6.278782
6.403538
6.368503
6.440557
6.4114695
6.3951383
6.425761
6.428957
6.334599
6.4007134
6.2394214
6.40987
6.3242183
6.370474
6.2851267
6.3061514
6.342275
6.270589
6.2755075
6.189678
6.2650633
6.43452
6.47413
6.4676294
6.4482613
6.4319944
6.3841805
6.4176426
6.4004292
6.4878297
6.499276
6.5073195
6.464138
6.552971
6.513787
6.35594
6.280786
6.344711
6.348356
6.5093255
6.528877
6.5727386
6.430846
6.5359645
6.405773
6.423312
6.4116454
6.2840776
6.50445
6.2918224
6.218903
6.083646
6.1919627
6.1332045
6.202417
6.108708
5.9267154
5.9973693
5.8029203
5.917592
5.9279895
6.128961
6.0758533
6.1945233
4.378659
4.4498873
4.5091624
4.4401793
4.494339
4.499728
4.4623165
4.573914
4.4968157
4.4620147
4.5335507
4.736681
4.7898626
4.840881
4.9545345
4.9243336
4.9103446
5.1085653
5.2162495
5.3447857
5.373703
5.5316296
5.730587
5.7845135
6.135049
6.146993
6.1284523
6.226904
6.077737
6.1405807
6.0642114
6.0461082
6.0234685
5.93057
5.9448605
5.795374
5.656783
5.645761
5.6922555
5.6928606
5.7103734
5.750134
5.7170973
5.7277794
5.7096515
5.7052402
5.7199507
5.563029
5.646744
5.5833406
5.5733876
5.293114
5.2229238
5.160716
5.173378
5.0040593
4.9069963
4.931608
4.8123016
4.8391285
4.8806095
4.925854
5.119267
5.044593
5.0468845
5.068667
4.9860206
5.044635
5.042066
5.0732837
5.129384
5.0774555
5.12913
5.064005
5.0614996
5.1040277
5.1923957
5.1375904
5.134895
5.1758466
5.1553516
5.187572
5.1731486
5.1753564
5.176276
5.272904
5.2981687
5.271861
5.335862
5.2571034
5.4233427
5.2750096
5.2500515
5.2969217
5.248582
5.2803507
5.3496523
5.317787
5.3423767
5.329391
5.3392425
5.3091655
5.3515635
5.3477287
5.286829
5.273008
5.191304
5.245781
5.198553
5.169294
5.237609
5.2992215
5.2942424
5.2575464
5.2467384
5.283499
5.3088408
5.3785777
5.349018
5.344365
5.379012
5.435638
5.4505763
5.511449
5.4271836
5.500874
5.387368
5.445857
5.4843745
5.5083523
5.5105724
5.582343
5.5336275
5.546749
5.5547214
5.547843
5.651601
5.6219635
5.6434793
5.6810126
5.6662188
5.6511555
5.751156
5.679714
5.7058353
5.750224
5.735191
5.764696
5.712867
5.701064
5.624108
5.60195
5.6506453
5.6592674
5.61285
5.7156253
5.6578093
5.6290565
5.638289
5.598846
5.7054925
5.71607
5.704767
5.774078
5.7568736
5.8004837
5.663946
5.6153383
5.631722
5.5603905
5.3970923
5.373116
5.3798
5.288385
5.2834044
5.252561
5.1746087
5.2194567
5.2703075
5.3539705
5.1701627
5.2300124
5.243021
5.2944317
5.244963
5.2467403
5.307276
5.173416
5.267048
5.2143416
5.188714
5.129099
5.193819
5.0472145
5.142967
5.196415
5.11287
5.231283
5.2656426
5.207425
5.382539
5.2889733
5.3542643
5.382066
5.356258
5.40854
5.3820314
5.42068
5.4036436
5.419902
5.3631573
5.3193808
5.3726482
5.456157
5.396286
5.452292
5.389763
5.337435
5.3382483
5.264275
5.224109
5.193817
5.1191144
5.1382313
5.1442585
5.0908957
5.196331
5.0665092
5.235234
5.109025
5.1315737
5.014771
5.084116
5.1197395
5.0194893
5.115721
5.069331
5.1009607
5.175003
5.0276885
5.047027
5.1877337
5.045785
5.052891
5.1353498
5.3274474
5.367889
5.571827
5.6369824
5.7781167
5.8786287
5.854893
5.8503237
5.9021993
5.9482155
5.953143
5.9407535
5.951106
5.9397435
5.9722924
5.9413085
6.0206037
6.088764
6.0954995
6.0767126
6.2335887
6.120002
6.3304377
6.1558843
6.33078
6.12368
6.316063
6.2501755
6.2715125
6.239013
6.4046397
6.292842
6.2644005
6.2426376
6.2021556
6.1257596
6.288762
6.1449003
6.1915736
6.0904694
6.2507815
6.0973077
6.279224
6.1310577
6.288169
6.101913
6.325484
6.128653
6.245403
6.163685
6.274909
6.1577578
6.2613115
6.1622787
6.2441397
6.125299
6.2086334
6.14386
6.165286
6.118364
6.1847563
6.1312966
6.173295
6.057796
6.154866
6.0917306
6.112149
6.0411386
6.128487
6.0926323
6.1374044
6.0546656
6.1109
6.03383
6.0061474
5.967528
5.9352436
5.900167
5.9567633
5.9596066
6.0223765
6.029838
6.0400643
6.086722
6.080976
6.162022
6.106279
5.8931527
5.9378934
5.728613
5.719389
5.5566225
5.480633
5.4405823
5.178901
5.14635
5.034999
4.9359026
5.02773
4.9317894
4.8300786
4.7796755
4.8622127
4.8350315
4.955064
4.7963915
4.7838845
4.6595683
4.755938
4.7740564
4.767435
4.7632017
4.7860956
4.8148932
4.856862
4.7339935
4.835375
4.777133
4.8241086
4.8077703
4.7936277
4.8394084
4.817481
4.801563
4.796173
4.7566786
4.843957
4.8238406
4.8564835
4.868116
4.8986154
4.871549
4.8226137
4.7588105
4.906736
4.755554
4.8684325
4.74084
4.8531933
4.7454348
4.8650303
4.7988043
4.842991
4.8207855
4.9143505
4.8675766
4.764042
4.802837
4.9283843
4.84185
4.8355
4.850176
4.8415875
5.0287614
4.851756
4.9895544
4.873127
5.047297
4.8756776
4.975147
4.979074
4.906618
4.967759
4.875935
4.976541
4.868876
4.9284134
4.886131
4.9503818
4.8458405
4.904142
4.8211474
4.864724
4.83381
4.867922
4.8563285
4.820927
4.9015255
4.861919
4.86563
4.8654976
4.8630123
4.787025
4.8861995
4.865078
4.8809915
5.027166
5.2514334
5.205003
5.2883806
5.267449
5.2549963
5.2153335
5.2361965
5.12927
5.048978
5.145356
5.1876254
5.194992
5.1868625
5.1529145
5.2432327
5.193533
5.1567636
5.1569777
5.2669473
6.4062443
6.3912477
6.4762406
6.3022
6.305
6.2099686
6.1316533
6.194351
6.1437993
6.0713544
5.9941235
5.9950733
6.044566
5.9943004
5.887349
5.890781
5.9281554
5.8974967
5.907715
5.9508514
5.873733
5.9062934
5.908213
5.955289
5.9020095
5.9755664
5.908728
5.9384146
5.9386544
5.9189587
5.891254
5.8555365
5.8218074
5.9137297
5.8394785
5.9292803
5.914286
5.931219
5.9011555
5.928931
5.899974
5.8603244
5.913429
5.847596
5.907195
5.906638
4.816768
4.9576564
4.8487625
4.858445
4.959016
4.968811
4.9975057
5.0663357
5.023777
5.0887957
5.0566072
5.0747356
5.1587315
5.111746
5.2267795
5.146531
5.1839986
5.1716595
5.1679683
5.258576
5.0575023
5.2708206
5.124201
5.324113
5.1721234
5.11707
5.282279
5.130835
5.3017864
5.146904
5.205375
5.1229596
5.2389603
5.1187162
5.207415
5.0985184
5.2576346
5.096307
5.242774
5.090229
5.2853856
5.1173053
5.218969
5.098558
5.2689667
5.066772
5.260381
5.108137
5.178608
5.1271634
5.235169
5.11664
5.22925
5.080878
5.215682
5.0710483
5.253387
5.0760818
5.2331243
5.1703625
5.2890787
5.206921
5.211961
5.2790394
5.2251306
5.334637
5.2431192
5.2779636
5.217684
5.335776
5.22157
5.3441195
5.2144732
5.29945
5.224131
5.350184
5.254271
5.3609757
5.2350173
5.2790165
5.146254
5.3225417
5.1412754
5.2890453
5.1313777
5.2852535
5.12555
5.185869
5.1486287
5.272509
5.1807384
5.174683
5.1167116
5.2506075
5.1151495
5.251536
5.148108
5.232278
5.239645
5.252901
5.2293816
5.2738056
5.252866
5.2939587
5.2419004
5.275821
5.209044
5.305808
5.1631045
5.3336134
5.186203
5.327428
5.2315993
5.321138
5.241581
5.3193703
5.18543
5.2986913
5.2154512
5.3054576
5.183183
5.2898536
5.197653
5.297964
5.230171
5.249559
5.1788893
5.224047
5.1178727
5.2278953
5.1770897
5.2841563
5.1544566
5.2687287
5.1705656
5.238917
5.1544557
5.235085
5.169514
5.1935744
5.136632
5.19048
5.111213
5.185653
5.1009855
5.15812
5.118536
5.1800003
5.0942845
5.1926417
5.1026306
5.181147
5.167677
5.2056932
5.1708755
5.1938186
5.1378098
5.1736407
5.134045
5.2170444
5.1677594
5.1793785
5.1701336
5.1961093
5.1712017
5.2284703
5.1995196
5.239796
5.2443833
5.2164755
5.2477593
5.1974397
5.2142487
5.20804
5.2235084
5.1778417
5.1922436
5.176126
5.1629734
5.171043
5.10773
5.215217
5.1699996
5.1655354
5.096352
5.21103
5.1249046
5.157628
5.0964885
5.1475973
5.1313605
5.164603
5.143954
5.14499
5.1249228
5.1713667
5.121928
5.1829166
5.13707
5.153491
5.168779
5.1684375
5.164372
5.1916966
5.151491
5.170106
5.1404533
5.148854
5.1381664
5.245913
5.1917896
5.21296
5.187765
5.2253075
5.199915
5.236686
5.2040367
6.049251
5.895218
5.882699
5.823755
6.0589323
5.9121065
5.989524
6.013686
6.0758038
5.8959727
6.101394
6.0168986
6.052211
6.0204434
6.055978
5.9788065
6.0516963
5.994057
6.075594
6.016347
6.027626
6.0021977
6.026415
5.973732
6.061903
4.8208632
4.6115303
4.637654
4.6847644
4.688936
4.6610236
4.666212
4.656428
4.6635733
4.6720033
4.6578665
4.6541862
4.607649
4.6382737
4.5754027
4.603569
4.714525
4.617568
4.600455
4.610756
4.6239214
4.592285
4.6159916
4.622361
4.6357536
4.6777143
4.543828
4.6195164
4.5461326
4.575953
4.621065
4.6431236
4.561968
4.63647
4.529954
4.613944
4.502501
4.646203
4.530881
4.627103
4.5242333
4.620296
4.4747267
4.5795865
4.5379663
4.4161296
4.4182663
4.483376
4.474627
4.4668646
4.3290067
4.4399495
4.338004
4.343355
4.410078
4.3605533
4.239686
4.4805965
4.3034716
4.4370503
4.1584897
4.2723722
4.145552
4.221593
4.186165
4.15886
4.2277217
4.2320113
4.1530476
4.1623015
4.3058405
4.2429543
4.3789496
4.314077
4.4068227
4.412515
4.6688476
4.702972
4.759425
4.7567167
4.6650815
4.6778297
4.6830907
4.719159
4.746937
4.8593397
4.9466724
5.039373
4.995256
5.1103783
5.1502705
5.1675186
5.259865
5.2246447
5.2593102
5.27057
5.3913217
5.4076405
5.463571
5.422943
5.6264687
5.555741
5.72883
5.588003
5.6363397
5.581235
5.703183
5.648327
5.681069
5.6794205
5.6803956
5.713747
5.7717752
5.741774
5.7533035
5.7392197
5.8052907
5.7531133
5.822105
5.857656
5.851104
5.908543
5.8239317
5.8980846
5.8376646
5.8862104
5.865645
5.9209323
5.892259
5.914717
5.9178257
5.951907
5.968451
5.9258075
5.963861
5.980356
6.056977
5.936392
6.1374264
6.013794
6.1594877
6.1235666
6.2168665
6.143258
6.2551913
6.219885
6.132342
6.0637317
6.228585
6.094376
6.255748
6.205684
6.16403
6.1800137
6.1503
6.183269
6.1202335
6.0486035
5.9888
5.8918343
5.7976694
5.7194996
5.6501193
5.662866
5.560154
5.5141892
5.449195
5.4920278
5.524228
5.460686
5.5067687
5.530339
5.5753136
5.629181
5.6254735
5.5423756
5.7164025
5.56415
5.717053
5.583352
5.748059
5.565725
5.6560063
5.5669255
5.6305537
5.536531
5.6550484
5.528826
5.675822
5.5108094
5.658602
5.515233
5.696715
5.549835
5.6953535
5.466744
5.6260953
5.4725375
5.6207747
5.4402504
5.5726166
5.4099464
5.6437354
5.4721565
5.506009
5.456604
5.4310637
5.370055
5.3750777
5.4036865
5.4122767
5.373268
5.3954268
5.3559685
5.39693
5.4028463
5.4037585
5.364745
5.4164615
5.381151
5.4033055
5.420234
5.393085
5.324193
5.34297
5.284875
5.295853
5.230219
5.238515
5.2321534
5.238921
5.1638503
5.0980864
5.103732
5.04375
4.9230976
5.0726604
4.922676
5.1058745
4.8627515
5.0570016
4.847402
5.0363793
4.8633986
5.0639653
4.879157
5.0107117
4.865113
5.013215
4.794466
5.0000386
4.826083
4.922377
4.881987
4.8477488
4.946921
4.8278375
4.895357
4.8514204
4.876694
4.807435
4.886339
4.7875233
4.8504367
4.7495327
4.7930813
4.757516
4.819359
4.7662077
4.8373
4.743482
4.7536187
4.745261
4.7538295
4.7590666
4.752843
4.695949
4.688094
4.736236
4.748214
4.749906
4.765421
4.694035
4.753389
4.6764517
4.765335
4.667919
4.6844673
4.724065
4.782676
4.6863594
4.7416263
4.7959085
4.848844
4.838872
4.78861
4.844784
4.753081
4.8321004
4.756963
4.850912
4.770422
4.8755217
4.8042507
4.8994493
4.891681
4.898614
4.8403463
4.876771
4.8476696
4.9308076
4.8283014
4.962428
4.8141103
4.975542
4.764246
4.9904795
4.799456
4.981812
4.819619
4.9389143
4.8132005
4.9647756
4.7881136
4.907372
4.8066306
4.848591
4.759262
4.7829123
4.79217
4.8577824
4.782851
4.826493
4.730961
4.799472
4.708333
4.821603
4.691831
4.8173423
4.651159
4.810653
4.701106
4.7837596
4.6658173
4.807615
4.6865535
4.8105597
4.7224917
4.8029404
4.693367
4.8063526
4.6935635
4.773199
4.684321
4.7848454
4.738912
4.7832594
4.709621
4.79199
5.763726
5.885261
5.7795486
5.7499948
5.81729
5.7709417
5.8414097
5.7688236
5.8459244
5.7490067
5.838096
5.775317
5.8709116
5.829275
5.883195
5.7823086
5.8851132
5.872051
5.922105
5.8566914
5.91622
5.896412
5.9347625
5.9253454
5.9400635
5.895177
5.9305863
5.8504443
5.91463
5.854255
5.896553
5.837043
5.91593
5.913672
5.9219832
5.8890033
5.938131
5.9008384
5.982726
5.9389315
5.9603944
5.92595
6.0003276
5.974251
6.0610456
5.9466014
5.994911
4.287539
4.262395
4.3204412
4.2443995
4.259605
4.201315
4.251716
4.1701927
4.223384
4.1846247
4.251158
4.256219
4.252227
4.2619987
4.213259
4.161356
4.209887
4.1099143
4.249006
4.236657
4.286959
4.215721
4.28505
4.2580338
4.312711
4.3131204
4.358741
4.25992
4.2963743
4.2631464
4.250523
4.248624
4.2790966
4.31292
4.3004913
4.344612
4.4132295
4.3654437
4.3114343
4.3457365
4.4072413
4.3393807
4.419025
4.345668
4.358788
4.413764
4.4103737
4.374668
4.4167495
4.3096423
4.3633957
4.27702
4.3466325
4.290412
4.308214
4.242094
4.321379
4.325364
4.2898297
4.355296
4.3440237
4.4109893
4.270077
4.321064
4.4595914
4.3158646
4.2418942
4.2806273
4.221001
4.305898
4.222823
4.3677444
4.4051547
4.3703346
4.4090357
4.411183
4.543232
4.5723844
6.3745117
6.3186483
6.2334867
6.260598
6.153241
6.231088
6.178552
6.2812457
6.277636
6.241368
6.295677
6.3226237
6.233923
6.316104
6.2080283
6.259291
6.2550335
6.2874384
6.3346243
6.3576293
6.3789573
6.34726
6.408286
6.43022
6.328191
6.359696
6.329652
6.3513885
6.2310123
6.349896
6.187357
6.2662845
6.408285
6.6985626
6.7236304
6.6713643
6.5968194
6.3896456
6.3336697
6.294038
6.250592
6.1513147
6.017851
6.016429
5.9616776
6.0247226
5.948793
6.031106
6.031184
5.969744
5.9554396
5.8992896
5.9128766
5.908164
5.8181005
5.8995404
5.782361
5.83581
5.8686643
5.8520174
5.918029
5.9951053
6.088221
6.083143
6.1094036
6.2846546
6.1263847
6.310746
6.1166067
6.2306404
6.164545
6.3019013
4.7448697
4.8210444
4.968556
5.0842996
5.1358285
5.2031417
5.14347
5.192409
5.224833
5.193331
5.306139
5.2169094
5.3197594
5.1739244
5.3169165
5.2181063
5.325498
5.2159615
5.3360834
5.2198763
5.3409724
5.2276077
5.3649907
5.248289
5.3532243
5.2507124
5.370614
5.2406673
5.3284945
5.305115
5.411342
5.312393
5.392233
5.3061724
5.4471254
5.353252
5.509538
5.3673143
5.4637365
5.3409176
5.4910636
5.3915887
5.5044613
5.3777413
5.491303
5.4540687
5.503985
5.396549
5.5300593
5.454137
5.4819646
5.457733
5.550047
5.43636
5.6490803
5.511258
5.6442194
5.611709
5.6797495
5.6823244
5.7613754
5.687444
5.784072
5.755279
5.7922215
5.797449
5.783524
5.7998343
5.8231144
5.787845
5.6846695
5.7104363
5.7083135
5.699047
5.6544943
5.690475
5.7126155
5.6949797
5.683528
5.7756147
5.6891117
5.8047533
5.6497326
5.8078
5.699547
5.7942686
5.6865883
5.7817545
5.6700478
5.6257267
5.582329
5.7023153
5.6258273
5.6641865
5.573042
5.644477
5.5634108
5.598819
5.6285887
5.6168857
5.575594
5.6869273
5.7361536
5.6391153
5.717194
5.7714252
5.675737
5.805588
5.7392206
5.737115
5.6723175
5.711051
5.6174107
5.721827
5.670484
5.7072067
5.712033
5.748387
5.768284
5.78397
5.7689323
5.7023745
5.6667356
5.7582498
5.623889
5.6851387
5.610179
5.684887
5.6276712
5.7031517
5.6386013
5.737387
5.578752
5.7565856
5.567844
5.7187514
5.5340314
5.7146387
5.545221
5.703141
5.548901
5.741449
5.5610547
5.716002
5.576413
5.71782
5.5132604
5.7076273
5.667649
5.7489862
5.637809
5.711559
5.6680355
5.575352
5.59183
5.60082
5.598297
5.560596
5.5711937
5.559856
5.547601
5.5299377
5.5305905
5.496761
5.5203876
5.4956975
5.547597
5.4985805
5.4784884
5.4800787
5.509941
5.453437
5.54545
5.4712744
5.4467745
5.553412
5.532639
5.5799446
5.5628576
5.55686
5.497879
5.4918027
5.4218216
5.4993887
5.477647
5.460965
5.4403133
5.5079937
5.4936824
5.4635215
5.4166656
5.426737
5.4047456
5.425392
5.399748
5.417436
5.391596
5.36295
5.408869
5.4146776
5.324772
5.294547
5.3796625
5.3423924
5.2705436
5.316541
5.29102
5.488649
5.3763857
5.4204373
5.342168
5.348453
5.3314505
5.339053
5.3419414
5.3620157
5.381105
5.3782663
5.4032702
5.3162613
5.3339834
5.3349133
5.3822765
5.344498
5.3248324
5.343944
5.3772316
5.34457
5.373372
5.3616076
5.3620825
5.342518
5.34836
5.325872
5.314697
5.323006
5.331892
5.3065
5.3148212
5.3240747
5.340666
5.38653
5.3885894
5.3742337
5.336619
5.388736
5.435855
5.4237075
5.4338927
5.4403973
5.461692
5.4726114
5.4024076
5.473822
5.506587
5.4889045
5.4895983
5.388274
5.4113297
5.3873577
5.4153223
5.3941283
5.450897
5.405377
5.4481483
5.4510646
5.481127
5.5135846
5.5519176
5.5896873
5.5407085
5.5764666
5.5816607
5.563063
5.6179504
5.6649942
5.6304703
5.597898
5.608188
5.6139917
5.6000953
5.6644993
5.696935
5.7285366
5.715211
5.722336
5.726384
5.7171907
5.692545
5.726261
5.6618032
5.674789
5.6653852
5.636028
5.693067
5.651733
5.6828303
5.6973476
5.7203865
5.7194586
5.700635
5.6801577
5.782549
5.7536483
5.8077536
5.825603
5.8304715
5.716066
5.8456593
5.717836
5.668295
5.715075
5.627595
5.672426
5.618243
5.639137
5.5831995
5.6278515
5.599659
5.639501
5.5947533
5.5877504
5.6261196
5.624091
5.552373
5.544253
5.493841
5.493046
5.4518394
5.3862634
5.4968114
5.4393687
5.429025
5.3547063
5.4283943
5.4618273
5.409967
5.4473543
5.4031754
5.44011
5.5180273
5.4243984
5.5294323
5.513529
5.5768833
5.6254983
5.5662594
5.6890364
5.699268
5.659877
5.728772
5.6536417
5.728892
5.7478485
5.775049
5.7794924
5.7592807
5.766202
5.8041153
5.6971445
5.7271614
5.6902294
5.7423596
5.797718
5.8387084
5.8599544
5.7762136
5.800681
5.8084416
5.7924557
5.81103
5.7871537
5.8160453
5.806588
5.864856
5.893636
5.9640365
5.8929853
6.0538025
5.881555
6.029403
5.8943486
6.0506663
5.928862
5.9340014
5.877782
6.03045
5.89962
6.0251303
5.8838882
5.881598
5.773235
5.8331714
5.8549275
5.88403
5.868444
5.907329
5.8699846
5.8983774
5.91035
5.867088
5.9341755
5.9066834
5.8517694
5.90829
5.8457294
5.871104
5.888295
5.8055696
5.892152
5.802224
5.857395
5.7928185
5.735814
5.7499714
5.7720385
5.8547225
5.828601
5.8639245
5.8757453
5.9009104
5.8509736
5.8404512
5.9379225
5.862295
5.9046535
5.839397
6.0142984
5.7943726
5.9680696
5.786595
5.9633203
5.867038
5.879915
5.724297
5.801502
5.7475624
5.8302374
5.7446427
5.7870674
5.712817
5.718634
5.731491
5.756566
5.7868724
5.748339
5.87419
5.7481127
5.76295
5.7108903
5.7526245
5.7433844
5.7602754
5.7528105
5.718653
5.7192063
5.768735
5.663224
5.5900283
5.6252522
5.58566
5.5768123
5.5115585
5.5258183
5.523527
5.529897
5.5230384
5.5541677
5.5733495
5.5659876
5.5485506
5.6546493
5.5244765
5.5804257
5.5941305
5.6480837
5.5984306
5.6071115
6.239348
6.3297076
6.2541857
6.2812996
6.276269
6.370245
6.5106
6.493418
6.451834
6.5661044
6.577327
6.6040807
6.5748067
6.5472827
6.737016
6.686721
6.79276
6.851434
6.794638
6.84812
6.7442293
6.690046
6.593888
6.5652757
6.5565495
6.4147053
6.400474
6.2754107
6.333501
6.2296267
6.3612213
6.3442655
6.4432616
6.3207464
6.3966203
6.40566
