10000
7.7511663
7.7336383
7.474722
7.2912226
7.1894417
6.899267
6.5796313
6.5403814
6.675042
6.906894
6.9860983
7.1260343
7.1691446
7.1728954
7.251561
7.314821
7.1587915
7.03864
7.1956244
7.199154
7.644444
7.709869
7.5958843
6.926891
6.2345257
7.2090306
7.5741596
7.577419
7.4143586
5.995137
4.1519337
4.145446
4.700922
4.7016363
5.0813575
5.329491
5.336125
5.2843294
5.2438846
5.1322336
5.063262
5.121608
5.463866
5.1067514
3.432052
3.585596
3.7312336
4.2408004
4.596516
5.1968393
5.7058134
6.1682677
6.250495
5.7673445
5.1097703
4.871973
4.8487277
5.071528
4.908038
4.9794493
4.9654164
5.11869
5.3734956
5.459038
5.7992897
6.2059045
6.405205
6.214052
6.1325264
6.3115487
6.4398937
6.423357
6.4920416
6.850293
6.8085394
6.825067
6.9976263
7.286751
7.23168
6.699496
6.1347103
5.287753
4.8844614
5.2545886
4.7858114
4.530606
4.1766987
4.2898636
4.112808
3.3904479
3.276091
3.6650538
2.5316901
2.6835043
3.033574
2.8237307
3.1593268
4.9058433
5.2959466
5.3784404
4.8783517
4.327936
5.530094
5.8045597
6.5986767
7.1721287
8.002169
8.062313
8.280216
8.109197
7.3598576
7.309062
7.848019
7.6408377
7.192779
7.2058806
7.2698755
7.773929
7.7875414
7.474419
7.320511
7.214641
7.556427
8.00056
7.8780355
7.7603364
7.6668615
7.4925556
7.548739
7.427062
7.057336
6.057383
4.5581355
3.204666
3.587989
4.0469303
4.331487
4.4949007
4.053963
4.5398593
3.0738287
4.17261
4.1457825
4.459094
2.960919
3.0956933
1.8951125
1.8771167
3.1716053
2.5350757
3.09596
2.2154012
2.180375
2.4418836
3.058414
1.147353
1.2845455
1.4963775
1.6467025
1.832502
1.2845169
1.6855886
2.4326434
1.5168188
1.4235657
1.3569307
1.4179544
1.2924545
1.0972676
1.3828647
1.3976443
3.1855042
2.7272623
2.6006694
2.8437555
2.7941375
1.2103063
1.7409335
1.566826
1.0821841
2.856473
1.692575
3.4976258
0.9455762
2.2047358
2.648098
1.1190406
1.5565975
1.7710077
0.76702404
1.874445
3.2564855
1.5070177
1.5465075
1.6213572
2.685461
1.5592155
1.523316
1.1769432
2.7286665
2.4485974
1.1720711
1.0047841
1.4240038
1.6841462
2.083123
0.98211855
0.75752175
1.1808524
1.3489791
0.78308636
1.1809189
1.5364085
2.4117193
0.72558784
0.79717946
1.1703165
0.93517053
0.6357676
0.5169976
0.86670357
1.9143487
0.89131206
0.77435195
1.0753878
0.7887502
1.006092
1.156142
0.46069172
0.86348283
0.8655392
0.8204587
0.49046975
0.89160967
0.5294976
0.6991358
0.70058656
0.6099994
0.5950876
0.52614576
0.6093235
0.4981391
0.6188169
0.38698623
0.4657428
0.50412095
2.0540662
0.4880881
0.47728896
1.4768414
0.38821942
0.41049263
0.39913628
0.3601818
2.5437686
1.8429143
0.40507215
0.584057
2.6534457
0.3362537
0.36266854
0.38316816
0.40464413
0.38709757
1.7976512
0.36268756
0.33002314
0.3097562
0.3710535
1.8295357
0.38461402
1.3200474
1.0771616
1.7639407
1.8815621
1.612201
1.2334883
1.6484059
0.3925226
0.29356197
0.6356989
0.96985465
1.5324447
0.3217907
0.46424097
0.2670953
0.5345057
0.29086244
2.342798
0.30299056
0.3663392
3.7074137
3.5933328
0.64144987
0.31921485
0.31820878
0.33846757
0.62471724
0.59401405
0.5819097
0.41670674
3.4061387
0.44538882
0.3591028
0.3329026
2.5849788
0.62289876
2.3471472
4.4212847
5.545216
4.863258
4.91438
4.6529465
5.3193316
5.6303716
5.9440517
5.855054
5.9003825
5.8994412
5.779044
5.6617675
5.605399
5.735614
5.7401924
6.0791507
6.411327
6.2586226
6.5689816
6.729175
6.606351
6.758433
6.6991224
6.7068644
6.6726747
6.4331894
6.324785
6.317898
6.592156
6.705689
6.9920626
6.925186
7.23738
7.7587876
8.120143
8.150901
7.9703584
8.1912
8.43002
8.138544
8.038272
7.7382917
7.7835703
7.622718
7.5056453
7.545312
7.5814953
7.5483284
7.370229
7.1120424
6.3181157
5.870987
5.170583
5.0794945
5.6810737
5.799367
5.8844733
6.211956
6.2306433
6.082744
6.132306
5.9344716
5.680503
5.870986
6.111672
6.2176185
6.064008
5.755141
5.0294847
5.3585796
5.125717
5.3259
5.3752403
5.274318
4.880396
4.2445993
5.052615
4.751167
4.5741034
4.7354035
5.093911
5.5600824
5.8836246
6.1277523
5.3678803
4.491756
4.153205
3.654203
3.7952235
3.7054183
4.1787276
4.595007
5.240302
5.2790794
5.134733
5.174665
5.1475983
5.2790422
5.2975907
5.303829
5.2488947
5.35463
5.439897
5.3633914
5.416779
5.392421
5.4870496
5.449977
5.6860075
5.5723004
5.7012377
5.7143974
5.8131566
5.851923
5.9198494
5.998153
6.0141587
6.064238
6.0504394
6.0897827
6.2019553
6.1141453
6.0113564
6.0595675
5.834633
6.0688543
5.908025
5.916202
5.838722
5.834259
5.6156607
5.349284
4.4014134
4.711124
1.733459
1.9229605
2.3742297
5.3311534
5.349499
5.3235455
5.167579
4.9164553
4.314524
4.5501494
4.4738455
4.289244
4.4731364
4.4079394
4.5999074
4.6389546
4.8593645
4.7577496
4.811265
4.736151
4.6391287
4.965677
4.91236
4.8624563
4.914151
4.9730473
5.3540416
5.182078
4.8517046
4.3032556
4.722204
4.7431316
4.2814765
4.783429
4.784692
4.506309
4.0889664
3.404624
3.8654935
3.445362
3.0781336
2.8582287
2.815991
1.2949215
2.038731
5.2197447
6.14949
5.91171
5.603983
5.3162317
5.1482964
4.4529743
2.5755372
2.6742942
2.4190865
2.470472
2.8296132
2.8120577
2.7915432
2.9168568
3.0289397
3.0898645
2.9417381
5.1397114
4.71904
4.7739305
4.7095766
4.9025273
4.7767406
4.8591933
5.01001
4.8279123
4.764372
4.7885046
4.802146
4.631804
4.563489
4.5441885
4.2265863
4.0784874
4.000075
4.022872
4.0053105
3.0881727
3.1240337
3.250865
3.6901572
4.090847
4.06717
4.549999
5.120709
5.269034
5.214004
4.2980504
3.1828613
4.0878506
4.146407
4.0612025
4.033643
3.9309628
3.8235466
4.1560054
4.69563
4.2527514
3.8621607
4.4645023
4.4794493
4.0506487
4.335801
4.153889
3.8717115
3.3350787
3.4019594
3.3879917
3.4123085
3.3772805
3.3424685
3.2814019
3.0282016
3.0355198
3.0405023
3.3912632
3.601055
3.249384
3.0936255
3.1319387
3.0607343
2.8376203
2.9229574
2.959679
2.924113
3.1120143
3.0000458
3.1864285
3.4651446
3.6661372
3.830345
2.7614233
2.7567875
2.9243135
3.0696535
3.0276482
3.0010967
3.1626863
3.2123227
3.1557438
3.1900764
3.1651564
3.0993056
3.0181575
3.1336749
3.2202168
3.2760758
3.2272787
3.185567
3.473262
3.6262197
3.2931168
3.275392
3.5102866
3.8206158
2.8832502
3.6625383
3.2470062
3.5276146
2.9212556
3.6189325
3.0835354
4.0204906
3.5486474
3.9936702
4.0880585
3.659066
4.0395412
4.034649
4.7702794
5.0281663
5.1369066
5.0169005
5.1881356
5.1794415
5.083833
4.968189
5.1171417
5.1439414
5.04942
5.007161
5.2064867
5.220835
5.278747
5.158099
5.1318274
5.201129
5.2305865
5.2225075
5.3584366
5.589217
5.4809175
5.307802
5.559857
5.4553666
5.4354186
5.258821
5.2739
5.3470125
5.2740927
5.240812
5.361938
5.328232
5.370503
5.321668
5.56881
5.562421
5.39371
5.3321304
5.181956
5.19054
5.1256685
5.1140776
4.9094663
4.930502
4.860523
4.812858
4.779752
4.6703405
4.6417127
4.642574
4.6623917
4.7123795
4.514727
4.6216574
4.3185444
4.3890657
4.495335
4.445864
4.267283
4.2620034
4.031344
6.1595454
5.954151
5.941478
5.9883304
6.181636
6.348452
6.354191
6.429043
6.4172487
6.42751
6.3260894
6.3155823
6.2465324
6.2529936
6.2397017
6.0970488
6.0977855
5.9169054
5.7572737
5.671091
5.8873425
5.849423
6.1204967
5.9186015
6.060431
6.0918736
6.063432
6.087839
6.3052015
6.3158903
6.5192776
6.27396
6.025767
6.0812864
6.0546455
5.817503
6.0707097
6.2922425
6.4090314
6.3663683
6.4983234
6.4126434
6.3318877
6.1031046
6.0586023
6.0951524
6.3939977
6.3533497
6.318096
6.187583
6.31869
6.2328467
6.290959
6.355149
6.126733
6.057841
6.185688
6.4320664
6.329575
6.197164
6.137603
6.1801496
6.4077044
6.518414
6.5701838
6.461754
6.2072353
6.038968
5.978676
5.962528
6.0490117
5.163811
4.680007
4.7405715
4.657697
4.418615
4.2494807
4.091694
4.4550066
4.457258
4.246162
4.2009163
4.007888
4.056667
4.0368333
4.0702734
4.7527957
4.8350163
4.663596
4.419302
4.105351
4.150587
3.8860385
3.7301364
3.9114785
3.873747
3.8036697
3.7590146
3.8798954
4.1262217
4.215787
4.3641644
4.198575
4.519429
4.627791
4.440933
4.03381
3.703009
3.479257
3.4396043
3.535985
3.5304303
3.519228
3.417692
3.4926453
3.5139217
4.0635843
3.0546105
3.401731
2.9703069
3.8193476
3.8161905
3.4005475
3.640037
3.7150526
4.0325537
3.8517656
4.4852653
4.904766
5.48373
5.7096477
5.4760523
5.1013117
5.8464856
5.879329
6.096944
5.9727283
5.8085647
5.7834764
5.423973
5.633464
5.4798307
5.32061
5.4147778
5.461893
5.580194
5.363983
5.2574897
5.1227183
5.1464043
5.4305854
5.713271
5.8097014
5.9233675
5.885681
5.751121
5.6390567
5.952774
6.1027308
6.0142984
6.341798
6.13962
6.235091
5.503625
4.7654104
4.5652347
3.844081
3.7133427
3.6126518
4.560714
5.250866
5.4956207
6.1802273
6.133777
6.3948507
6.364127
6.2840314
6.715128
6.8013735
6.694421
6.3290806
6.6883516
6.8452263
6.6446223
5.853819
5.465243
4.234679
3.6672893
3.6777887
3.1225622
3.3221002
3.3172417
3.4409976
3.9296374
3.7914364
4.1002564
3.1844206
4.1545215
3.6814344
4.255994
2.2396715
0.80636245
0.6285442
1.4523678
0.7126749
3.8513079
3.7347536
3.9069605
2.2395124
4.2206783
4.404465
4.214451
4.4394855
5.148325
3.0194716
3.4717846
3.6552994
4.9143806
3.407393
4.2350583
4.470126
4.6696897
4.4780912
4.2141447
3.9901326
3.8388715
4.040181
4.380809
4.4424696
4.175579
4.076958
4.220486
4.266341
5.8858223
5.8679285
6.42838
6.8540244
7.1045356
7.0307574
6.8184175
6.6590457
6.5843873
6.7127013
6.961076
6.9709187
6.6962256
6.4543777
6.4723406
6.3861914
5.91697
5.423465
5.1684036
4.9474735
4.4711113
4.4381704
4.6282735
4.730719
4.907116
4.6035175
3.0910473
2.9787834
3.224686
4.044628
4.1963773
4.516906
5.0397196
5.1446843
5.12934
5.1031265
5.577807
5.860457
6.044656
5.36589
5.0384808
5.340789
5.8885875
6.0429053
6.014469
5.972886
6.121545
6.142961
6.005617
6.0064697
6.029037
5.8649864
5.7608967
5.61825
5.552491
5.316134
5.528182
5.9883533
6.324795
6.601374
6.368968
6.192258
5.941654
5.8460836
6.0165815
6.174875
6.346387
6.640955
6.6408477
6.567707
6.704864
6.395229
6.3073177
6.7372975
6.3414536
5.2997966
5.926839
5.851674
5.7897997
5.845559
5.5052648
5.4408956
5.456402
5.463504
5.2828994
6.194592
6.5935783
6.5493655
6.8531675
6.6615553
6.4758325
6.3790574
6.245463
6.223336
6.032846
5.860373
5.8016443
5.8721285
5.9399357
6.2032814
6.193315
6.262484
6.5508246
6.71397
6.550436
6.446203
6.7803726
6.806467
7.231159
7.248564
7.3527365
7.2384434
7.374994
7.3391933
7.296662
7.357215
7.2881193
7.3874846
7.2407436
7.2656636
7.011719
7.10894
7.047793
7.085218
7.220743
7.139798
7.3803477
7.3362074
7.4062753
7.137883
7.064824
7.4386835
7.159794
6.8804436
4.39479
6.8199115
6.763078
6.866844
6.83275
6.845182
6.7259607
6.5161347
6.363941
6.1123667
6.0637436
6.1473894
5.940787
5.8750277
5.9272337
5.962589
6.160407
6.1663146
5.9876184
5.9400053
6.1447535
6.468113
6.526066
6.5855417
6.6339536
6.680473
6.5667615
6.6771665
6.495906
6.464213
6.464611
6.5158978
6.4214296
6.3373775
6.4413257
6.313052
6.4042497
6.502436
6.7255373
6.621078
6.6200347
6.583487
6.845229
6.896435
6.963881
7.1315346
7.4716635
7.6717224
7.733703
7.790474
7.805031
7.733342
7.587542
7.5747786
7.3786325
7.2435374
7.4755116
7.5149503
7.4986606
7.4433246
7.6126842
7.369336
7.380305
7.200496
7.290212
7.1005173
6.9466844
6.8596687
7.005694
6.858364
6.8055296
6.9386053
7.252148
7.293646
7.0095453
6.927316
6.6475077
6.4724817
6.511035
6.6058464
6.314992
6.3845105
6.3752174
6.413172
6.0683827
6.02158
6.566714
6.430004
6.043517
6.1802716
5.8633714
5.555566
5.234986
5.1236687
4.9936566
4.7598605
4.783547
4.779373
4.7438736
4.6557913
4.163138
5.4449286
5.2153735
4.6471667
4.109546
5.0465674
4.8324127
4.9489284
4.8934646
5.291373
5.3520226
5.5368485
5.6372647
5.715925
5.7947397
5.580488
5.546464
5.6912007
5.6096916
5.433037
5.8958263
6.110721
6.22357
6.314247
6.208607
6.1924076
6.3474364
6.4739547
6.6187167
6.63148
6.582805
6.657181
6.6517515
6.6056347
6.4223304
6.287876
6.146663
6.0181413
5.936766
5.843148
5.72179
5.712263
5.62225
5.607823
5.701392
5.6096
5.740415
5.5819407
5.6379967
5.637077
5.75583
5.7517858
5.7405057
5.5167866
5.605901
5.6537924
5.900242
5.8756266
6.019469
5.925913
6.036877
6.051759
6.1393185
6.3763123
6.189434
6.0855927
6.2071724
5.9385877
5.9132714
6.136924
6.2717404
6.3546314
6.3468595
6.3818946
6.561032
6.721761
6.817422
6.9589863
6.9988756
6.862274
6.4813595
6.2968507
6.224667
6.0635357
6.1703024
6.3992734
6.399127
6.6922417
6.614868
6.764906
6.987838
6.993629
7.102692
7.030344
7.2182484
7.252572
7.3441863
7.3620167
7.5590277
7.566355
7.5548816
7.473696
7.9940424
7.858138
7.914557
7.7557263
7.6921954
7.630059
7.6187887
7.4763274
7.6525044
7.2734165
6.8030825
6.5739126
6.989303
6.841933
6.848306
6.8326097
6.5703273
6.5834017
6.5159445
6.6308126
6.6144943
6.617062
6.6496143
6.54515
6.166428
6.146639
5.7999725
4.6305504
2.2885904
2.40643
2.5844502
1.2909071
1.5448108
1.7171001
1.7800832
0.9004123
0.74999344
0.59302604
0.6804954
0.63273126
0.60940254
0.58555746
0.7240038
0.79137254
0.68345904
0.6219893
0.51975054
0.5463937
1.5875518
1.0350494
2.1309345
3.1803
4.106807
4.0789766
4.103484
4.123218
4.040238
4.2403154
4.2673163
4.240456
4.2456894
4.3769264
4.374654
4.4753366
4.3731914
4.545632
4.5252767
4.7165575
4.5447054
4.682358
4.6828403
4.612092
4.566153
4.647188
4.4730206
4.4862757
4.3906336
4.4355664
4.631661
4.9251485
4.209703
4.0541763
4.2197266
4.0355253
5.8474174
3.7313366
2.4524791
2.319727
0.5177254
0.58780336
0.48123798
0.50928855
0.23714173
6.4642115
4.0669565
6.534879
6.656508
6.6974277
6.7422256
6.8574553
7.1730404
7.5674353
7.8773193
7.995262
7.845219
7.638207
7.349889
7.240083
7.208789
7.1983705
7.180232
7.1132703
7.0779877
7.1034184
7.172859
6.3476367
4.982421
4.751362
4.338483
4.205716
4.6014752
4.862523
4.8277593
4.7463603
4.6091275
4.1254907
4.248051
4.805362
4.8014603
4.5729494
4.5531034
4.3903823
4.3662195
4.6777487
5.0166807
4.915832
5.4981365
4.887294
2.6882741
3.144127
3.283492
3.2389975
3.2809181
2.9203987
3.515921
3.930896
3.85697
3.4492948
3.0844712
3.5207539
3.7517936
3.5913153
3.7034235
3.585473
4.713164
4.3318105
4.1889005
5.006341
5.284115
4.5839796
0.5223969
0.44259766
1.5058397
0.84314805
0.41143924
0.30297554
0.6187162
0.6146802
0.5540965
0.56490636
0.6902424
0.65803576
0.7420669
0.70152676
0.703122
2.0891876
4.235768
4.5176883
6.941656
6.7345057
6.719532
6.699114
6.4579997
6.5771747
6.5843215
6.72528
7.051845
7.277462
7.1337056
6.8598113
6.458136
5.0152755
4.553998
0.19807068
0.14816399
0.17038055
0.24193394
0.21758972
0.21808979
0.2142775
0.28871003
0.32252073
0.36928812
0.34671903
0.43244758
0.66947407
0.7929359
1.0230292
1.4875257
4.1058836
6.6721897
7.0493274
6.923168
6.843262
6.768131
6.5994883
6.504613
6.482089
6.509984
6.436722
6.351649
6.5593157
6.534363
6.4996657
6.5233955
6.5869503
6.5762525
6.58615
6.6604314
6.703869
6.7620783
6.751016
6.771418
6.8002505
6.9792523
7.204319
7.357454
7.4374137
7.438715
7.5347157
7.58362
7.624039
7.5434313
7.5617523
7.5400734
7.5155454
7.588091
7.5203257
7.51058
7.6182265
7.582157
7.468747
7.4520636
7.402054
7.3360887
7.222945
7.105735
6.9910808
6.9600616
6.9229965
6.907312
6.837144
6.7736506
6.692425
6.672855
6.6101294
6.510281
6.495272
6.4339366
6.4311705
6.465972
6.5411
6.606187
6.6359406
6.595048
6.578123
6.6425934
6.51133
6.5858264
6.7191706
6.6522527
6.766213
6.8222256
7.05293
7.181364
7.240688
7.332904
7.3069344
7.576142
7.3734713
7.0420666
7.048381
7.091881
7.1754365
7.1017895
7.1356316
6.9855194
6.7480536
6.600965
6.628764
6.472923
6.470089
6.3734255
6.455464
6.3402014
6.381865
6.3211594
6.2751284
6.2214313
6.24858
6.2442465
6.445718
6.4374967
6.594089
6.7109795
6.9299507
6.9141197
6.907438
6.9740276
7.156912
7.1998887
7.1905565
7.2801166
7.18118
7.2687716
7.233372
7.2496147
7.1134763
7.0945673
7.0950775
7.152283
7.261116
7.0821066
7.0817537
6.889481
6.719116
6.7886844
6.462814
6.4074225
6.135068
5.7975698
5.531067
5.541895
5.4139853
5.736979
5.994337
6.0517654
5.948879
5.8298006
5.800788
5.84167
5.7110677
5.611958
5.535491
5.595144
5.620962
5.5841618
5.7669168
5.783268
5.6979065
5.685025
5.765442
5.6639047
5.701608
5.8399377
5.9097586
6.093004
6.21316
6.3095717
6.409147
6.458558
6.5266814
6.741945
6.9369173
6.9909506
7.2717166
7.3998394
7.5378466
7.4994154
7.477666
6.871071
6.297402
6.1587343
6.637452
6.9949474
7.274287
7.095155
7.695492
7.7057886
7.861661
7.7295103
7.5256205
7.217578
6.75926
6.312096
5.931104
5.609232
5.256504
5.243104
5.0856466
4.9006195
5.2048106
5.5023327
6.1069756
6.6799717
6.949361
7.0028334
7.0273175
7.2307024
7.22786
7.2298875
7.2791843
6.9579163
6.924074
7.1499314
6.7761946
6.92826
6.894804
6.913214
6.747958
6.7511635
6.6859484
6.817705
7.104724
7.2150583
7.2746897
7.2757516
7.1022143
7.184107
7.230466
7.2006016
7.0484514
7.2963514
7.193188
6.8042617
6.873638
6.962764
6.6201787
6.5582604
6.3493266
6.4885173
6.383485
6.6235447
6.938143
6.7881327
6.6656785
6.5490317
6.6320925
6.5900373
6.4191413
6.477509
5.9369507
5.5324707
4.907556
5.8233705
6.5297527
6.4602394
5.335087
4.538727
3.9025373
3.7413504
4.0076303
4.3760543
4.1580186
4.135433
4.787017
5.5716105
5.94479
6.293122
6.1743813
5.451997
5.3548584
5.7856603
5.847506
5.3048115
4.984043
5.1152377
5.256241
5.155063
5.116687
5.002754
4.875517
4.7087164
4.5786276
4.4810405
4.366116
4.584075
6.771559
6.708568
6.618888
6.16051
5.591809
6.09386
6.5216947
6.760788
7.1684704
6.987871
7.224053
7.410302
7.5899715
7.5901732
2.9837208
2.834532
2.2856495
2.6222572
2.9058104
2.6861305
3.0405695
2.3348305
2.3500116
2.3932087
2.3981187
2.14482
2.495797
3.203273
6.3221655
5.642915
6.774482
6.792861
5.626066
6.866476
6.7538357
6.661204
6.5271506
6.46113
6.201412
5.836609
5.7730446
5.6946626
5.956441
5.9219704
5.957778
6.001306
6.0373235
5.9418545
5.7775
5.493469
5.2971454
4.343337
1.9140612
2.0322683
1.9997348
2.09845
2.1659532
2.1989608
2.4012985
3.8503354
4.4778857
4.155776
4.746212
4.944755
4.874483
4.3564205
2.352185
2.348376
2.2719734
3.2070332
2.0035853
0.31931892
0.50653887
0.48561662
0.48379046
0.39069787
0.3244959
0.32633364
0.5644626
0.58470833
0.8805526
1.0331578
0.22833829
0.2531631
0.2102195
0.23594198
0.32356244
0.2953274
0.32364
0.27294952
0.34758294
0.31536508
0.27429044
0.30748767
0.8541261
0.9402061
0.45081744
0.9483354
0.2806354
0.6629776
1.8360605
0.29511178
0.25529945
0.21190925
0.24395415
2.4068768
1.9304287
0.30923873
0.8695076
1.3447385
4.5014224
5.1279864
6.4361696
6.516835
6.323801
6.372603
6.20397
6.3172407
6.32627
6.375147
6.321756
6.3121557
6.4291973
6.4036713
6.50735
6.5132885
6.4728274
6.331587
6.30063
6.1737394
6.1098127
6.1258135
6.1981883
6.3765087
6.499945
6.5173283
6.4738216
6.588573
6.4918566
6.523351
6.4487004
6.3816886
6.280754
6.452839
6.4276037
6.3980155
6.1665964
6.324453
6.3361626
6.298467
6.24599
6.3376303
6.6937003
6.6708937
6.779168
6.87034
6.9543977
6.9803753
6.80602
6.874016
6.7555523
6.8893237
6.7792096
6.829715
6.681418
6.742977
6.65377
6.678763
6.7522626
6.841215
6.916617
7.0254765
7.067564
6.917628
6.841297
6.7292624
6.620398
6.6587453
6.3481274
6.0636015
5.560876
5.5430245
5.649884
5.6929874
5.6339993
5.5880055
5.694961
5.9477787
6.2813315
6.742835
7.2384343
6.887162
6.519747
6.5190487
6.4999857
6.6230555
6.871025
6.8429646
6.9180355
6.7772565
6.770223
6.606331
6.6542487
6.7340784
6.494239
6.5955667
6.6250243
6.628215
6.816691
6.92286
6.775071
6.697746
6.6244984
6.7185173
6.8383946
6.9143906
6.8011966
7.1850777
6.533278
5.966525
6.0830784
6.2262635
6.0121555
5.8299494
5.3004127
4.35919
2.7377648
2.5595853
2.4794383
2.3534248
2.2939277
2.3688774
2.7225618
2.7920234
2.6327481
3.5103316
3.4386675
3.1422322
2.9319968
3.0081432
3.011166
5.5913873
6.625155
7.2825
7.422059
7.665208
7.510539
7.458011
7.3494325
7.2526093
7.6688795
7.4159746
6.9993777
7.070279
7.1424756
7.029211
7.250966
7.1734204
7.0473957
6.7984
6.6311755
6.7852697
6.9084363
6.75656
6.5026493
6.4951344
6.1140575
6.141125
5.868515
5.571341
5.204649
4.8991404
4.889826
4.703121
4.11518
4.1387463
4.0268755
3.8698194
3.5551946
3.7101135
3.8090205
4.017837
4.0561385
3.6527944
3.2903934
3.0914183
2.9151664
2.9504824
3.822205
3.8859656
2.3401697
4.2860484
3.429705
2.8140981
3.224758
0.31036463
0.20620152
0.17028823
0.1732379
0.18141532
0.25396475
0.2270912
0.19810581
0.13771397
0.22255364
0.35935378
0.48377112
0.385343
1.0339717
0.35832942
0.3726994
0.15690278
0.47923782
0.9729426
0.6943786
0.21170588
0.24512835
0.4298475
0.70803624
0.2931796
0.7349468
0.511123
0.4943945
0.24844995
0.6468585
1.0392046
0.22323583
0.20402862
0.21056758
0.23141505
0.23616408
0.24244107
0.22957234
0.1736157
0.18356591
0.17096902
0.15062502
0.20064886
0.2097622
0.15461442
0.13537094
0.1716972
0.17770264
0.16693625
0.16100769
0.16092478
0.20037068
0.16857542
0.121658325
0.24624632
0.7865324
0.17530239
0.3391651
0.6985294
0.5234927
0.2390798
0.4494468
0.24626389
0.5309338
0.5228751
0.2906924
0.31389272
0.2344916
0.23246603
0.21183732
0.22738394
0.23576064
0.17417578
0.15973617
0.19241066
0.24306488
0.44872886
1.0191231
2.506938
1.7146233
3.0361648
4.0326424
4.6682277
4.585965
4.4521675
4.369299
4.286029
4.266346
4.198642
4.1364117
4.120104
4.020217
4.092472
4.1565576
4.2528243
4.117646
4.009265
4.009206
4.1446147
4.1936393
4.1041803
4.201598
4.0570955
4.1302295
4.1421685
4.1008377
4.113349
4.2419796
4.106028
4.3699465
3.4071372
3.783334
3.517592
3.2568047
2.9860542
4.8620787
4.690842
3.9339342
3.7420201
3.9088306
4.4883876
4.8819537
5.1758227
5.5881
5.746631
6.0560985
6.295752
6.316348
6.308836
5.873961
5.4597673
5.3783774
5.4480724
5.9413266
6.026431
6.0591526
6.1286817
6.1458397
6.3144064
6.400522
6.131992
5.974799
5.878225
5.9520607
6.2485385
6.4658127
6.6212435
6.8267565
7.05158
7.004033
6.969974
7.1039534
7.164854
7.1627116
7.174324
7.1355896
7.1339808
7.226232
7.1669693
7.003347
6.8008485
6.598123
6.492338
6.627757
6.4690313
6.844135
6.765198
6.8815365
7.0721436
7.0768657
7.125448
6.853976
6.746841
6.7568336
6.6834297
6.6824365
6.819355
6.991989
6.781625
6.6607738
6.7314816
6.776778
6.597174
6.6139574
6.36608
5.882324
5.4005117
4.998915
4.569224
1.0955905
1.24143
1.1302159
1.1553202
0.9904457
1.1595366
0.89722246
1.0110979
0.892312
1.1742662
1.3166871
1.5293801
1.5891142
1.6378475
2.4619231
1.276554
3.3207123
3.649662
3.4674048
3.4798408
3.4670079
3.6526384
3.583935
3.529778
3.5509932
3.5573037
3.589497
4.0758696
4.1724286
4.0867662
4.5562334
3.2987761
3.2541354
3.2115364
4.0208464
3.3920228
3.8781996
3.4653573
3.531937
3.8444808
3.9116397
3.876153
3.4641733
3.740242
3.6502135
3.6865714
3.3603005
3.3286257
3.0973327
3.127981
3.2875981
3.4914713
3.471812
3.2980485
3.3393807
3.2568645
3.2027307
3.3001795
3.7689457
3.702466
3.8806367
3.9596605
3.9968717
4.3328924
4.7200212
5.026987
5.3439665
5.234538
5.3614683
5.5400887
5.2740436
5.150035
5.003356
5.225842
5.7352047
5.8870306
5.925661
6.0673594
6.249733
6.223443
6.0128675
5.828638
5.4017763
5.123001
4.870528
4.772005
4.855748
4.9198284
4.8354416
4.644916
4.719849
4.760074
4.9936123
5.04937
5.183045
5.3693514
5.573185
5.662927
5.8610106
5.9381957
5.8076544
5.9486446
6.2254705
6.4185143
6.8658547
6.9843025
6.81406
6.6083803
6.7286177
6.762866
6.748191
6.8063393
6.667692
6.631668
6.7823195
7.047078
7.04951
7.0164847
6.892543
6.8752923
6.74092
6.6551757
6.692936
6.681316
6.719816
6.8711677
6.768365
6.73981
6.7169
6.536607
6.2132454
6.142241
6.3720503
6.392976
6.2789745
5.971945
5.7237577
5.5980387
4.8353786
5.773796
5.1576996
5.5656524
6.1990585
5.96874
5.110612
5.4596567
5.7083592
5.6648545
6.1234393
5.833602
6.1339846
6.283829
6.2639303
6.7683606
6.8215914
7.273656
7.6615276
7.829488
7.7434807
7.877151
7.832485
8.051027
7.993843
7.2497125
6.6550865
6.5561166
6.6520042
7.0061765
6.736081
6.591355
6.838304
7.0725527
7.2914968
7.7872066
7.7575045
7.7929006
7.7157526
7.5651684
7.3502035
7.01819
7.2142515
7.259078
7.2745934
7.1249905
6.960356
6.7898965
7.1748652
7.202268
7.2303667
7.2869225
7.296678
7.319846
7.552913
7.6614995
7.7604527
7.786015
7.9466605
7.752328
7.6180935
7.487811
7.490652
7.4066963
7.3316474
7.2900686
7.089217
7.258891
7.2329187
7.285184
7.4273157
7.551257
7.24234
6.80663
6.282081
6.593753
6.552509
6.647947
7.0582395
6.9203753
6.794183
6.783218
6.672104
6.715345
6.608059
6.7654967
6.793577
6.8750715
7.058663
7.0936522
6.950697
6.933299
6.85023
7.043197
7.1295967
6.8714185
6.8052835
6.6858187
6.8687253
7.189142
7.071109
7.221178
7.3404055
7.4442353
7.523301
7.4026113
7.5351486
7.3154125
7.2427535
7.338072
7.2827315
7.1506524
7.063304
6.985171
6.8175154
6.638096
6.653984
6.718105
6.7046456
6.7335095
6.632684
6.5538893
6.446346
6.3250523
6.2969365
6.291634
6.1581235
6.2168126
6.2443604
6.284812
6.2366757
6.197702
6.2378316
6.1187687
6.169882
6.0602612
6.001865
5.9881983
5.9524956
5.984944
6.027721
5.984604
6.0451765
6.0335913
6.004605
6.1384277
6.135208
6.031109
6.121507
6.0869865
6.084886
6.2526264
6.305146
6.4768486
6.428727
6.6707544
6.6705303
6.7207055
6.7674046
6.756587
6.7356286
6.8493056
6.936256
7.203977
7.4005766
7.4798117
7.379368
7.378297
7.395025
7.3798866
7.360907
7.3015585
7.27567
7.2211103
7.1161857
6.9768987
6.720153
6.856209
6.762536
6.9229407
6.8057933
6.940381
6.845695
6.7445536
6.776938
6.7958126
6.7102494
6.4897656
6.418457
6.578451
6.4428906
6.460534
6.4248695
6.319672
6.336458
6.2829204
6.4743724
6.425135
6.404284
6.5540977
6.7180405
7.132568
7.1643596
7.094517
7.1688304
7.297042
7.3165865
7.4672356
7.5902057
7.611502
7.514782
7.64669
7.535263
7.7861214
7.7589564
7.7783422
7.7234216
7.6432705
7.4651775
7.0984063
6.8493576
6.63515
6.5679827
6.4926186
6.2664843
6.156604
5.9971957
5.899212
5.888463
5.892111
5.94368
5.8454275
5.7925878
5.731494
5.72919
5.767393
5.934101
5.887684
6.054855
6.113569
6.110312
6.1394463
6.21085
6.2501764
6.3912506
6.5691266
6.760875
7.089471
7.444692
7.6371007
7.8753853
8.026842
8.29053
8.273936
8.095541
8.023605
8.043686
7.8265424
7.8588614
7.6970243
7.7179947
7.5246124
7.486981
7.3988156
7.316056
7.3623433
7.3812823
7.3011136
7.385726
7.465288
7.1666
7.1352763
7.0460534
7.196492
7.0607467
7.199076
7.1904926
7.1445994
7.198139
7.2571034
7.606209
7.734205
7.7813787
7.7816763
7.793756
7.75072
7.702219
7.711271
7.8947124
8.095058
8.174584
8.20438
8.093052
8.108287
