10000
9.127787
9.237339
9.192933
9.400251
8.924651
8.979169
9.303621
9.143334
9.288082
9.190903
9.101267
9.146957
8.96075
9.052393
9.05073
8.948616
8.835332
8.651088
8.737596
8.808561
8.737021
9.031337
8.938594
8.669904
8.637942
8.496958
8.630328
8.524183
8.505781
8.263124
8.211666
8.1558895
8.358337
8.497126
8.436264
8.527546
8.633093
8.384263
8.865999
8.652437
8.64943
8.383401
8.490876
8.619643
8.734443
8.451989
8.339081
8.744383
8.748729
8.735376
8.87012
8.829724
8.85479
8.82805
8.7623205
8.773772
8.789803
8.881706
8.794476
8.781947
8.784873
8.850273
8.7644415
8.745443
8.815363
8.720582
8.679265
8.693654
8.568496
8.687887
8.645616
8.500792
8.796103
8.675664
8.780859
8.703588
8.829639
8.815722
8.883268
8.845203
8.831345
8.834725
8.691317
8.731329
8.723717
8.620288
8.66275
8.667093
8.66501
8.72093
8.706739
8.708505
8.578754
8.590668
8.566028
8.644236
8.6141205
8.604949
8.544366
8.358913
8.467902
8.400184
8.760496
8.588151
8.45771
8.557268
8.584909
8.5357685
8.5968685
8.643648
8.582461
8.647244
8.694012
8.677563
8.766079
8.80623
8.771394
8.78038
8.623205
8.609898
8.556456
8.389739
8.422105
8.456352
8.37291
8.339344
8.470486
8.620353
8.534639
8.511654
8.535322
8.557374
8.496249
8.367115
8.434965
8.431707
8.45691
8.406258
8.49933
8.472472
8.594536
8.715666
8.7809305
8.849515
8.661643
8.822121
8.87819
8.889329
8.78208
8.750099
8.743676
8.709786
8.84445
8.744994
8.847858
8.485472
8.318561
8.265938
8.340072
8.506198
8.537747
8.727784
8.796745
8.827279
8.85061
8.707622
8.845174
8.891986
8.873906
8.818883
8.628329
8.694814
8.643448
8.565095
8.470393
8.502598
8.369924
8.504987
8.5240135
8.41911
8.414885
8.405298
8.38711
8.500768
8.466912
8.519143
8.586726
8.710473
8.562944
8.671988
8.849221
8.776601
8.71142
8.558474
8.365812
8.361824
8.357162
8.460438
8.323714
8.646438
8.409857
8.511326
8.383627
8.296768
8.128922
8.088106
8.062096
8.071298
8.117979
8.012078
7.981717
7.8286
7.8370285
7.778185
7.7531624
7.758862
7.8385563
7.828744
7.9241395
8.058422
8.142295
8.017147
7.977375
8.012466
7.833705
7.771217
7.697807
7.701039
7.6270146
7.698093
7.6940975
7.724463
7.813842
7.844394
7.9378324
7.849988
7.821801
7.8231926
7.9184246
8.049479
8.134421
8.015796
8.129331
8.053051
8.017728
7.994608
7.893813
7.9406366
7.895893
7.5256596
7.78494
7.5812063
7.8514314
7.6814237
7.8643036
7.9181156
7.849182
7.9121776
8.055623
8.03011
7.9905014
7.903394
8.086809
8.055786
7.8919673
7.9915667
8.118226
8.054339
8.091423
8.290121
8.4317875
8.381284
8.439154
8.355868
8.468558
8.27461
8.200717
8.201253
8.147504
8.219752
8.216738
8.420229
8.444971
8.4191475
8.593317
8.398229
8.124969
7.958645
7.9273634
7.9590764
7.9312916
7.9954424
7.958993
7.9782467
7.9974113
8.108925
8.018586
8.223178
8.268423
8.229875
8.261651
8.118757
8.256743
8.138027
8.042199
8.01788
7.980843
7.9311123
8.099622
8.00458
7.8270826
7.742971
7.7168536
7.874225
7.8661785
7.6263022
7.8984885
7.7424994
7.8761272
8.013563
8.200879
8.100257
8.107591
7.690969
7.463122
7.403575
7.4186726
7.505205
7.603936
7.7116394
7.6550283
7.565827
7.390774
7.5245056
7.6180263
7.544406
7.5341105
7.5524907
7.7341976
7.673466
7.5882225
7.496424
7.5214987
7.492515
7.5673404
7.684962
7.8842554
7.9745264
8.201459
8.14433
8.259208
8.327937
8.391161
8.324776
8.349377
8.252997
8.243091
8.276329
8.2537
8.1866455
8.271399
8.111681
8.133135
8.003209
8.003014
7.8991776
7.8806148
7.873359
7.6888623
7.4677296
7.5849338
7.4870377
7.271591
7.3779364
7.3203063
7.4463463
7.333854
7.388511
7.493518
7.3273606
7.5470896
7.6403255
7.6155033
7.7370787
7.7177253
7.8798738
7.9715934
8.019771
8.090391
8.054007
8.088375
8.009951
8.009669
7.9355454
7.766909
7.6930447
7.964565
7.672788
7.5845838
7.82852
7.983559
8.108878
8.252731
8.384734
8.443638
8.302247
8.247443
8.015524
7.851332
7.713521
7.4401884
7.4876156
7.443242
7.2829204
7.3644366
7.3920565
7.3861156
7.4601927
7.5508513
7.646725
7.6952453
7.663326
7.5185375
7.471901
7.491184
7.4515066
7.517384
7.6844487
7.3261547
7.457917
7.5449505
7.478554
7.6184654
7.2056675
7.2693624
7.4087753
7.160029
7.1382513
7.0877414
7.4358172
7.2032824
7.1500645
7.037183
6.901585
6.9174266
6.8019385
6.5650806
6.471745
6.210541
6.2514725
6.2496557
6.158805
6.2984395
6.2424455
6.3964133
6.4667583
6.6210365
6.7272496
6.6310487
6.630042
6.487059
6.4439588
6.3618956
6.3399334
6.4752316
6.275493
6.247994
6.4003396
6.7967873
6.6852317
7.0122075
7.2530355
7.045227
6.8644733
6.606897
6.236472
5.9598093
6.037102
5.921297
6.04013
6.4144316
6.232284
6.1798654
6.4285183
6.2614536
6.3650393
6.3944197
6.171111
6.1385813
6.1573367
6.2098656
6.1663837
5.9779906
6.2251678
6.0581436
5.8178835
5.7122693
5.5281324
5.2951493
5.142581
5.2097807
5.162008
5.304763
5.2422557
5.1745205
5.434345
5.455937
5.375205
5.4577417
5.509721
5.4159007
5.416341
5.3070693
5.243495
5.2539606
4.9319153
5.413785
5.2785397
5.409402
5.408919
5.211732
5.3726315
5.622846
5.3841825
5.5145993
5.290597
5.3858995
5.1029468
5.1475224
5.298851
5.553108
5.58838
5.9718823
5.866088
5.992889
6.1951323
4.6730313
5.2549777
5.319564
5.444172
6.0612016
6.40734
6.249667
6.4366517
5.9387918
5.9586143
6.0757265
6.127733
6.399161
6.592278
6.6336265
6.548985
6.5020957
6.582455
6.537484
6.6841326
6.9928756
6.536573
6.538916
6.316119
6.026055
6.362273
5.6151457
5.862688
6.2140455
6.3387685
6.10627
6.326929
6.2245917
6.2480736
6.2095466
6.307632
6.396123
6.231791
6.1494517
6.1193957
6.478679
6.6596484
6.8907404
6.7100325
6.3379097
6.3375616
6.366511
6.3411093
6.058306
6.0085034
6.0379825
6.136358
6.0887456
6.241237
6.1911554
6.0120068
5.8719897
6.034138
6.0754232
6.219835
6.3332653
6.245469
6.3297997
6.415697
6.5786467
6.6972566
6.538863
6.664816
6.6527066
6.5125685
6.366165
6.423197
6.2256827
5.9470153
6.0082183
5.8421793
6.2879868
6.214949
6.5298877
6.4477663
6.547412
6.6298876
6.961645
7.0324407
7.0597215
6.81483
7.193667
7.22314
7.087494
6.730457
6.7647133
6.7686596
6.854382
6.472254
6.551193
6.518611
6.5797305
6.496701
6.4580655
6.601296
6.3775673
6.4079056
6.424412
6.604539
7.037256
6.950725
7.053725
7.0346713
7.307727
7.0527873
6.880414
6.8523083
6.9298086
6.8097315
6.566848
6.440487
6.63931
6.4706087
6.6533995
6.8513236
6.914278
6.7731104
6.6624985
6.8331027
6.806262
6.668357
6.968213
6.4967566
6.66476
6.4818535
6.5057592
6.653425
6.926814
7.013795
6.8590984
6.468654
6.177182
6.2174973
6.1471276
5.868817
5.778636
5.619037
5.453577
5.2230506
5.113465
5.2078776
5.4469886
5.598957
5.3424563
5.2927938
5.507577
5.7009287
5.6346827
5.2914143
5.1768312
5.621102
6.2079515
6.447213
6.605756
6.278686
5.9456134
5.6643205
5.20713
5.189893
5.0583925
5.0660114
5.3306937
5.6332808
5.725272
5.8473296
5.9479017
6.2519526
5.9760003
6.1702976
6.1208825
6.6685033
7.0321803
7.1893506
7.1353908
6.982691
7.1944103
7.5035706
7.5672755
7.494211
7.51699
7.343275
7.316294
7.18771
6.9753876
6.77522
6.807071
6.6300097
6.46159
6.172988
6.3876333
6.43394
6.2449226
6.4181113
6.2633085
6.238403
6.1695385
5.8654757
6.015345
6.2042274
6.349908
6.267147
6.398433
6.576002
6.426569
6.637454
6.4373417
6.428222
6.6329045
6.739885
6.8538547
6.910874
6.8607454
6.4457836
6.062449
5.8834662
5.8551702
6.2029743
6.245861
6.315357
6.393465
6.3838263
6.5620456
6.4562893
6.3223634
6.407452
6.4218607
6.304618
6.1965446
5.834739
5.4793673
5.5097694
5.768829
5.8877373
5.6737003
5.3312845
5.105413
4.830986
4.70942
4.9387054
5.261364
5.4414144
5.3764277
5.2796955
5.390009
5.578074
5.5536766
5.472498
5.7938232
5.509051
5.571328
5.4075513
5.3752294
5.569505
5.470612
5.540549
5.6461425
5.9864025
5.966535
6.1782436
6.3057327
6.187843
6.3490815
6.232224
5.843395
5.7735577
5.8425665
6.0463367
5.9891953
6.137207
5.9335055
5.8386426
5.8878417
5.8012214
5.721824
5.6058483
5.7602963
5.811229
6.1903644
6.3302956
6.204767
6.187538
6.031039
6.3823853
6.267962
6.349235
6.542466
6.430555
6.2472796
6.360595
6.463659
6.5365047
6.774545
6.71373
6.7328634
6.7907324
6.638451
6.7706795
7.003345
7.1276727
6.841402
7.1076026
6.8984118
7.1330776
6.9434557
6.712224
7.011257
6.841483
7.088439
6.9843044
7.1258297
6.856348
7.340693
7.2533064
7.5291195
7.4549756
7.44274
7.312902
7.5543203
7.285796
7.2325125
7.1333084
6.90364
6.98993
7.084829
7.018424
7.101069
7.0874267
7.129189
7.24091
7.218752
7.137526
7.1999846
7.2253637
7.3037643
7.1974545
7.183371
6.959656
7.2127085
7.0896893
7.1829004
7.1542025
7.1922026
7.264844
7.2032347
7.0165973
7.199843
6.9013853
7.156754
6.742339
6.589601
6.36907
6.0941806
5.872898
5.9834857
6.04292
6.203349
6.14317
6.0459833
6.157523
6.133133
6.473538
6.3776627
6.58113
6.5228524
6.374717
6.779079
6.496586
6.6252937
6.5381455
6.739786
6.7766447
6.704717
6.74523
6.946935
7.15459
7.356104
6.991289
7.0322104
6.902424
6.9848437
6.752815
6.6755757
6.6755958
6.605031
6.7826023
6.8145638
6.9680543
6.791317
7.034255
6.8371277
6.9308887
6.888124
6.960772
6.852353
7.022318
6.913269
6.9509687
6.8640757
7.1016355
6.940377
7.144084
7.3081427
7.0345488
7.1537576
7.079002
7.2951107
7.2806997
7.4317865
7.3236547
7.1085196
6.880704
6.7823033
7.155972
7.086142
7.094595
7.0414286
7.1718106
7.2073507
7.0739775
6.8497286
6.5772924
6.5136104
6.601783
6.750504
6.4863997
6.5047255
6.533828
6.759063
6.5731783
6.650532
6.4728966
6.5997853
6.741035
7.072385
6.84113
6.5143857
6.1774354
5.9513464
6.239426
6.5285735
7.01496
6.991373
6.8617754
6.6955166
6.825617
7.043112
7.049038
7.0484505
7.077483
6.9872956
6.666896
7.0217032
7.123852
7.3110237
7.13944
6.935837
6.914497
7.002409
6.866031
6.5991025
6.802003
6.831456
6.610041
6.6397705
6.519682
6.7221317
6.5916424
6.523597
6.6948166
6.591855
6.9035587
6.815468
6.8433986
6.701981
6.915718
6.7657976
6.915801
6.963371
6.909228
6.9762335
6.79955
6.5624156
6.4558997
6.4476013
6.351184
6.3933315
6.254165
6.6106653
6.6288676
6.380089
6.515334
6.764935
6.7412415
6.730216
6.583454
6.896374
6.7649117
6.8502874
6.676544
6.683136
6.568722
6.6172476
6.7756767
6.8799057
6.8857026
6.919492
6.8728952
6.7554255
6.806175
6.7410994
6.756378
6.6803803
6.687931
6.551403
6.4794908
6.1678734
6.332087
6.3423305
6.1349792
6.221915
6.2526073
5.6777916
5.590941
5.678545
5.6353693
5.578899
5.722292
6.0042405
6.453756
6.9554887
7.0999784
6.682004
6.729805
6.742777
6.7559195
7.0242047
6.937036
7.0488377
6.7222843
6.4015093
6.115616
6.157288
6.1578517
6.0329385
5.9527345
5.6758575
5.868599
6.2141304
6.062037
6.160615
6.9443703
7.102949
7.035427
6.8336735
6.6833777
6.848014
6.891625
6.9578342
7.0486536
6.9717417
6.900196
6.8704996
6.9573593
6.6790257
6.68563
7.001626
6.9060035
6.451684
6.114194
5.696956
5.3973155
5.5462804
5.7320185
5.8913727
6.066928
5.9944053
6.1772385
6.1952558
6.19508
6.15738
6.4595385
6.3903418
6.3677454
6.6739235
6.565041
6.7298946
6.465924
6.333168
6.6176205
6.4861045
6.532464
6.6112695
6.7180424
6.7760797
6.805556
6.8493204
7.013402
6.975648
6.8975983
6.992552
6.8540287
6.7210894
6.7519746
6.732092
6.7133045
6.833119
6.8024964
6.621821
6.4264684
6.415641
6.3846436
6.2414308
6.277774
6.2756863
6.068275
6.0936003
5.8348923
5.9240675
5.949354
5.857171
5.897065
5.8989573
5.847297
5.9509196
5.9474564
6.057045
6.5030622
7.222329
7.3469453
7.116628
7.035355
7.0270147
6.89258
6.939347
6.820299
6.362278
6.5325
6.4061813
6.434632
6.575429
6.6545963
6.6730733
6.7244005
6.754198
6.829254
6.841671
6.7003126
6.9576406
6.8843985
6.826633
6.904573
6.8179855
6.8396826
6.642675
6.5493536
6.7915964
6.464367
6.6831484
6.6847715
6.845003
6.7795806
6.9185467
6.8190565
7.0570326
6.7555065
6.8301353
6.6016393
6.5724897
6.6689005
6.784502
6.9917936
7.0397944
6.85999
6.8128643
6.9970856
6.9356046
6.768159
6.7143297
6.699909
6.748644
6.8920608
6.9317594
6.800519
6.8830395
6.9487934
6.9851465
7.0177913
7.1828446
7.0174627
7.258155
7.132755
7.2804165
7.4390726
7.491006
7.305489
7.2936015
7.41606
7.3903103
7.323553
7.5166817
7.5921764
7.5468674
7.617193
7.2072334
7.1810465
7.271425
7.3196416
7.2810245
7.23519
7.2591295
6.9922643
6.912204
7.0031686
6.926691
6.913843
6.8320127
6.713899
6.566245
6.5780926
6.618471
7.057319
7.301689
7.231902
7.20117
7.0183916
6.964327
7.1411552
7.0843
6.984944
7.173581
7.0430913
7.0764847
7.14038
7.1350894
7.027564
7.05268
6.919278
7.1945467
6.977254
7.0214562
6.9411297
6.7912087
6.825804
6.91106
6.6972437
6.5831304
6.7196136
6.539713
6.3909054
6.25892
6.3161325
6.298962
6.2510686
6.216326
6.2239165
6.200531
6.098672
6.1667824
5.8076725
5.701101
5.606167
5.5554996
5.8188977
5.930371
6.0809007
6.1182885
6.03189
5.933405
5.7115965
5.932375
6.009773
6.1762595
6.17245
6.5846124
6.5270343
6.335696
6.45777
6.5916286
6.5864964
6.6054273
6.5413227
6.479273
6.5759845
6.7949686
6.5284038
6.4687796
6.465188
6.5729923
6.594249
6.673845
6.800737
6.193386
6.040234
5.957305
5.9020553
5.9123397
6.0159063
6.1682024
6.070797
6.0165687
6.154396
6.153332
6.3016915
6.317805
6.3710313
6.4480653
6.6815724
6.7033925
6.7143793
6.8575892
7.100936
6.684685
6.6048326
6.61328
6.7209764
6.6490283
6.443227
6.5028844
6.655525
6.6863313
6.665692
6.4693503
6.469139
6.4536033
6.5045805
6.5866075
6.6864157
6.769951
6.6552525
6.5362725
6.4180875
6.374377
6.4460654
6.6197085
6.571406
6.82708
6.897803
6.770535
6.5817695
6.496067
6.48459
6.5207624
6.63839
6.5877013
6.5191793
6.4733825
6.652971
6.7325034
6.712343
6.64857
6.570936
6.3818946
6.301647
6.3107586
6.2419925
6.3589993
6.1528006
6.237949
6.62936
6.374281
6.3911514
6.4027405
6.2401094
6.116147
6.306307
6.349354
6.3052917
6.319478
6.067125
5.9995594
6.1120906
6.1913514
6.2869987
6.3928313
6.326862
6.3178415
6.264993
6.3005047
6.397031
6.475641
6.4473414
6.3575716
6.3004594
6.159664
6.105365
5.989355
5.9593678
5.9063888
5.826925
5.792846
5.8368196
5.845163
5.7881484
5.857571
5.724891
5.7362146
5.7437797
5.8336782
5.8064938
5.759215
5.449238
5.328165
5.148695
5.092288
5.1403637
5.13051
5.2937765
5.1149735
5.3160496
5.6354265
5.9202414
5.8819604
5.8334637
5.7605486
5.877684
5.7909102
5.749591
6.2454996
6.4007215
6.221444
6.1474533
5.9829297
5.688902
5.5468364
5.7328157
5.6095896
5.639298
5.775436
5.515127
5.4950867
4.854467
5.030924
4.789902
4.9211526
5.2126513
5.5156374
5.1766434
4.9280906
4.72886
4.9825187
5.091374
5.340497
5.4209547
5.507066
5.395504
5.4299717
5.362242
5.573848
5.5246964
5.4672747
5.4965262
5.5279236
5.362407
5.286283
5.209748
5.2192307
5.065332
5.163761
5.245784
5.146302
5.0570874
4.9564185
4.909396
4.6647725
4.6086526
4.7278686
4.8167095
5.1515417
5.1551003
5.343419
5.3814797
5.60673
5.669642
5.67926
5.64916
5.618004
5.5845957
5.59774
5.7313747
5.514449
5.5888286
5.9747353
5.7179165
5.7472935
5.5855875
5.2253537
5.0478683
5.2342095
5.1355305
5.238098
5.3727713
5.286225
5.345515
5.20425
5.1990986
5.1855206
5.0531588
4.9062023
4.960802
4.724911
4.8201385
4.8894825
4.8799706
5.0464463
5.071717
5.074844
4.997997
5.128001
5.170299
5.173971
5.227563
5.32401
5.344161
5.2964544
5.250417
5.156777
5.2274203
5.247625
5.1511593
5.0524225
5.042185
5.023578
4.686434
4.824885
4.6787825
4.5552917
4.4355903
4.4676538
4.588723
4.2678814
4.2567263
4.2424865
4.1731715
4.126863
4.2035785
4.198333
4.2455316
4.407388
4.364153
4.4996495
4.4960437
4.574731
4.5249214
4.5480933
4.4498806
4.4707575
4.5331025
4.4478364
4.557288
4.5986447
4.6160135
4.713036
4.693022
4.707029
4.596072
4.488764
4.596744
4.612017
4.577085
4.4555573
4.4711156
4.4306674
4.498472
4.435942
4.467604
4.4766603
4.602311
4.8263216
4.7674155
4.820596
4.745048
4.6613636
4.48545
4.728542
4.873636
4.9323745
5.1369524
5.306596
5.435074
5.4783754
5.383311
5.3961644
5.2384734
5.1627846
5.081425
5.2023587
5.3174653
5.3856416
5.444399
5.352487
5.539999
5.361754
5.469143
5.3567085
5.243119
5.3410506
5.3442526
5.4229383
5.313077
5.252705
5.3436975
5.454241
5.5472207
5.716375
5.9297447
5.807653
5.7373905
5.828508
5.70543
5.722361
5.8098264
5.6191545
5.6584225
5.6744184
5.5951195
5.8374176
5.7517023
5.8092637
6.0088224
6.033382
6.3281674
6.759
6.8493867
6.95206
6.9343743
6.825972
6.8312693
6.63808
6.7009063
6.557409
6.5893807
6.7100353
6.873229
6.7444534
6.3542805
6.130575
6.040811
5.851663
5.8202677
5.828034
5.726487
5.6586814
5.680666
5.515276
5.535022
5.549254
5.8861623
5.80714
5.9327965
6.1804786
6.15728
6.094855
5.8747406
5.708562
5.6414323
5.973926
6.0290303
6.009674
6.180493
6.2659655
6.1149883
6.663707
6.8878875
7.0960765
7.253473
7.435361
7.6213226
7.705057
7.868695
8.087935
7.6646166
7.2242327
7.2051644
7.1775603
7.265917
7.145973
7.055146
6.9438496
6.9525986
6.846353
6.838609
6.903308
6.6997886
6.459133
6.2515416
6.308719
6.146202
5.975313
5.9196663
5.796025
5.7143526
5.8679924
5.5185266
5.5138297
5.6527505
5.8972826
6.0085144
6.4073696
6.5489373
6.4523735
6.835029
6.874291
7.1953554
7.3352003
7.2833
7.2722573
7.5474486
7.578512
7.6919556
7.952426
8.004085
7.7575774
7.336529
7.2343507
7.291914
7.478951
7.550911
7.8389616
7.738291
7.67331
7.6313524
7.516108
7.659945
7.48103
7.5362315
7.2083898
7.1405334
6.9436903
7.0434
7.0819225
7.1565647
6.9087543
7.2161894
6.7149844
6.6457787
6.5015607
6.3508205
6.178105
6.4452386
6.6333327
7.2075934
7.124476
7.3425317
7.083442
6.932767
6.8292537
6.64713
6.7237697
6.7613807
7.0693617
7.199483
7.0842776
7.233438
7.479085
7.602957
7.948383
8.081177
7.9256954
7.600098
7.1401725
7.191065
7.637241
7.7914915
7.734
7.5564575
7.658213
7.438689
7.59812
7.2490478
7.3363366
7.043719
6.901845
6.7832375
6.757799
6.4379563
6.419988
6.297029
6.3244348
6.1633315
6.237868
6.390881
6.1397405
6.194116
6.188242
6.2594585
6.698715
7.0353947
6.9978933
7.098436
6.8961153
6.7459826
6.641713
6.771628
6.712071
6.6842694
6.6911836
6.6822047
6.4457097
6.1447
6.262526
6.1535406
5.9286594
5.986513
6.048435
6.592297
7.0783954
7.1266413
7.312072
7.1786537
6.891314
6.5794373
6.272089
6.2396684
5.863133
6.2522354
6.5222197
6.724715
6.396362
6.621437
6.3479776
6.739066
6.9787273
6.931348
7.006542
7.0349727
7.069888
6.8151126
6.8966284
6.853872
6.936495
7.0515056
6.8760643
7.103117
7.007863
7.243243
6.978866
7.0707574
6.8105717
6.469846
6.505064
6.7034473
6.889219
7.2510853
7.181758
7.5720944
7.691101
7.9354296
7.9451694
7.8316245
7.863961
7.8310595
7.599881
7.7896056
7.7367926
7.8848295
7.9383883
7.7540727
7.6572666
7.759785
7.81252
7.7248015
7.5166793
7.7230024
7.5966263
7.7398505
7.495299
7.651001
7.50853
7.405283
7.3889937
7.4042325
7.2398705
7.1650033
7.153906
7.010662
7.0277696
6.752032
6.8925815
6.884473
6.82196
6.430237
6.2710037
6.3880615
6.348128
6.425635
6.7021194
7.2681246
6.9985127
7.4013767
7.1502304
7.4221144
7.438757
7.633154
7.550983
7.684504
7.6990547
7.7517204
7.7842126
7.9211135
7.8600245
8.08239
7.7327566
7.4503083
7.110378
6.970089
7.1658773
7.0186696
7.141201
7.1482935
7.019687
6.8569164
6.724757
6.6096177
6.877264
6.537936
6.7300134
6.5600863
6.2346683
6.5011163
6.405943
6.363264
6.7942395
6.7171493
6.6657686
7.0494003
6.5916514
6.592926
6.3582015
6.601073
6.6008353
6.7736683
7.165695
7.056488
7.2304688
7.325174
7.3028736
7.6158247
7.6493645
7.6569657
7.6457686
7.5435
7.5573525
7.4188747
7.4481153
7.023456
7.14481
7.1037416
7.3753824
7.0922194
7.154276
6.9161797
6.911931
6.89404
6.877787
7.2070127
6.9771085
7.268034
7.1609282
7.0060515
6.7475796
6.7485456
6.525073
6.351761
6.4736
6.371897
6.321701
6.4864044
6.390642
6.284123
6.3581653
6.0048227
5.831414
6.139068
6.1443543
6.2980447
6.3723226
6.6374793
6.6192303
6.9871454
7.153338
7.5009246
7.453451
7.1459866
7.357047
7.3352003
7.2247305
7.2082043
7.501214
7.1752496
7.1042175
7.3127546
7.1179175
7.2272353
6.9430146
6.9498377
6.815048
6.6796584
6.638291
6.5038786
6.0235047
5.8208284
5.9405074
6.028033
6.0119333
6.216094
6.315352
6.2360578
6.126449
6.3608427
6.042834
5.98674
5.8977604
5.753758
6.189513
6.2361383
6.5529976
6.933692
7.1935716
7.147593
7.2866406
7.1394353
7.740164
7.527919
7.7182035
7.607327
7.861914
7.8982916
8.19014
7.702497
7.541573
7.438279
7.618319
7.4952536
7.273385
7.3548346
7.0400376
6.994465
6.9432306
6.900564
6.55284
6.453112
6.2818894
6.0749583
6.2512608
6.1307645
6.0407553
5.7998867
5.604079
5.5083385
5.5007076
5.4064617
5.427844
5.3673544
5.3606634
5.4574695
5.509698
5.8725257
6.283636
6.42957
6.656417
6.827408
6.6186695
6.8023996
7.0264173
6.912323
7.291414
7.546646
7.733853
7.7848277
7.719989
7.594033
7.8577204
7.8141947
7.4597464
7.4976707
7.2094927
7.101465
7.1510468
6.9623413
6.975287
6.926459
6.9700375
7.0527673
7.0306816
6.8397746
6.8569202
6.8103523
6.680011
6.887399
6.786737
6.7515316
7.0893188
6.9268403
6.922486
6.848366
6.9763074
6.428296
6.3509407
6.112674
6.180714
6.159021
6.2154655
6.4143624
6.3257384
6.895459
7.0135307
7.433424
7.3580346
7.3659096
7.171964
7.488913
7.4686575
7.432339
7.6781034
7.2965536
7.1415944
7.0549364
6.9159307
6.116585
6.4730024
6.3137007
6.508857
6.4429855
6.5344543
6.5014825
6.3587594
6.543907
6.474093
6.322402
6.413057
6.001381
6.0857573
6.010184
6.276137
6.354145
5.979673
6.005027
5.831176
6.023897
6.0305357
6.1736956
6.3642673
6.4996085
6.7342415
6.667896
7.0022335
6.8603454
6.8180337
6.935954
7.101566
7.118635
7.068631
6.9423637
6.4486313
6.4400024
6.2916217
6.561318
6.6209645
6.2771907
6.382856
6.330884
6.3752923
6.1340814
6.1730185
6.005961
5.708891
5.4930334
5.592131
5.8695903
6.3474917
6.1173635
6.2375426
6.063776
6.359289
6.282534
6.4762564
6.5325856
6.5440226
6.5832405
6.8947983
6.9553375
6.937343
6.9701295
6.8297777
6.781029
6.875785
6.9233823
7.011036
6.724579
6.934554
6.268723
6.359049
6.5075154
6.3322315
6.4503202
6.2122493
6.2162356
6.0385365
6.3906436
6.1221747
5.8572865
5.9885154
5.716361
5.431614
5.929503
5.841436
6.006777
6.097091
6.064511
6.190059
6.527913
6.33374
6.1199293
6.0504346
5.9367304
6.07855
5.808198
6.007683
5.4934154
5.4273934
5.2715435
5.5573583
5.8439703
5.871692
5.9293385
6.246648
6.1357784
6.1658273
6.208288
5.9178333
5.835832
5.938552
6.0040865
5.6691446
6.484254
6.19837
6.5424795
6.52544
6.6742887
6.508025
6.5023303
6.3704123
6.5565658
6.506959
6.196705
6.2678814
6.218476
6.218187
6.2718253
6.4989595
6.2827597
6.2579055
6.402336
6.383757
6.6052914
6.468617
6.3544292
6.2718287
5.9250627
5.7826943
6.0430856
5.7575736
5.9911118
6.247956
6.4953766
6.5203166
6.9064083
6.7575846
6.9975014
7.267517
7.452452
7.4044986
7.3272734
7.043591
7.1097107
6.3954067
6.507064
6.3725967
6.294903
6.997189
6.704355
6.641708
6.4903297
6.308354
6.435556
6.656462
6.537733
6.2418213
6.0206203
5.4501386
6.261717
6.294972
6.697897
6.5447006
7.046256
7.1909833
7.179219
7.142503
7.0438523
7.155264
7.153144
6.944901
7.2459173
7.173409
7.0961537
6.871406
7.004359
7.2970686
6.782553
6.949416
6.364006
6.554493
6.2718916
6.7864165
6.7552366
7.048788
7.388895
7.2172804
7.284551
7.154961
7.3281236
7.285753
7.1351833
7.247519
6.9329658
6.8588753
7.0163918
6.8904815
6.9358015
6.658861
6.7645745
6.869721
6.9739547
6.772938
6.7707715
6.7275624
6.9250355
6.871005
6.588042
6.7853866
6.813608
6.708433
6.598914
6.6222405
6.7149467
6.6857734
6.7500525
6.7180243
6.5985093
6.8342133
6.787687
6.6787395
6.594978
6.6979556
6.7044044
6.64868
6.760624
7.112031
7.2501063
7.2141805
7.2220244
6.9270077
6.596204
6.9037514
6.950866
7.015702
6.6744657
6.675703
6.154103
6.2110505
6.6525173
6.5319514
6.454472
6.424871
6.3177495
6.2685494
6.197936
6.2653036
6.178726
6.3926353
6.203246
6.2139716
6.0671515
6.267023
6.0692525
6.492046
6.7104573
6.4478717
6.0480742
5.897657
6.0176277
5.985456
6.429863
6.63824
7.037379
7.0371757
7.0916104
7.313403
7.348798
7.033995
7.24413
6.9303517
6.9624186
7.0473123
7.1625767
6.660559
6.831066
6.8204694
6.711668
6.517895
6.636953
6.5784526
6.3153715
6.1784368
6.103363
6.120703
6.023453
5.983205
6.0008616
6.237811
6.167616
6.1205826
6.010108
5.9455147
5.8236794
5.9334555
5.943394
5.721364
5.705055
5.6749496
5.533659
5.406464
4.9678926
5.2728996
5.296617
6.403798
6.968036
6.980956
6.9231033
6.8543143
6.59743
6.879303
6.743561
6.7486844
6.5893607
6.036351
5.796426
5.770309
5.7738
5.587993
5.4954915
5.486758
5.5246315
5.6025443
5.3590198
5.4211106
5.4556336
5.6621284
5.8561764
5.970605
5.971329
6.102893
5.888852
5.67721
5.1340756
5.079119
5.045751
5.0012746
5.208253
5.541836
5.4837136
5.142903
5.214035
5.2632093
5.207933
4.9956365
4.4579067
2.4827647
2.758507
2.719757
2.8142922
2.9120235
3.1143498
3.4754653
3.4939606
3.4397929
2.9486804
3.5397222
3.3302896
3.5470934
3.244679
3.794127
2.5417254
3.4037921
3.2298632
3.01217
2.8136582
3.1192122
3.290067
3.1102347
3.3136253
3.1736903
3.241577
3.2092662
3.3248422
3.3715148
3.4149263
2.7626538
2.7546299
3.375336
3.2813044
3.2505283
3.4348254
3.505848
3.6196752
2.6230626
4.2586603
4.212695
4.0435114
3.8841343
3.953311
3.7070541
3.9061012
3.9149256
3.9603138
3.8188162
3.5608525
3.7282023
3.7658818
3.6433609
3.7866683
3.6948328
3.411801
3.2795672
3.4310079
3.5750904
2.6138475
3.399396
3.4611502
3.5163455
3.502087
3.405963
3.1972334
3.1882133
3.1556578
3.1564434
3.3934553
3.319636
3.43861
2.7903552
3.3125157
3.350278
3.3305626
3.3801045
3.1934063
3.3608203
3.36573
3.430593
3.3613198
3.258581
3.2655883
3.2322595
3.6106198
3.2192714
3.3225558
1.5867862
3.4303482
3.3229396
3.6773846
3.6446786
2.298308
2.5408146
3.8515363
3.9087775
4.12995
4.1545324
4.066642
3.412018
3.6960537
3.9547975
3.6026084
3.5739343
3.675974
3.5553231
2.8484695
3.4629629
3.4126465
3.4794335
3.454576
3.1501184
3.2126107
3.2980485
3.4349933
3.5395205
3.4494176
3.3292696
3.1980584
3.398559
3.2855208
3.2084026
2.879754
3.4855533
3.5937672
3.8764222
4.10316
4.173941
4.5139866
4.511462
4.34816
4.3990192
4.1559377
4.2332115
4.2931423
4.4240828
4.284467
2.8185406
3.8317342
3.3728456
3.808066
3.4410448
3.5408604
3.4389517
3.1988988
3.3102603
3.0788054
3.1956155
3.2341301
3.6668048
3.6328084
3.6829305
3.572095
3.38678
3.6645253
3.570798
3.969452
4.031159
4.327982
4.797913
4.610324
4.553653
4.5405183
4.5043454
4.53466
4.961838
5.036099
5.047329
4.8844824
4.9220324
4.4159784
4.5676985
4.753972
4.7502046
4.9834166
5.1346755
5.1282744
5.2559404
5.4774256
5.494061
5.6810594
5.796397
5.7177296
5.5725636
5.4306817
5.372196
5.155741
5.137752
5.1793776
5.272455
5.061679
5.2269793
5.268586
5.1708937
5.276913
4.981551
4.8709164
4.84294
4.8003244
4.729955
4.661351
4.6048703
4.5984116
4.6140337
4.779595
4.736861
4.371638
4.3523793
4.2560606
4.2651734
4.2395597
4.2766094
4.063602
4.2638073
4.094437
4.144427
4.2314105
4.2873025
4.044017
4.135018
4.3492513
4.632389
4.8303485
4.597677
5.0087943
4.9294405
4.9419928
4.815125
4.736385
4.7803564
4.9126463
4.8091464
4.8819094
4.9787984
4.937914
4.895958
4.847255
4.75202
4.5927286
4.52649
4.411768
4.5146503
5.0442886
5.367713
5.5146637
5.4961843
5.5456176
5.6455283
5.6325226
5.629685
5.7117934
5.6785192
5.565512
5.7041855
5.631103
5.5807385
5.592057
5.684045
5.6110864
5.601706
5.596743
5.68651
5.5981026
5.6974416
5.59608
5.678745
5.471002
5.5759425
5.4838467
5.831752
5.5525875
5.597865
5.478022
5.5735717
5.685562
5.639305
5.7810817
5.789208
5.6083236
5.6876154
5.655907
5.6550736
5.7333083
5.784119
5.842424
5.8389645
5.8055286
5.8136554
5.842357
5.806315
5.724846
5.6947227
5.615469
5.435427
5.3249288
4.892885
4.762309
4.763702
4.689186
5.033255
4.998594
5.259031
5.1238246
5.3982244
5.166384
5.6326346
5.737123
5.303264
5.2587786
4.9385586
4.6351156
4.6506205
4.4106464
4.117321
3.6253672
2.470277
4.04796
4.1805277
4.42991
4.164199
4.1352215
4.199635
4.1452093
3.5090237
3.976201
2.70805
3.3244562
2.9616115
3.1648705
3.4449503
3.4170613
3.262012
3.375452
2.155655
4.118802
4.5540733
4.8502235
4.763689
4.8552933
5.0275497
5.0255613
5.2380147
5.2299395
5.10538
5.058138
4.967717
4.850235
4.7341166
4.6356707
4.2285
4.072889
4.01902
3.8773046
3.8314586
3.851894
3.6688867
3.352261
3.280335
3.1960545
3.5740824
3.897713
3.9564614
4.107072
4.337931
4.2288647
4.386393
4.392688
4.2481337
4.0404944
4.0555205
4.2225327
4.1715307
4.3433146
4.5823865
4.6296687
3.926746
3.880276
3.8335493
3.7502456
3.6998587
3.665092
4.3442945
4.535749
5.0064163
4.988559
5.33217
5.313528
5.254121
5.3413277
5.144864
4.828703
5.161794
5.54544
5.640786
5.517844
5.548503
5.606208
5.713771
5.575508
5.55104
5.4286985
5.4287124
5.436045
5.6597795
5.694291
5.7155533
5.575882
5.2716746
5.3630304
5.5269356
5.5687523
5.3996453
5.2616324
5.5326557
5.3488674
5.4515867
5.320183
5.089716
4.9412537
5.191618
5.023868
5.0918274
5.178382
5.2551394
5.2203655
5.250367
5.1355023
5.1414433
4.9679556
4.9175844
4.990931
4.943057
5.131811
4.901465
4.550552
4.544649
4.5826626
4.715943
4.742552
4.776775
4.6338425
4.6483364
4.639212
4.5861826
4.5031834
4.539914
4.522917
4.4172373
4.3776627
4.5202293
4.598705
4.741511
4.834337
4.8783193
4.8793964
4.867626
4.883343
4.9560947
4.886311
4.7729754
4.765833
4.7144856
4.8132324
4.695157
4.8187027
4.9774413
5.259425
5.2151337
5.2432203
5.2596087
5.371345
5.3446064
5.1714964
5.0434203
4.979443
4.940417
4.9059834
5.079902
5.110979
5.1439495
5.205138
5.146429
5.1632314
5.234571
5.2088685
5.33147
5.1526093
5.093384
5.118653
5.171557
5.1767244
5.0950947
5.1055803
5.0935764
4.9848995
4.9682717
4.9916673
4.9935517
5.183088
5.29446
5.367042
5.1966233
5.0945945
5.078424
5.307935
5.4311175
5.4152336
5.110633
4.7377124
4.7045
4.5879936
5.1378217
5.0316343
5.21937
4.95344
4.9719744
4.912759
4.8975663
5.012774
5.0820203
5.3648024
5.546201
5.544015
5.773753
5.595788
5.5222864
5.3651195
5.070035
4.9278655
4.579245
4.4483914
4.3861804
4.4548774
4.5143995
4.6721587
4.9343
5.136036
5.148623
5.033611
4.954647
5.2146683
5.136067
5.241941
4.8544917
4.8990054
5.001909
4.9505835
4.82694
4.98484
4.9096565
4.9893737
5.066068
4.714207
4.734807
4.5594034
4.4115057
5.6715684
5.635525
5.843004
6.096701
6.1289296
6.0132184
5.8884335
5.6029224
5.68641
5.652531
5.8360233
6.043819
6.2662363
6.3494053
6.493407
6.145528
6.250618
6.421629
6.4987106
6.6435122
6.664393
6.352243
6.2132196
6.2794347
6.243534
6.137356
5.999693
6.023163
6.15715
6.286134
5.965852
6.135414
6.151079
6.014705
6.1696286
6.1477447
6.077025
6.1802416
6.34303
6.3932695
6.3085704
6.4666653
6.562126
6.320449
6.5204535
6.2778687
6.324792
6.4600334
6.4842653
6.5208006
6.315479
6.3008614
6.3930626
6.6292605
6.5621624
6.6307526
6.7662296
7.03872
7.0234847
6.9278107
7.100129
6.8499804
6.7228026
6.8893723
6.5964055
6.616972
6.5617576
6.387631
6.5049376
6.7135105
6.628973
6.4140267
6.1875057
6.1070647
6.306634
6.4949903
6.131911
6.159124
6.5497518
6.6414366
6.2736106
6.113977
6.0110474
5.8986917
5.539521
5.1140122
5.154806
5.4383063
5.133732
5.1369357
5.0419636
4.777504
5.0053267
4.863085
4.9037776
4.8730927
4.9578767
4.8723955
5.1360297
4.9806542
4.9915323
5.005556
5.3380694
5.511963
5.7485003
5.705546
6.0034633
6.183924
6.0271673
5.880964
5.785449
5.708573
5.616709
5.2219267
5.257876
5.3484898
4.9958444
5.020101
4.880784
4.9571743
4.643432
4.4702883
4.3899393
4.5485563
4.520863
4.450864
4.5279164
4.2910094
4.345228
4.4267693
4.74877
4.8901258
4.855953
4.2503066
1.3975428
1.3795639
1.5233965
1.444383
1.4772888
1.4412194
1.3809192
1.3643733
1.3838878
1.4881198
1.5173086
1.5051349
1.5019718
1.4436796
1.4073532
1.4478123
1.4150722
1.5260348
1.432176
1.3427061
1.4034486
1.4646983
1.5670822
1.5237255
1.4927862
1.5368874
1.4520651
1.4997518
1.5719186
1.9081283
1.7368002
1.6282207
1.5232826
1.5230442
1.5688312
1.7474402
1.745384
1.8265271
1.9102651
1.8946526
2.027745
2.0111907
1.930995
2.0311675
1.6297319
1.8359221
2.0655804
2.2292364
2.1450033
2.094439
2.223488
2.4169753
2.4098709
2.315086
2.3204079
2.1601622
2.0752108
1.972192
1.9589316
2.0247588
2.0357769
1.9216958
3.0788152
2.003771
2.5622637
3.1654425
3.2659435
3.5166488
3.4438777
3.1567383
3.354858
3.2400742
3.1610422
3.1961086
3.1853113
3.1267118
3.2664304
2.968113
2.8316038
2.911865
3.0589125
3.0312603
3.013167
3.3299954
3.0816455
3.134173
3.1602702
3.5417469
3.08424
3.2435024
3.5403008
3.4864056
3.3171217
3.430034
3.6015184
3.6049736
3.6619582
3.6141863
3.6497822
3.6177452
3.620692
3.440288
3.613074
3.6376345
3.5429468
3.5175447
3.6972322
3.38487
3.5323308
3.5323327
3.7135036
3.7147086
3.7390273
3.5327706
3.8010635
3.622002
3.85674
3.7330215
3.5540063
3.7646692
3.7204223
3.6509633
3.5815606
3.6906345
3.6763322
3.6298094
3.6807568
3.677604
3.6831172
3.6705966
3.888935
3.7881167
3.648745
3.6424365
3.7335875
3.7307155
3.5953832
3.712291
3.65844
3.7106807
3.7142622
3.7066088
3.749693
3.686927
3.6711206
3.797777
3.685223
3.6554031
3.7641869
3.625871
3.9207308
3.7271228
3.7884774
3.7135224
3.7689402
3.794601
3.920062
3.7715468
3.7947962
4.002185
3.922625
4.0077534
4.099161
3.7607431
3.831324
3.8562841
3.7627773
3.6522295
3.6501455
3.723762
3.744477
3.819384
3.8156695
3.6972628
3.6762493
3.6966608
3.7143526
3.7193396
3.6915863
3.717224
3.6445012
3.5528398
3.6599276
3.7104115
3.6953135
3.5930276
3.7640364
3.733721
3.6480463
3.613576
3.4673526
3.5528612
3.6074977
3.6999328
3.705341
3.680043
3.6322093
3.7054214
3.6616526
3.7897818
3.7723408
3.6846023
3.7941537
3.8155558
3.9037657
3.859643
3.7933378
3.8691144
3.7581432
3.8048067
3.8011765
3.7644622
3.9235344
3.8593524
3.7313337
3.8634372
3.8016806
3.7778814
3.852639
3.7738602
3.5873518
3.6821513
3.7037191
3.7959747
3.7225852
3.8082685
3.6815562
3.7799258
3.8302715
3.711946
3.984713
3.823402
3.6323495
3.702458
3.715044
3.6884441
3.8172662
3.7734237
3.7836072
3.8528728
3.8882618
4.2026362
4.202904
4.1412745
4.2919755
4.598215
4.647178
4.902989
5.087008
5.03739
5.037107
5.0297995
5.0109377
5.16526
5.11613
5.0678434
5.2492213
5.7286763
6.0648746
6.0705423
6.3634257
6.681743
6.706135
6.872919
6.888475
6.6901493
6.8230004
7.2185974
7.209079
7.235877
7.2313743
7.0956907
6.8595047
6.712642
6.7266617
6.6382446
6.8686256
6.6065006
6.119949
6.124287
5.8445616
5.984001
5.9443145
5.806452
5.7865334
5.6312256
5.434988
5.467268
5.0672407
4.8651385
4.509831
4.39037
4.369356
4.423017
4.6149607
4.5453978
