10000
9.8511505
9.834777
9.782578
9.812406
9.76192
9.796145
9.769922
9.749731
9.728027
9.620703
9.579989
9.557969
9.542392
9.457875
9.4832325
9.416366
9.435967
9.337927
9.245485
9.212638
9.223399
9.252915
9.129723
9.022023
9.120194
9.086432
9.110327
9.016135
8.935704
8.921912
8.812959
8.815256
8.709957
8.710612
8.612625
8.611822
8.503709
8.385298
8.297807
8.352648
8.370878
8.200481
8.099693
8.055515
8.045305
7.891269
7.7724857
7.814763
7.6156807
7.5389814
7.2750583
7.494079
7.326608
7.152876
7.072456
7.007287
6.9899297
6.8531275
6.944154
6.9551253
7.03723
7.003436
6.939082
6.7843566
6.9450874
6.8482285
6.826847
6.851305
6.8888493
6.9573727
6.936126
7.007557
6.9577284
6.948197
6.997325
6.978159
7.1082115
6.9913287
7.060894
6.798157
7.0504584
6.896987
6.9789815
6.8521614
7.0043535
6.845365
6.902947
7.0265203
6.9575496
6.9584866
6.9730043
7.231446
7.4053974
7.399754
7.4907036
7.562598
7.587807
7.8347635
7.949045
8.24276
8.159418
8.207594
8.182027
8.03866
8.0880575
8.238555
8.300389
8.274783
8.231146
8.502655
8.4023075
8.329932
8.299692
8.227019
8.177335
8.122082
8.115594
8.192221
8.135277
8.112391
8.052787
7.974377
7.9109707
8.049897
7.981878
7.975433
7.983378
7.9042077
7.855192
7.780813
7.7483697
7.652966
7.5956693
7.6487904
7.5629783
7.5862255
7.5042496
7.616468
7.5600805
7.5631576
7.609325
7.5907826
7.550303
7.5667133
7.500439
7.5802927
7.5284224
7.558011
7.609459
7.543255
7.503542
7.609645
7.493757
7.4950614
7.416792
7.412148
7.393707
7.415191
7.280926
7.3273325
7.372456
7.336855
7.2995806
7.3935237
7.3211484
7.2611923
7.2610707
7.340755
7.354303
7.338005
7.3717446
7.398917
7.508572
7.5382752
7.318186
7.3887057
7.3032045
7.2736793
7.3167677
7.265753
7.1667457
7.127184
7.1142583
7.1241336
7.033365
7.105106
7.102654
7.0871577
7.1214066
7.0124397
7.1858068
7.0506287
7.0187216
6.917584
6.8718386
6.7942653
6.7783628
6.6738687
6.5295067
6.885114
6.598232
6.6966796
6.555714
6.5695415
6.5589175
6.365027
6.3668685
6.4126425
6.387534
6.2515225
6.336208
6.255637
6.5286746
6.4319735
6.596734
6.223607
6.4619575
6.604164
6.627709
6.6948733
6.5034776
6.6585145
6.5326796
6.8279004
6.6969924
6.7249866
6.48505
6.794486
6.592382
6.7727227
6.734492
6.6922913
6.658495
6.673414
6.7085714
6.6976833
6.6277676
6.5603437
6.6720467
6.7050943
6.568284
6.642543
6.4544787
6.742358
6.6347065
6.850448
6.4775248
6.8606906
6.7910132
6.7334347
6.7401977
6.366424
6.659008
6.5492425
6.555528
6.505155
6.6030636
6.5631
6.755071
6.743754
6.5556293
6.5062637
6.686398
6.6143827
6.716869
6.636626
6.5950317
6.7601686
6.790236
6.6321225
6.7011943
6.681801
6.633874
6.569306
6.67908
6.468074
6.616707
6.8186116
6.683428
6.584141
6.7322264
6.724459
6.6647415
6.64662
6.5365205
6.6344547
6.5119886
6.701176
6.6927433
6.6081715
6.561352
6.568246
6.454973
6.439652
6.6369452
6.281976
6.429126
6.5071654
6.3178196
6.4280095
6.2585044
6.343719
6.4511957
6.1581097
6.31117
6.180129
6.5182266
6.424832
6.426123
6.380329
6.4059563
6.518997
6.47398
6.3786964
6.5364614
6.5990443
6.608964
6.231255
6.677667
6.475513
6.5620856
6.454314
6.5622215
6.36864
6.6164827
6.5516458
6.536046
6.4560113
6.506259
6.441692
6.5468283
6.3598475
6.5755243
6.286794
6.5209002
6.3057904
6.519129
6.5284986
6.356475
6.4044476
6.4281135
6.502177
6.4454894
6.373257
6.288161
6.2879596
6.359147
6.379856
6.3678923
6.3125124
6.4389606
6.3514915
6.355631
6.200261
6.467162
6.4584
6.4940805
6.5378375
6.61103
6.519665
6.5245457
6.5961375
6.5966473
6.6742105
6.921751
6.8479156
6.874314
6.814501
6.8872204
6.8603783
6.8458824
6.887947
6.911016
6.941843
7.126249
6.9443364
7.115895
6.9473205
7.0131707
6.857563
6.9052677
6.932619
6.954963
6.836417
6.7979155
6.9139194
6.966109
6.850081
6.891147
6.8022285
6.8075495
6.8001018
6.704016
6.6800675
6.5885124
6.6320558
6.6437674
6.7192063
6.7026634
6.606151
6.885297
6.586327
6.6941977
6.6625586
6.6636367
6.4949694
6.5989404
6.6477723
6.529648
6.5589633
6.6558166
6.5733385
6.6678367
6.706128
6.7005754
6.7708755
6.7366533
6.6336203
6.6829667
6.651336
6.827996
6.5871325
6.6451817
6.633703
6.6562233
6.6583138
6.7672677
6.60208
6.6455517
6.7299075
6.7892523
6.6395473
6.797221
6.895107
6.8193564
6.715531
6.6345515
6.7005496
7.0111217
6.888404
6.815466
6.8720284
6.965854
6.8291426
6.8885803
6.941314
7.0111914
6.936379
7.1340675
7.024025
6.90043
6.8111467
6.8892813
6.9077063
6.717273
6.796827
6.9288883
6.8869305
6.8823075
6.9016232
6.85303
6.985053
6.7749934
7.014931
6.8165827
6.8422904
6.8968115
6.7188883
6.9378138
6.779316
6.658261
6.90541
6.925018
6.746266
6.824758
6.851491
6.8422956
7.0558877
6.764371
6.8618994
6.8176937
6.936267
6.7160463
6.9345455
6.8192344
6.955831
6.898033
6.971198
6.9676924
6.903742
7.0596743
7.0230336
6.948044
7.0922146
7.0309772
7.1723976
7.288394
7.0069532
7.408155
7.3022814
7.2692046
7.2283173
7.324689
7.184551
7.2791924
7.1788073
7.3960514
7.378168
7.4543557
7.4154606
7.4337997
7.3434258
7.1625824
7.206652
7.1148577
7.3481407
7.3887115
7.4046226
7.2389154
7.146108
7.205427
7.3832464
7.1233144
7.1530113
7.141057
7.1039076
6.92734
6.9893394
6.987212
6.983072
7.000313
7.052446
6.9956903
7.156547
6.9201283
6.9336143
6.9256215
6.933285
7.0479164
6.968277
6.905565
6.9273887
6.9002323
6.9323487
6.9848256
6.932477
6.9935136
7.01225
6.9159446
6.877146
6.783889
6.9275036
7.021886
6.960068
6.8568187
6.8491516
6.873974
6.8059134
7.023214
6.976781
7.1620846
6.9855523
7.05943
7.172688
7.117074
7.084336
6.9840565
7.0516496
7.081856
7.133219
7.246179
7.2531333
7.4447136
7.2477016
7.385886
7.38811
7.348056
7.3549666
7.306961
7.2952213
7.4084363
7.407219
7.3240805
7.1349263
7.140264
7.348747
7.3269496
7.386066
7.3014207
7.3528337
7.167405
7.154195
7.3115263
7.2287064
7.327611
7.3202477
7.2325873
6.8604712
6.957321
7.0647845
6.9903274
7.0710015
7.042184
6.949784
6.856211
6.7020097
6.8624487
6.8348594
6.7967515
6.854108
6.842979
6.716636
6.9649367
6.8804054
6.7631817
6.8924365
6.9221582
6.867422
6.8756685
6.750001
7.0340586
6.8797755
6.842782
6.8998976
6.9315333
6.935755
7.0191703
6.7884626
7.026791
6.9332333
7.0574355
6.8728156
6.9653935
6.949018
7.072982
6.8139896
7.2045717
7.198939
6.8946376
7.1456637
7.285034
7.214945
7.18039
7.1903687
7.2219014
7.0842924
7.2787523
7.461212
7.2996225
7.3470774
7.334878
7.2516265
7.4111176
7.562929
7.238182
7.414886
7.379905
7.461579
7.1681685
7.387059
7.4742894
7.2105722
7.400641
7.0926943
7.2982903
7.2424746
7.1140566
7.238614
7.4234314
7.225811
6.9695287
7.27741
7.1752954
7.069743
7.024984
7.069898
6.848375
7.0679307
6.9176483
6.945851
6.91378
6.8493657
6.6752405
6.8352075
6.7847323
6.6673765
6.852968
6.908759
6.822324
6.8256955
6.6718616
6.895079
7.0389867
6.9423394
6.895693
6.9024115
6.7002788
6.9331427
6.9757576
6.8877254
6.933169
6.7963405
7.045502
6.905897
7.0414257
6.802535
7.034432
6.9754896
6.8580446
6.9868526
6.8923764
7.0447135
7.052372
7.0256968
7.0992293
6.929252
7.1801386
6.9961505
7.2298813
7.1912327
7.043307
7.12803
7.067063
7.081236
7.3984585
7.0413494
7.394638
7.085925
7.394379
7.3293343
7.369886
7.4510126
7.184352
7.3205814
7.29696
7.224059
7.314758
7.227781
7.147295
7.1639557
7.219093
7.1032495
7.0997725
7.137274
7.1497293
7.216674
7.2247286
7.150959
7.2114964
7.0298996
7.118914
6.9387836
7.1144223
6.9217253
7.051463
6.9409704
6.9824176
6.864597
6.8616996
6.8134427
6.645631
6.711896
6.7460012
6.8812957
6.91623
6.884622
6.7420306
6.8368616
7.0856943
6.868598
7.175079
7.16279
7.1122074
7.1094255
6.847866
6.5628257
6.4609733
6.637058
6.6050377
6.1914034
6.006914
5.75697
5.2556267
5.391477
4.995709
2.7080245
3.3179817
3.634569
3.6353354
3.4034147
2.8020692
3.5423484
3.0021713
2.9409525
3.3599923
3.6306477
2.8193393
3.514652
3.1681345
3.4495797
3.4670331
3.3504236
3.3344293
3.356235
3.2423174
3.9548683
3.0538034
2.892981
3.0689008
3.055945
3.4203725
3.215781
3.881915
3.6955042
3.8671703
2.5494432
3.5349574
5.9475927
5.741334
5.510242
5.3459373
5.529609
5.6459484
5.8388085
6.575794
6.637687
6.97434
6.69438
6.751732
6.938095
6.886364
6.8662133
7.1122684
7.075591
6.794169
6.9088693
7.160492
6.8047934
7.1379695
7.136499
7.3380227
7.0465136
7.0878882
7.154096
7.0399284
7.2019367
7.162225
7.0179286
7.1821523
6.987444
7.143024
7.17434
6.928558
7.0818405
6.993083
6.9197707
7.047676
7.204732
7.0990667
7.174836
7.3092027
7.2800426
7.31811
7.2144713
7.4529133
7.3145685
7.0349293
7.522879
7.404274
7.551828
7.498905
7.590034
7.609515
7.5738335
7.503832
7.615347
7.544967
7.439999
7.5571094
7.5061073
7.591185
7.493763
7.5408897
7.499911
7.569428
7.6324425
7.525421
7.4083977
7.3565345
7.436474
7.3698945
7.51007
7.2915187
7.2603965
7.475761
7.1954284
7.225798
7.2450504
7.4229965
7.362437
7.1591334
7.2758822
7.3016458
7.290968
7.406756
7.374261
7.32534
7.2372503
7.2973814
7.4463882
7.494552
7.542546
7.365281
7.633783
7.406393
7.5388403
7.4418674
7.3982654
7.509858
7.4551206
7.477616
7.553168
7.468974
7.443781
7.449886
7.4850454
7.648321
7.5767183
7.6490884
7.66735
7.641329
7.826401
7.6548567
7.877057
7.842124
7.693833
7.769204
7.63064
7.6856356
7.647498
7.602006
7.615299
7.357111
7.694646
7.5354457
7.5167336
7.416876
7.5046253
7.4240556
7.5546656
7.468587
7.324114
7.3551826
7.3178477
7.2783947
7.2746153
7.4975896
7.319653
7.077008
7.4626956
7.3342195
7.378839
7.3462954
7.376086
7.3469024
7.4384093
7.358815
7.242276
7.32053
7.258148
7.2813663
7.475741
7.32373
7.268704
7.4328723
7.543502
7.3383875
7.519108
7.4675174
7.6579905
7.516351
7.4490366
7.4701066
7.6587973
7.710042
7.867956
7.7306123
7.783977
7.6694546
7.8316517
7.8302145
7.7209396
7.847068
7.753544
7.6742783
7.604778
7.5119233
7.3834944
7.612249
7.6660476
7.5817394
7.6890564
7.513117
7.625344
7.533429
7.428437
7.5756035
7.2471237
7.3723483
7.327405
7.312145
7.288366
7.429723
7.3999476
7.4159145
7.393674
7.451441
7.6478643
7.3030396
7.35381
7.4298754
7.5481615
7.5671415
7.60411
7.4537888
7.7314334
7.6718154
7.7579317
7.732935
7.835384
7.737585
7.730405
7.644746
7.5815973
7.9077034
7.758457
7.831205
7.844829
7.8559666
7.73823
7.6523914
7.6280727
7.7348723
7.551627
7.595145
7.5045676
7.65021
7.6560435
7.652113
7.678835
7.5897017
7.618558
7.536934
7.44046
7.347501
7.469758
7.3431396
7.500455
7.444501
7.262107
7.5527554
7.5179014
7.464403
7.476862
7.3172245
7.2977486
7.5091176
7.4454193
7.3917975
7.579545
7.7708516
7.6071663
7.8377047
7.6678896
7.737234
7.75053
7.8681893
7.787356
7.8667493
7.8531218
7.9572625
7.8672867
7.914914
7.7464514
7.6784544
7.7731137
7.753545
7.475157
7.6642237
7.55875
7.6232257
7.627056
7.419776
7.523154
7.439073
7.431796
7.4403944
7.380725
7.5763745
7.3207397
7.4153247
7.53408
7.2330503
7.3889003
7.305146
7.4884076
7.188174
7.4417143
7.5190067
7.2529163
7.432797
7.3393145
7.566566
7.5965357
7.6833434
7.6506104
7.574503
7.6848006
7.944077
7.737491
7.8412495
7.95729
7.758717
7.8383107
7.708738
8.020663
7.8892903
7.918588
7.7884135
7.6907797
7.6003747
7.5889215
7.6888847
7.698576
7.5097895
7.5971675
7.452843
7.446614
7.498636
7.2731133
7.307598
7.329247
7.3493924
7.381844
7.4280195
7.226742
7.3436475
7.182788
7.427795
7.41992
7.332006
7.258537
7.5417724
7.4979
7.607823
7.6429996
7.5271106
7.7245007
7.68845
7.660073
7.5418644
7.7157803
7.6933303
7.7482934
7.5774546
7.5881815
7.648937
7.6506195
7.5689597
7.612745
7.4897366
7.5122967
7.300885
7.2330275
7.10009
7.060802
6.8917828
7.0928044
7.110344
7.094471
7.0249977
6.7998543
7.0086308
7.1044564
6.9957385
7.0746665
7.1020885
7.399578
7.443735
7.3974404
7.363905
7.466887
7.623886
7.4232497
7.537633
7.483673
7.2497663
7.599927
7.462565
7.730779
7.5448093
7.7135105
7.76593
7.4618053
7.551587
7.5486083
7.686157
7.5822864
7.623747
7.321081
7.184895
7.3163157
7.2210197
7.1111736
7.4657845
7.0002484
6.9171386
7.293689
7.040718
6.6635823
6.985373
6.925799
6.764358
7.068929
7.1390767
6.9718833
7.282098
7.002008
7.2510223
7.186104
7.172703
7.188641
7.300528
7.133418
7.248314
7.434813
7.304084
7.508263
7.4800096
7.366173
7.468238
7.656232
7.1247745
7.316584
7.4174194
7.3672686
7.268852
7.192879
7.1435766
7.245722
7.3262343
7.092188
6.96231
6.9622965
7.311913
6.8527527
7.0240026
7.2092533
6.9489126
6.8914714
6.901495
6.711274
7.071852
6.93842
6.892233
6.998747
7.3022475
7.0257397
7.325559
6.908458
6.8639774
7.1770954
7.175722
7.2659
7.4152555
7.456277
7.6130104
7.526923
7.6363163
7.3008904
7.639415
7.142006
7.174679
7.5303507
7.4331985
7.2867203
7.534989
7.1649404
7.1885896
7.219952
7.2243996
7.157509
7.020814
6.9122996
6.94357
6.7171946
6.7069373
6.6251273
6.753759
6.862306
6.70331
6.8958178
6.7524767
6.714635
6.860797
6.619297
6.859855
6.9127693
7.1395636
7.0937896
7.097378
7.116719
7.2450304
7.094592
7.1927314
7.144187
7.1376925
7.079928
7.1982555
7.147446
6.6804056
6.758283
6.8840566
6.8192616
6.7041855
6.6284323
6.916646
6.6822853
6.583024
6.413192
6.7155423
6.5995936
6.499375
6.5344567
6.4036326
6.543042
6.5311494
6.496959
6.693403
6.764303
6.5583076
6.6509085
6.9160023
6.663766
6.810857
7.023141
6.991838
6.7694383
6.9722395
6.997733
6.611732
6.677699
6.6939044
6.5497246
6.549829
6.563962
6.806782
6.602446
6.640209
6.732854
6.8464065
6.3262186
6.411893
6.3972335
6.4105577
6.373967
6.214166
6.3049717
6.246589
6.056684
6.170934
6.11079
6.2086987
6.2868776
6.0574393
6.246134
6.311927
6.0825706
6.0084796
6.037859
6.068767
6.1108537
6.1221986
6.289112
6.2272024
6.055039
6.2778893
6.377665
6.2333794
6.3439007
6.302632
6.4381576
6.1569996
6.186105
6.174106
6.0977373
6.2039943
6.3425665
6.3159404
6.342391
6.2665396
6.225709
6.1008115
6.2237215
6.1442122
6.1454587
6.242104
6.0070605
6.0903215
6.031154
5.866391
5.8676057
5.914935
5.9896955
5.9070864
6.0677166
5.991925
5.723669
5.8226676
5.8839407
5.866171
6.016595
5.7845135
5.741494
5.8641987
5.9552417
5.838001
6.0677032
6.3300147
6.062384
6.0549817
6.355029
6.029551
6.1576815
6.0897574
6.144363
6.04484
5.9598494
6.2429323
6.2120023
6.2386117
6.345032
6.438072
6.143423
6.339276
6.275033
6.306168
6.3952856
6.3819404
6.4850726
6.4900584
6.400988
6.437562
6.5180287
6.429782
6.436261
6.318268
6.4031677
6.3880153
6.245022
6.55105
6.401212
6.4834256
6.3999357
6.2394543
6.5301776
6.385375
6.4661264
6.4825997
6.4580517
6.465871
6.3463874
6.6457005
6.530414
6.3402658
6.29729
6.215441
6.158261
6.14757
6.455002
6.4599447
6.6191864
6.385835
6.457857
6.507288
6.3629003
6.4823275
6.322526
6.5866623
6.2698593
6.36409
6.496891
6.404502
6.39039
6.489155
6.105583
6.481415
6.5667253
6.564341
6.8287525
6.647746
6.6920586
6.673476
6.531264
6.7555904
6.695687
6.5879736
6.7234545
6.852304
6.609129
6.8703284
6.6069107
6.8690934
6.52549
6.755853
6.534347
6.7960377
6.2381682
6.3649607
6.725848
6.380944
6.6404696
6.300265
6.4571567
6.4104915
6.287783
6.5253034
6.463106
6.561319
6.469432
6.686833
6.3752365
6.2908587
6.4203696
6.659347
6.5159454
6.595827
6.748291
6.730639
6.876077
6.831082
6.6511965
6.7437487
6.756102
6.8794355
6.7693872
6.762453
6.681402
6.8433704
6.760873
6.85353
6.7532873
7.099955
6.7791767
6.9207487
6.700478
6.8073206
6.56819
6.8524237
6.596365
6.73171
6.4899163
6.6561284
7.000597
6.820782
7.066238
6.9104176
6.924567
6.652191
6.708493
6.797171
6.6559796
6.8447967
6.802729
6.9461536
6.626693
6.7633877
6.8448205
6.714492
6.5013447
6.3719225
6.445627
6.6297097
6.662301
6.718467
6.7902713
6.4957085
6.5354524
6.576757
6.4130135
6.288513
6.3671083
6.243939
5.9126196
5.7343216
6.042849
5.7441006
6.0908604
6.0889897
5.9836445
6.205873
6.226389
5.9942737
6.0267506
6.0041976
6.080551
5.998992
6.2373285
6.033999
6.1460238
6.066596
6.125712
5.860631
5.996503
6.154286
6.1039467
6.149167
6.1581326
6.053907
6.290481
6.042622
6.134104
6.2015033
6.220645
6.1279817
6.0815277
6.1399755
6.0051727
6.0725517
6.2038593
6.127287
6.10024
6.06
5.971611
6.0115047
5.969538
5.915113
5.9597754
5.8654456
5.928391
5.8709836
5.7660666
5.8236046
5.8098946
5.8047724
5.978861
5.7144613
5.7507133
5.861514
5.7641478
5.8551598
5.9521847
5.7490234
5.872523
5.8885527
5.6161327
5.884716
5.831463
5.733589
5.847788
5.8469114
6.061113
5.9877586
5.896781
5.749621
5.6468396
5.8035765
5.8290997
5.934581
5.850233
5.769085
5.883266
5.8915577
6.0162683
5.9159045
5.993907
6.000386
6.107943
5.986672
5.7336807
5.821803
6.014309
6.0523257
5.881673
6.107788
6.057625
6.124673
6.047066
5.980826
5.9217143
6.100475
5.885862
5.87883
5.83755
6.072343
5.815365
5.9376106
5.992815
6.011939
5.9747086
5.69687
6.1250157
6.005137
5.801511
5.822667
6.1117086
6.1552906
5.9323683
6.0331917
6.141724
6.1593876
5.984167
5.899836
5.9654
5.9269753
5.855283
5.7268577
5.833152
5.9520082
5.8781376
6.007721
5.771838
6.0925
5.838828
6.072837
5.8566566
5.6444645
5.821121
5.6705055
5.72069
5.846825
5.7954283
6.1108036
5.9081364
5.7048283
5.6074038
5.867054
5.81802
5.852213
5.812096
5.711307
5.8929987
5.862525
5.836865
5.8975196
5.6862574
5.920121
5.6939535
5.6051044
5.4560847
5.7483916
5.6949983
5.4383936
5.8324122
5.5041656
5.6113076
5.2448378
5.6870184
5.3603106
5.566931
5.536471
5.275605
5.384717
5.1844625
5.5172215
5.320678
5.4578123
5.426814
5.449229
5.363208
5.499327
5.468789
5.535053
5.3078575
5.6942735
5.3639293
5.4677143
5.5870256
5.4023733
5.620266
5.4855056
5.474409
5.4351425
5.6638174
5.627344
5.5847883
5.537937
5.611701
5.470348
5.453051
5.691043
5.6196995
5.2485905
5.587843
5.608374
5.031315
5.5856004
5.5766077
5.3728733
5.696678
5.3275785
5.623417
5.55044
5.4137983
5.564085
5.2846756
5.3515
5.4759455
5.476887
5.4737816
5.547756
5.626232
5.423379
5.39745
5.573883
5.630703
5.700553
5.543471
5.5643435
5.6972394
5.556154
5.7298584
5.401654
5.7725353
5.475811
5.257001
5.452137
5.3795595
5.556056
5.732585
5.277507
5.4468565
5.5873156
5.4918756
5.5993347
5.4266105
5.2853384
5.4606194
5.424959
5.3378596
5.413396
5.1348286
5.111972
5.4106665
5.344879
5.2530403
5.225669
5.2463036
5.1943254
5.066573
5.2711344
5.2134113
5.166449
5.4252977
5.2445164
5.20192
5.3967876
5.308274
5.3058367
5.237248
5.5123816
5.299877
5.4058256
5.2228565
5.188212
5.2631764
5.430098
5.3487344
5.0765686
5.1466265
5.257806
5.185224
5.0566616
5.0578403
5.1276693
5.283228
5.256856
5.2089233
