10000
8.855925
8.894522
8.842512
8.898587
8.876266
8.818639
8.897623
8.863003
8.824477
8.865965
9.019688
9.002464
9.009519
9.023256
9.070306
8.941676
8.815331
8.837641
8.878685
8.887012
8.89477
8.971702
9.032063
9.059419
9.0974
9.073157
9.134813
9.136303
9.157341
9.156444
9.135529
9.143045
9.054917
9.007448
8.942007
8.964034
8.935296
9.023968
9.00778
9.04377
9.060867
9.128103
9.135676
9.127192
9.068688
9.139687
9.132026
9.06319
9.007679
8.935916
8.90552
8.902407
8.962897
9.05513
9.091387
9.189315
9.191882
9.193496
9.202212
9.152608
9.094902
9.039874
8.9852295
8.968887
8.978762
9.048559
9.022432
9.0541525
9.029931
9.042386
9.002441
9.062552
9.02754
9.062149
9.04587
8.999342
8.993869
8.949216
8.966642
8.931801
8.784878
8.762955
8.7700615
8.805954
8.760654
8.783473
8.860563
8.82933
8.874748
8.789043
8.877847
8.873372
8.934473
8.881399
8.913094
8.911775
8.921003
8.942304
8.851841
8.837885
8.839083
8.810007
8.795844
8.819386
8.821524
8.81052
8.814131
8.868125
8.783412
8.867227
8.827831
8.930559
8.887432
8.870677
8.860879
8.851772
8.871677
8.858451
8.920183
8.942293
8.813359
8.876251
8.816049
8.839981
8.915874
8.827238
8.840492
8.835609
8.828819
8.899776
8.851951
8.9405365
8.922427
8.918554
8.873632
8.837209
8.853264
8.810194
8.868844
8.891921
8.970707
8.925608
8.89366
8.827148
8.850313
8.750453
8.778215
8.734157
8.719488
8.70932
8.698684
8.759759
8.669928
8.800426
8.712626
8.771016
8.724002
8.685224
8.606507
8.546899
8.493783
8.4119
8.416206
8.420818
8.610739
8.564964
8.521005
8.507247
8.448598
8.350358
8.282508
8.249126
8.124141
8.148713
8.001355
8.026135
7.896625
7.8699255
7.757572
7.6591473
7.3286214
7.1149373
6.784612
6.4439735
6.031232
5.4215617
4.6660833
3.7716217
4.537472
3.7090564
3.9166253
3.8891928
3.9838848
3.8596344
4.0124
3.966581
4.349347
4.56658
4.5201073
3.6297767
3.337409
3.8268504
3.8097138
4.3403263
3.844632
3.83433
4.003047
3.8332713
3.9602823
4.1056643
3.8684082
4.0118794
4.4774814
4.5345035
4.3817463
4.173064
4.3431306
4.3808274
3.7155857
4.0634427
4.097065
3.877426
3.3982854
3.7644088
3.9157076
3.9823923
4.10777
4.2769184
4.3450184
4.435458
3.8458974
4.5169725
3.845158
4.4633994
4.5011387
4.4548616
4.0879235
4.457739
4.526127
4.522814
4.4951267
4.527332
4.4346766
4.4095407
4.3981676
4.452193
4.385261
4.488777
4.462873
4.440207
4.4721026
4.511893
4.4066257
3.9234028
4.3724723
3.935816
4.440958
4.474208
4.3581877
4.4472938
4.3726797
4.471219
4.32838
4.028798
3.8850598
3.880057
4.439581
4.501383
4.4772415
4.520055
4.4751997
4.455119
4.474286
4.321429
4.340755
4.210911
4.362358
4.2330065
4.406275
4.2383065
4.3204207
4.3743563
4.1211147
4.3301067
4.1756773
4.2902584
4.3452396
4.3332825
4.3007812
4.3127537
4.006885
4.3834844
4.396463
4.364906
4.347546
4.3715706
4.3944645
4.112631
4.3336806
4.370068
4.3576813
4.3903947
4.3556104
4.3358655
4.3486986
4.4098787
4.406622
4.417331
4.3823094
4.360362
4.3441725
4.297677
4.452008
4.5816474
4.592514
4.7711325
4.768567
4.614821
4.778953
4.5367193
4.1457486
4.058393
4.4546404
4.5734468
4.294046
4.4891934
4.448148
4.424472
4.123315
4.2077312
4.1467323
3.870854
3.9554024
4.273983
4.4113445
4.114501
4.2207565
4.143054
3.8530235
4.1571364
3.9642723
3.8856149
4.0649776
4.197626
4.037802
4.071272
4.095969
4.075149
4.1777353
4.1994333
3.5788617
4.0760927
4.0710583
4.074527
4.0526247
4.023221
4.0915527
4.0895867
3.615589
4.046129
3.6541715
4.054221
4.389991
4.6465526
4.8513756
4.7730236
4.0214744
4.5068526
4.4825144
4.3538995
4.232523
4.218988
4.326313
4.2280445
4.2826014
4.1873136
4.2956667
4.23869
4.1552362
4.074264
4.2862015
4.1241727
4.3480024
4.007491
3.9166408
3.9550097
4.031486
3.8931527
3.896619
3.8396406
3.9393096
3.8092396
3.9431887
3.8896646
3.984962
3.9315784
3.8645165
3.9221208
3.9964254
3.8813922
3.9190683
4.0042744
4.0403237
3.953673
4.012001
4.1406627
3.958015
4.1454225
3.9393566
3.8303297
3.9128191
4.0947747
3.9611998
4.036921
4.0742693
3.9528313
3.9406958
3.9203215
3.9179547
4.017438
3.9262984
3.9841416
4.039873
4.0699244
3.9939194
3.8855498
3.971258
3.929209
3.9577522
3.9300961
3.8368182
3.9372678
4.058898
4.0890665
4.093708
4.130263
4.1656747
4.1541543
4.180355
4.158046
4.0945253
3.9926631
3.989507
4.313708
3.9616098
4.207988
4.3195167
4.3398266
4.1297936
4.2078476
4.882536
4.5177917
4.2431335
4.391617
4.219343
4.2020965
4.1470003
4.270322
4.2526255
4.5911455
4.6397576
4.2885184
4.3118997
4.405817
4.0515094
4.142751
4.0773816
4.262533
4.4174485
4.5118155
4.374245
4.378804
4.1916428
4.417054
4.5050836
4.4687905
4.303204
4.111967
4.5339236
4.801401
4.8868713
4.674476
4.506709
4.584584
4.6820893
4.4679317
4.307526
4.3542514
3.9745834
3.5044246
3.8632402
3.8625107
4.028011
4.1597013
4.1284695
3.9559326
3.9143143
3.915602
3.9285793
4.0039797
4.699245
4.973979
5.4061027
5.9597244
6.414732
6.634752
6.6680536
6.551456
6.3612156
6.096302
5.770114
5.627063
5.5269136
5.4766283
5.2990084
5.092667
4.948148
5.0885706
5.319678
5.2879667
4.9496827
4.8188286
4.7717032
4.9047623
4.9914985
5.503444
5.375715
5.6283503
5.8582554
5.577038
5.857861
5.284067
4.816249
5.187943
5.706871
5.9326663
6.3724504
5.8946114
5.136147
5.021262
4.7159414
4.7544446
5.5371485
5.545524
6.304795
5.4403887
4.242317
4.1269054
5.1822724
5.151682
5.2889433
5.3612676
5.965497
6.585169
5.6591988
6.3485494
7.8826923
7.869671
7.139235
6.284995
4.887792
4.5228624
4.4481134
5.19154
6.0407043
8.146458
7.427832
7.2476616
6.6176066
5.492935
5.50741
5.959183
7.055328
7.182402
7.103963
7.1008573
7.0811863
6.080091
6.124861
6.7784734
7.531006
7.974721
7.71901
7.535229
7.78813
7.350772
6.0389256
7.225092
7.568106
7.6179657
7.636762
7.0413284
6.7404146
6.051163
4.7477307
3.8998764
4.4650173
3.8346975
3.632628
3.5983315
3.5448236
3.543838
3.4556446
3.4352422
3.4733975
3.3559253
3.2208114
3.5230489
3.453097
3.5903502
3.764401
4.0612793
3.6533122
3.5228
3.4883862
3.4383945
3.8398366
3.6228135
3.6962337
3.8126273
4.171191
3.9216251
3.6109188
3.5492053
3.6281478
3.530671
3.4976876
3.4625502
3.342906
3.5724092
3.7099915
3.7999399
3.7237985
3.8747604
4.4408236
4.002329
4.0976796
3.861342
4.020255
3.9147255
3.64349
3.6617477
3.6550274
3.5921025
3.7244844
3.7784898
3.7940567
3.7266536
3.614167
3.799378
3.5594714
3.2958682
3.1834245
3.3112116
3.23605
3.2226434
3.084861
3.1945906
3.1496992
3.0999668
3.1900277
3.2324424
3.0385377
3.3082466
3.8612995
4.176032
3.755089
2.8756156
2.9539402
2.885482
2.9933736
2.8633804
2.9200954
2.6950257
2.8804834
3.1649735
3.295185
3.3215182
3.5165763
3.3162043
3.261432
3.2820618
3.3124406
3.1654134
3.2038713
3.2913544
3.370437
3.3585129
3.2062802
3.2632892
3.2072055
3.1503608
3.109811
3.204348
3.247685
3.5519319
3.1473353
3.4783309
3.4138587
3.326479
3.4992833
3.4649184
3.4738996
3.6713295
3.6526859
3.5809631
3.5894759
3.5574152
3.5012372
3.4697406
3.5673714
3.732405
3.7846231
3.9772515
4.5072093
4.2618527
3.860407
3.8596027
4.095388
4.122904
4.7684894
4.223335
4.1405025
4.528774
4.706636
4.3824406
4.3727245
4.4331236
4.371491
4.988925
4.588044
4.376867
4.3730946
4.2256036
4.0363455
3.9346685
3.8162248
4.316326
4.9172764
4.775007
4.5598855
4.3082542
4.3619885
4.4121237
3.966594
3.9690497
3.966733
4.0239487
4.356202
4.301214
4.3892174
3.9151092
4.097715
4.184167
4.276232
3.7247336
3.833295
3.916701
4.1986017
4.3963313
4.299239
4.5949507
4.5563664
4.7433505
4.8934155
4.7803526
4.601181
4.7714434
4.993465
4.9361033
4.9858255
4.9868417
4.753237
4.431162
4.335298
4.183788
4.177885
4.274178
4.3482246
4.161478
4.2040625
4.254262
4.2321143
4.1524506
4.1709037
4.0204525
3.8832273
3.9595692
3.9701662
3.9847832
3.8846908
3.8860562
3.8579702
3.9578552
3.999263
3.820159
4.041234
3.8870125
3.9557273
3.9911711
3.9912739
3.969019
3.9802372
3.8374832
4.0145354
4.0057626
4.0204587
3.9556265
3.9112039
3.926883
4.001356
3.8628695
3.7090101
3.5187538
3.7320724
3.813492
3.9361162
4.02967
4.166628
4.4919624
4.5734506
4.643919
4.602503
4.480272
4.450724
4.456357
4.0667963
4.147913
4.0737886
4.0363197
4.007205
4.004284
3.986062
3.9699535
3.9074056
4.0174026
3.9777913
3.9269524
3.942224
3.8913798
3.8796427
3.9452097
3.8689284
3.8133388
3.9498563
3.9379516
3.9599228
3.9971147
3.9745023
3.9247632
3.9558115
4.0227003
3.9405231
3.9381344
3.9321613
4.0148797
3.9513888
3.9077973
3.9202154
3.896708
3.9388552
3.838588
3.9025526
3.8620002
3.750526
3.7812126
3.8104818
3.8012424
3.715407
3.791036
3.807855
3.9245207
3.8810153
3.823503
3.8851395
3.8555102
3.873913
3.9176872
3.7715068
3.8810139
3.9185565
3.8357725
3.9011655
3.9204724
3.9023035
3.876017
3.8224735
3.8504035
3.7598226
3.9054728
3.960742
3.854185
3.930216
3.9363046
3.913025
3.8790646
3.8558722
3.8788328
3.8318305
3.955902
3.8783042
3.9540906
1.994417
3.9276605
3.929686
3.8661985
3.8918774
3.9929535
4.0475807
4.0070076
4.0304103
3.9875677
4.018389
4.0906324
4.0040216
3.9868572
3.9712307
3.9888487
3.980811
3.9985373
4.020719
4.0011935
4.0537643
4.0659404
3.9608018
4.1087885
4.137542
4.122661
4.3330183
4.3441615
4.3896933
4.490447
4.459591
4.5967755
4.692045
4.4722157
4.6538067
4.5597577
4.4441037
4.220597
3.9629755
4.086838
4.080866
3.9766254
4.1768284
4.0612836
4.249222
4.315114
4.4603505
4.546226
4.591593
4.6012588
4.4616733
4.223701
4.2421227
4.3549576
4.3590345
4.201207
4.1501064
3.7036266
3.9513602
3.7899685
4.1800275
4.192344
4.500427
4.498769
4.6157184
4.475818
4.25233
4.4834332
4.1624203
3.8905036
4.082315
4.0556736
4.5381594
4.5908895
4.926659
5.0710163
4.6811028
4.4982243
4.2497964
4.029225
3.9245296
3.892602
4.032418
4.4544425
4.8633113
4.8642697
5.162966
5.1938763
4.871705
4.4697847
4.0452957
3.9764347
3.9355574
4.3199334
4.6819954
5.0956597
5.305401
5.213075
5.239912
5.0770464
4.7241707
4.5987597
4.195795
4.044984
4.092153
4.3237314
4.8486185
4.890527
5.183268
5.125096
4.801882
4.63455
4.6471777
3.8864136
3.574956
3.7491388
3.7765956
3.9027436
4.1477637
4.1584578
4.1779346
4.0970526
3.6507473
3.7114773
3.5916471
3.6520927
3.9043126
3.3395839
3.380129
3.5980873
3.2212386
6.0026803
5.8267546
5.807861
5.7485366
5.579506
5.5290203
5.5575414
5.454972
5.1826296
5.1821404
5.4310923
5.1774607
5.224709
5.4418316
5.592416
5.585165
5.787643
5.9780884
5.59105
5.5671077
5.401585
5.2389903
5.4091926
5.405293
5.1794033
4.88928
4.903784
4.9226923
4.916665
5.1548605
5.1450534
5.3014903
5.348052
5.4237933
5.4325504
5.495125
5.724701
5.8317046
5.8914266
5.9802914
6.257106
6.4970512
6.438182
6.351046
6.3300614
6.3296204
6.1770406
6.061423
6.0923166
6.065573
6.1556296
6.336178
6.478231
6.5078077
6.6033187
6.566245
6.8799148
6.8586335
6.900726
6.7982564
6.9082747
6.8502955
6.8929014
6.771326
6.644743
6.522497
6.5876837
6.5284305
6.4767423
6.4300737
6.5230155
6.6385446
6.6620646
6.472103
6.448553
6.3114686
6.058359
5.9341984
5.8526993
5.8932886
5.9572315
5.921244
5.9382143
5.9037886
5.8839912
5.891447
5.8533535
5.8918924
5.925151
5.864212
5.883395
5.9237304
5.897345
5.8622537
5.9786696
5.8895288
5.910577
5.9934688
5.907847
5.9236646
5.9403467
5.9680405
5.969156
5.986456
5.9844284
5.96049
5.9684734
5.9909925
6.023785
6.0580797
6.041444
6.147499
6.1280704
6.0551453
6.079573
6.080737
6.3031125
6.3342113
6.5213904
6.6260285
6.6256056
6.692644
6.623783
6.7295413
6.7467237
7.004281
7.058611
7.079194
7.1643386
7.179952
7.0711675
7.1169424
7.198719
7.117257
7.0381403
7.0306396
6.9807997
6.99555
6.9431276
6.875723
6.976688
6.9771237
6.9139237
6.9363995
6.97492
6.94665
6.9115787
6.917178
6.9525223
6.8979836
6.9546523
6.8871346
6.943879
6.9167557
7.0135336
6.9297676
6.9771547
6.8896666
6.975498
6.8830423
7.015424
6.9092364
7.0024133
6.9299593
7.0261827
6.9239554
7.033672
6.919093
6.941221
6.9283795
6.9623566
6.9088907
6.9330454
6.979426
6.9794397
6.9774323
7.0336666
6.9723063
7.072671
7.035905
7.0497813
7.1230526
7.1342697
7.1596904
7.068813
7.169208
6.761661
6.8206162
6.730307
6.9786468
6.7870073
6.932058
6.766324
6.9598074
6.726869
6.979615
6.875725
7.02699
6.9441032
7.1102715
7.0596886
7.085015
7.100727
7.170656
7.0716867
6.99505
6.9545155
6.8858747
6.9207335
6.971482
7.054931
6.554316
6.4051676
5.8335223
5.3381453
5.820704
6.3603144
5.902342
6.118381
6.547556
5.261594
6.2124147
6.3542004
6.3735685
6.5186396
6.419573
6.1289206
6.1255245
6.449693
6.493802
6.4250813
6.3220654
6.456846
6.3295403
6.4516797
6.5148134
6.6065764
6.8035855
6.9452925
6.841976
6.8118773
6.7824974
6.772496
6.783636
6.698781
6.844001
6.760666
6.7739043
6.755429
6.7478127
6.6862383
6.766387
6.781105
6.7612505
6.727953
6.801317
6.7343903
6.72491
6.6465874
6.6177664
6.60232
6.6596622
6.593651
6.3227043
6.3485255
6.3361135
6.337447
6.3550324
6.3161707
6.5583057
6.7185903
6.5816145
6.570666
6.5405
6.487018
6.420648
6.4822545
6.403477
6.476876
6.606296
6.6660976
6.688693
6.69923
6.7445855
6.8498287
6.988037
7.076575
6.859433
6.3127327
5.987889
5.2384953
3.3598318
4.299039
3.2649102
4.501041
4.491168
4.5243216
4.4299154
4.5578966
4.612753
4.399509
4.609024
4.58667
4.4851956
4.517008
4.30766
4.452437
4.5221677
4.507971
4.479161
4.520361
4.5648823
4.653037
4.5794864
4.6316457
4.705772
4.737709
3.985885
4.6369715
4.6929975
4.7709007
4.835281
4.855469
4.9182024
4.84159
4.977302
5.0384703
4.984838
5.0166783
4.9981594
4.9331055
4.769724
4.940741
4.9497514
4.8455825
4.8524847
4.83801
3.8854604
4.5595284
4.8059835
4.7991676
4.821827
4.820774
4.843782
4.841383
4.8625927
4.77285
4.8400064
4.7870836
4.7646856
4.7634673
4.7841935
4.7707863
3.7513194
4.761571
4.7817717
4.788004
4.7770348
4.7456193
4.8006325
4.80991
4.8390913
4.817475
4.8383937
4.8169746
4.807663
4.7516108
4.8165584
4.800085
4.7625685
4.840168
4.7275643
4.8369765
4.759549
4.7866
4.7687335
4.782675
4.778164
4.8182545
4.8004675
4.794576
4.7426643
4.8403945
4.8028727
4.7892895
4.8117657
4.840553
4.7700186
4.842945
4.873558
4.840928
4.785363
4.8634024
4.866229
4.781369
4.8155255
4.8538456
4.8522024
4.7895474
4.922485
4.8724422
4.871731
4.807595
4.873355
4.8536124
4.880428
4.7992253
4.8079886
4.7798076
3.6664023
4.775496
4.788191
4.820243
4.6974707
4.776786
4.773651
4.806414
4.805535
4.7822995
4.73525
4.7347975
4.7703085
4.6831617
4.7340937
4.7360425
4.7222924
4.79651
4.8558717
4.769564
4.911595
4.9242873
4.831346
4.9062347
4.9324884
4.953898
3.8459358
4.9380684
4.931679
4.859373
4.910068
4.9193068
4.9451547
4.9288406
4.8879013
4.785392
4.8315334
4.9299164
4.8993287
4.826752
4.9678445
4.8730235
4.8802805
4.8710213
5.497416
5.444725
5.5992537
5.6597567
5.5540533
5.565306
5.592226
5.6630535
5.6303515
5.682072
5.641183
5.695681
5.6779995
5.723395
5.686026
5.678483
5.7464433
5.631168
5.7571945
5.687361
5.6539135
5.6235113
5.596848
5.5706916
5.607199
5.509445
5.6380816
5.8035755
5.8644137
5.893333
5.6992016
5.9091415
5.8881392
5.8290606
5.7760887
5.894541
5.8358984
5.8182735
5.8808374
6.0179358
5.7662425
5.8161545
5.9786425
5.7683954
5.845496
5.98995
5.831029
5.7667403
5.8979645
5.891542
5.83454
5.774475
5.7881336
5.8154535
5.947482
5.874933
5.9009185
5.8881865
5.7860274
5.789064
5.7810507
5.8798513
5.833804
5.945918
5.739807
5.9612727
5.712617
5.8366575
5.8213806
5.770647
5.796262
5.714368
5.7411766
5.8694067
5.8217096
5.8135705
5.6889787
5.789983
5.779439
5.78899
5.799819
5.8846464
5.809404
5.886343
5.8111362
5.7934813
5.783417
5.9054127
5.8123636
5.8673787
5.8061094
5.8709855
5.7454576
5.8423033
5.8447924
5.8589625
5.871216
5.8796635
5.844845
5.855919
5.7503977
5.610704
5.6940966
5.752253
5.702953
5.608029
5.5576496
5.582055
5.3865066
5.0356646
5.108831
5.5253863
5.0035543
5.0339584
5.011182
5.6545224
5.701058
5.8250465
5.7797456
6.191049
6.466102
6.6564713
6.678536
6.4068317
6.4005055
6.5489607
6.5699153
6.50989
6.5292773
6.573537
6.37529
6.3740487
6.2402296
6.217133
6.0827894
6.3416743
6.8404536
6.53461
6.3659167
6.6578226
6.4274364
6.608883
6.6289244
6.880109
6.548728
6.177441
6.3587103
5.9645977
5.9997945
6.60277
6.783828
6.8068438
6.253445
6.4084
5.824229
6.151248
5.626029
5.509232
5.1502776
5.2118206
6.1096373
5.9910173
5.935098
6.2612424
6.129024
5.448657
5.7914186
6.285092
6.2134395
6.6548853
6.4539385
5.911512
5.539747
5.8172364
6.0504355
5.7316666
5.5302787
