10000
5.1389556
5.139011
5.02818
5.2145824
5.151083
5.1871276
5.124645
5.1697946
5.173108
5.1061816
5.089721
5.1032467
5.155025
5.1046586
5.155289
5.140472
5.148159
5.2429047
5.2666445
5.2171073
5.1449237
5.0918493
5.268745
5.1767178
5.204055
5.261315
5.1942954
5.1827507
5.2407737
5.2120004
5.2830243
5.1913176
5.2131286
5.2388344
5.142761
5.244183
5.276556
5.170318
5.231492
5.1707354
5.1801414
5.190693
5.180417
5.2144866
5.1760674
5.190421
5.2544975
5.2149644
5.152479
5.2304506
5.218476
5.2346826
5.004692
4.909094
4.8769426
4.950761
5.022275
4.978139
4.9462686
4.636148
5.1312
5.0313807
4.7896733
4.849496
4.7606735
4.8672643
4.753665
4.7919507
4.9100733
3.0745885
4.980813
3.2014253
4.7747636
4.850752
4.74625
4.813608
4.795684
4.783941
4.5810857
4.7563953
4.627653
4.6752596
4.148266
4.6656165
4.683873
4.614499
4.62052
4.6001506
4.6345596
4.6751204
4.6826525
4.6356134
4.6972713
4.643597
4.6547394
4.703513
4.714917
4.5494037
4.586583
4.6005116
4.5560064
4.5505886
4.5603595
4.5585823
4.5950027
4.515033
4.5794115
4.591334
4.607786
4.681966
4.682739
4.6288257
4.645554
4.515372
4.6015124
4.1024685
4.5368395
4.4283447
4.522832
4.3031363
4.346831
4.271221
4.1707616
4.2842937
4.254282
4.1123433
4.111942
4.0903125
4.013295
3.963325
3.8984454
3.764386
3.6607876
3.6901948
3.8134625
3.794786
3.7117333
3.6188693
3.6672509
3.636354
3.5908904
3.515293
3.4506192
3.497311
3.7017455
3.636549
3.362905
3.4183447
3.4138422
3.431173
3.4254463
3.4992106
3.3599455
3.428052
3.4051824
3.3690767
3.2654858
3.0205112
3.1685345
3.1393147
3.0738857
3.064218
3.177671
3.1868768
3.1706738
3.1733894
3.0709207
3.0642583
3.1906934
3.198981
3.217669
3.1264663
3.2344189
3.2052739
3.2185464
3.1958852
3.1931787
3.2694664
3.162942
3.2055182
3.154601
3.26015
3.2637935
3.272831
3.2391403
3.0640256
3.2255778
3.2038903
3.1358676
3.203786
3.218698
3.2118034
3.1658492
3.262845
3.2191691
3.264151
3.255145
3.3478215
3.279875
3.2520368
3.2311797
3.193183
3.2749672
3.2789104
3.2047908
3.316709
3.260489
3.206437
3.30832
3.261888
3.2673938
3.2904162
3.2559614
3.2690384
3.2640836
3.2802558
3.2504334
3.2923913
3.2889493
3.2204294
3.3441086
3.2450604
3.2885127
3.2640936
3.2785914
3.2409303
3.2936757
3.2548952
3.2947621
3.2709298
3.286683
3.2765825
3.2668586
3.284593
3.3122072
3.2719808
3.3838148
3.29662
3.3046372
3.3142653
3.2627835
3.2433383
3.276971
3.2429974
3.2263856
3.2233057
3.174708
3.2202735
3.2527597
3.305216
3.280338
3.2687511
3.2104714
3.2544625
3.3295977
3.2943943
3.2449174
3.3379624
3.2484426
3.234221
3.223341
3.1811185
3.2589772
3.266754
3.236767
3.1786003
3.1948237
3.2468696
3.2173274
3.2907252
3.2770271
3.2003045
3.2773256
3.2741947
3.2079835
3.2747483
3.275802
3.2224522
3.2194223
3.2878945
3.265648
3.271715
3.2432218
3.221607
3.2199323
3.2098777
3.2234921
3.2394724
3.3001356
3.1512713
3.230728
3.621015
4.5950704
3.2396922
3.3474364
2.5119026
2.9643962
2.5456748
3.1859787
3.1124024
3.2021043
3.2662272
3.153216
2.8420274
4.115271
4.58252
4.7294064
4.6866355
3.8426445
4.600724
4.564314
4.677467
4.61664
3.4206111
3.3878555
3.4645805
3.3573787
3.3093796
3.468628
3.3870444
3.385142
3.3467946
4.7320824
3.9006555
4.3031626
4.414425
4.6567154
4.689204
3.4377298
2.3120418
4.6734686
3.453517
4.629254
4.6110163
3.387318
4.655571
3.3548791
3.0986092
3.0502162
3.3390658
3.166768
3.1667976
3.2485452
3.0970626
3.1800222
3.4213836
3.3177323
3.3800051
3.469426
3.224247
3.2493577
3.3635483
3.4153838
3.2604046
3.1423206
3.2130432
3.1942225
3.2464745
3.2112992
3.2746377
3.1995249
3.3003073
3.272316
3.11767
3.174755
3.030597
3.1653984
3.3192406
3.4862742
3.6868398
3.3953524
3.7320585
3.7020829
3.3933783
3.2473783
3.2139792
3.2184925
3.1826186
3.2607207
3.244085
3.2802002
3.362246
3.3889089
3.4665937
3.1680698
3.6344442
2.9741294
3.693868
3.6184542
3.556971
3.56973
3.537623
3.6368413
3.636976
3.3193235
3.11383
3.2188635
3.15306
3.095585
3.1609879
3.163151
3.2338994
3.1619525
3.2092772
3.2344794
3.2303643
3.203745
3.2028444
3.1971538
3.177191
3.1642213
3.1548352
3.138947
3.1893108
3.2034013
3.156963
3.1801147
3.1413019
3.2097201
3.2107213
2.4158401
3.4149857
3.4816546
4.164967
4.2726865
3.8424573
4.18616
2.3697562
2.364303
2.321176
2.512897
2.5621722
4.1309714
4.1651273
3.1711035
3.1354887
3.1637998
3.1197705
3.1129742
3.2093878
3.1365232
4.2613163
3.2917972
3.1891127
3.10466
3.233538
3.1541119
3.1660345
3.1990228
3.2183483
3.1379795
3.1817572
3.1979902
3.452848
3.5717669
3.4952068
3.200801
3.6129513
3.6424835
3.694409
3.690541
4.0079827
4.117848
4.1374607
4.1570845
4.184739
4.315218
4.4409604
4.583591
4.410123
3.241675
4.5896463
4.651803
4.597566
4.563493
4.718321
4.693136
4.727689
4.7672744
4.710532
4.6037016
4.417003
4.6376176
4.6309266
4.677984
4.6494107
4.5286274
4.622653
4.548515
4.597158
4.5874515
4.6419783
4.5531282
4.55672
4.582406
4.545771
4.419236
4.5371637
3.0281024
4.5544176
4.505363
4.499957
4.433472
4.516699
4.503786
4.427075
4.5051837
4.4770923
4.558812
4.5319514
4.5194483
4.433647
4.3835497
4.421625
4.4658666
4.444673
4.352973
4.310027
4.2585373
4.138053
4.0555086
3.9869637
3.8946419
3.784698
3.2592092
3.5789979
3.4856324
3.611043
3.750266
3.8932655
4.373111
4.4929347
3.2408292
4.5701227
4.639119
4.61202
3.2658968
4.556138
4.824307
5.070396
4.826765
4.6642265
4.6103306
4.614161
4.6963267
3.2189648
4.776864
4.857028
4.6046877
4.213802
4.386283
4.216349
4.081917
4.0197034
3.9894896
3.920337
3.8840134
3.9535723
4.1246357
4.2990384
4.258345
4.3253765
4.407983
4.3923106
4.461891
4.4255934
4.4622226
4.3759575
4.4486485
4.4023805
4.453919
4.4668646
4.455883
4.4964356
4.3886166
4.448778
4.3998976
4.4549823
4.4503064
4.45062
4.5073676
4.5458446
4.393981
4.424927
4.445056
4.3914056
4.3759623
4.404837
4.3966875
4.3824906
4.4208407
4.382767
4.372527
4.4295187
4.4222984
4.4156146
4.390935
4.37568
4.5154576
4.5240703
4.46849
4.414696
4.3701816
4.400177
4.4879827
4.4935665
4.502823
4.389099
4.2892203
4.168282
4.3404827
4.246345
4.187422
4.184452
4.236325
4.207115
4.1222644
4.0730715
3.3492007
3.8345954
3.677506
3.5744324
3.6350822
3.817789
3.913635
3.8817382
3.9112625
3.7814295
3.9138665
3.8536634
3.8794758
3.883164
3.750795
4.0196567
3.864563
3.9210827
3.3570137
3.5720606
3.494039
3.7783418
3.8268733
3.8886404
3.810752
3.3736243
2.6150167
3.6938744
3.5269988
3.286312
3.2344155
3.2861333
3.6640525
3.4911945
3.2556152
3.3441305
3.2328103
3.336292
3.2862678
3.3444736
3.386164
3.2205892
3.2709718
3.3292418
2.5268435
3.3126602
3.2530494
3.2343283
3.2521682
3.2820652
3.3227623
3.3145096
3.3301067
3.2553716
3.2509038
3.2981086
3.2001429
3.3265429
3.2373652
3.2547553
3.3160744
3.3002694
2.5196657
3.3549464
3.3220716
2.223911
2.6052675
2.6035218
3.2635498
3.298583
2.9157412
3.3933938
3.2690752
3.2833934
3.2756844
2.4542584
2.6622849
2.5025015
2.5989692
2.981308
3.2466097
3.125307
3.0347693
3.5150676
3.4820936
3.4898062
3.5948188
3.7778766
3.5527525
3.536455
3.405715
3.7087502
3.6297736
2.735526
3.7164233
3.6706495
3.5137267
3.2412353
3.2806087
3.1993856
2.9071064
3.2480211
3.1555622
3.0916975
3.3998833
3.8124614
2.3891525
3.167187
2.8542194
2.9639452
2.943598
2.8080535
2.7279956
2.639632
2.851367
2.1097455
2.704206
2.9755738
3.3264744
3.3527236
3.4011588
3.135814
3.2231967
3.284779
3.244888
3.3966086
3.6012628
3.7284436
3.5773249
3.514678
3.2620015
3.2469835
3.08099
2.8170085
2.9557843
3.0714607
3.0128036
2.9661474
3.2830904
3.1116438
3.074604
3.0162342
2.930326
2.7002296
2.5025516
2.5649908
2.6012123
2.3210795
1.9862479
2.2234976
1.9562006
2.1803896
1.9831839
2.2007535
2.22205
2.3314574
1.9630429
2.3572042
2.6042774
2.6312258
2.2706027
2.2852907
2.3779204
2.395121
2.4843493
2.4541056
2.4132185
2.6147099
2.5539703
2.8219275
2.940187
2.918627
2.6910641
2.7362185
2.7410514
2.418385
1.9649522
2.4040275
2.3762379
2.5662274
2.696668
2.8504248
2.9859166
2.8500493
2.842289
2.4252234
2.2791476
2.3096995
2.1336026
2.335478
2.408561
2.4851918
2.6584404
2.9496093
2.892044
3.0182788
3.0008383
2.762294
2.7364197
2.4347875
2.3569465
2.3538687
2.1306825
2.0430398
2.2794912
2.5853548
2.644953
2.7304242
2.865293
2.9640434
2.6983824
2.4550433
2.2035518
2.1534903
1.8895802
2.0519483
1.824893
1.9940878
2.1931472
2.2996566
2.591766
2.6406493
2.7123659
2.8257198
2.6469696
2.2144854
1.7970996
1.7729957
2.0204597
2.1115744
1.988031
1.9287674
2.1045418
2.237305
1.9703977
2.2899199
2.5279996
2.5952826
2.377952
2.1469285
2.2940948
2.1772366
2.1749415
2.3031878
2.283485
2.3411593
2.4503098
2.314712
2.3461542
2.1706014
2.5205827
2.4547913
2.2943065
2.1005788
2.12797
2.233554
2.0160635
2.2298398
2.246433
2.7846248
2.973567
2.5809762
2.6886
2.601232
2.61875
2.673904
2.4450424
2.47909
2.3762875
2.2192874
2.3158636
2.2410443
2.4004886
2.5278804
2.7438607
2.8273997
2.8368535
2.8904462
2.6109476
2.6105611
2.4171305
2.4050333
2.434196
2.3971782
2.5501037
2.6101582
2.4838312
2.5625875
1.9052898
2.8928778
2.957583
2.7941709
2.8747663
2.6704674
2.5843503
2.4699829
2.4591868
2.4171832
2.6240263
2.6026938
2.6152558
2.7443666
2.9676824
2.6479402
2.8381271
2.47508
2.3800128
2.3194587
2.3788004
2.4395454
2.528839
2.657578
2.5296667
2.2641728
2.6406424
2.7409334
2.5444834
2.182281
2.3671472
2.2786791
2.1084456
2.2722912
2.1438808
2.1343527
2.0590777
2.2129016
2.4694257
2.4717355
2.5670886
2.512714
2.416582
2.4050586
2.323051
2.314122
2.0761209
2.2094712
2.1375294
2.1116736
2.2093337
2.3417153
2.6957405
2.4872246
2.7031336
2.563395
2.3830895
2.4232557
2.7498133
2.721797
2.6689885
2.6667652
2.6923594
2.0530374
2.6779485
2.648343
2.7082214
2.8176706
2.681808
2.641354
2.7269073
2.6774294
2.6521342
2.6239362
2.7065616
2.6581998
2.6758304
2.6624691
2.6793885
2.7483766
2.7516923
2.7360432
2.7572508
2.6377227
2.675479
2.5985982
2.4242237
2.2587316
2.6791255
2.741475
3.1755157
3.3340054
3.536892
3.737836
3.3377323
3.4197063
3.1362898
3.0284045
2.500911
2.4178567
2.4267502
2.4175642
2.6608648
2.7057164
2.7033684
2.737957
2.7307034
2.636229
2.6035085
2.6989272
3.6560383
3.6649516
3.6760662
3.72274
3.805138
3.7326462
2.677302
3.843284
2.6322186
3.6407084
3.754953
3.630387
2.4548454
3.33773
3.6562166
3.6758084
3.6554863
3.734373
2.6855927
3.6956363
3.7147622
2.6269937
3.6828294
3.728356
3.5773714
3.2202017
3.6676846
3.77925
3.6923397
3.7192225
3.6586523
3.7246752
3.6067011
3.491666
3.4509926
3.4020703
3.2229455
3.1444314
3.0500908
3.280239
3.2424989
3.2983537
3.387107
3.5006108
3.5143356
3.566757
3.6479077
3.650231
3.6830814
3.6977954
3.633451
3.5931902
3.6625748
3.640038
3.529138
3.6763742
3.578833
3.7082348
3.596795
3.6243253
3.6005585
3.5867467
3.2942429
3.7935462
3.6572518
3.7282965
3.8231711
3.245932
3.6507316
3.7411776
3.3252265
3.6951423
3.3743453
3.7681386
3.2918496
3.6287568
3.2544715
3.4053607
3.3700397
3.3727236
3.370523
3.3523164
3.2628853
3.2052689
3.1388144
3.0884306
3.0306213
3.0450118
2.8545167
2.850181
2.913439
2.958629
2.9543178
2.796828
2.8974586
1.9841977
3.1694863
2.668838
3.1677406
3.2355962
3.244558
3.2786202
3.2275612
3.286888
3.2773602
3.3254411
3.2228901
3.3241398
3.3125825
2.2198005
3.246409
3.344501
3.2151074
3.3206737
3.273591
3.2805798
3.204272
3.3595128
3.3383684
3.3058686
3.2817822
3.4015987
3.2483132
2.7223446
3.41826
3.1619484
3.310876
3.1780128
3.137611
2.4803028
3.133854
3.1021278
3.2149982
1.945559
3.0895357
3.168282
3.2333775
3.2435145
3.2286673
3.326439
3.1867635
3.1429067
2.784294
3.1081614
2.2516813
2.9673462
3.062644
3.1352024
3.2579718
3.216132
3.764452
3.3179104
3.741221
3.2972746
3.719881
3.7022097
3.6734204
3.7859514
3.7462583
3.6793566
3.6250567
3.6320844
3.639934
3.743432
3.7803774
3.6031697
3.6868386
3.8301048
3.7354183
3.754119
3.7574196
3.7102642
3.7247133
3.745979
3.6721885
3.630625
3.4120116
3.207749
3.423719
3.572803
3.7308319
3.9223263
3.8726606
3.7921243
3.7151837
3.5503209
3.7804961
3.6168709
3.7624793
3.6915708
3.7218103
3.7484865
3.7262816
3.772595
3.7362895
3.7090988
3.7542763
3.7314272
3.679708
3.7925868
3.685452
3.7165198
3.7418728
3.812485
3.660543
3.634853
3.6166499
3.5211725
3.50512
3.7001603
3.1338134
3.6855292
3.571858
3.6687698
3.7922382
3.5094986
3.646038
3.61832
3.2124252
2.9321387
2.968305
2.9296541
3.41792
3.6757565
3.8671634
3.904539
4.073209
3.8572044
2.1014445
3.719875
3.4555075
3.3914363
2.65902
3.441176
3.6480343
3.5670695
3.7060769
3.670211
2.0797052
3.9143515
3.8107333
3.786798
2.7532582
2.7586029
3.7042265
2.6933165
2.579443
2.6206126
2.2715101
2.6601465
2.6602697
2.6535068
2.7911215
2.7000582
2.814512
2.8209858
2.6791704
2.7793374
2.7382045
2.6890554
2.7418027
2.7037563
2.3236437
2.6920748
2.665191
2.801888
2.7607121
2.7760043
2.7299075
2.6946921
2.7643254
2.693758
2.711909
2.735861
2.6554947
2.43013
2.1885533
2.7934346
2.8180652
1.9649756
2.0390403
2.7494564
2.8349905
2.8318167
2.8375247
2.829667
2.7917514
2.8594224
2.81536
2.8816516
2.8427863
2.814237
2.803633
2.8003073
2.7364347
2.787929
2.7406042
2.7968693
2.7408094
2.7514637
2.7877173
2.8031569
2.7331047
2.7122345
2.8085542
2.8007445
2.8170726
2.7594109
2.8078961
2.767405
2.7222328
2.752182
2.789829
2.7633977
2.7083704
2.746224
2.7999034
2.8119283
2.82753
2.8437526
2.8021998
2.862163
2.7838974
2.8790593
2.762136
2.7606373
2.7090144
2.5656848
2.6892545
2.6749172
2.6660576
2.6488268
2.6494112
2.7071328
2.695928
2.7249315
1.9938762
2.715138
2.768951
2.7468634
2.724684
2.6805906
2.6086552
2.241931
2.5755992
1.9558282
2.0123224
2.6926882
2.6332908
2.0157282
1.9795609
2.0044045
1.9495499
1.9613405
1.9091266
2.589522
2.1655545
2.036152
1.985781
2.01596
2.118014
2.4477203
2.2473898
2.3629732
2.4654064
2.4402773
2.087641
2.3774793
1.9326187
1.8770875
1.9709251
1.9201124
1.9412003
1.9531213
2.059513
1.9040687
2.4932494
2.1343212
2.5565348
2.6231065
2.1373117
1.9928527
2.6924179
1.9502434
1.9349823
2.0534978
2.128828
2.6267903
2.2172277
2.5091112
2.187416
2.2712114
2.3702552
2.6281886
2.3192353
2.6116238
2.505624
2.629538
2.683659
2.3056056
2.3882842
2.4337347
2.4546225
2.4127882
2.254706
2.1089761
1.8909394
1.9818767
1.7737544
1.720499
1.8228097
2.2538497
2.4267812
2.2790425
1.9733995
2.037858
2.0817661
2.4487915
2.077906
2.2954192
2.4304354
2.4174013
2.2984908
1.8586915
2.272708
1.861557
2.3752594
2.223982
2.0129638
2.176419
2.33879
2.369372
2.401114
2.2590709
1.9386952
1.8817924
2.287182
2.394966
2.2810452
1.9198718
2.4585364
2.3089175
2.2640114
1.8855839
2.306849
2.44341
1.7639104
2.3575444
1.7566004
2.1629646
2.310932
2.1842496
2.3378403
1.829682
2.3107595
2.3304055
2.4201157
2.3884454
2.165471
2.3661346
2.4879093
2.3898253
1.8819243
2.3789077
2.4163105
2.2955904
2.4022472
1.961794
2.2851129
2.3396964
2.4919164
2.38281
2.4112434
2.1902075
2.4314308
2.3927858
2.4523783
2.3479116
2.3498683
2.382019
2.384553
2.4718714
2.27783
