10000
10.127845
10.0512085
10.097719
10.0144415
10.025461
10.074322
10.0091095
9.983187
9.964537
10.016411
9.870792
9.937592
9.966063
9.842214
10.04439
10.020393
10.003422
9.948048
9.969493
9.83537
9.976323
9.961644
10.035625
9.881906
9.990878
9.992186
9.959295
10.009891
10.078893
10.044316
10.110452
9.85366
9.84826
9.93181
10.064311
10.105289
10.062949
9.93776
9.763362
9.625558
9.396134
9.150436
8.832907
8.668956
8.269226
7.5345306
6.6511974
5.9643617
5.499481
4.0126143
3.9847744
3.9522376
4.2350125
4.342984
3.966788
4.617231
4.282022
4.437802
4.2485294
4.831849
4.8449845
4.83459
4.6497083
4.0070534
4.666404
4.991023
4.1146946
4.799611
4.649648
3.4458642
4.1622458
3.8846114
4.70903
4.1990447
4.848699
4.574051
4.5808234
4.8308516
4.3690333
3.8455315
3.5390253
3.7313511
3.5785003
3.6978006
3.355973
3.88835
4.192286
3.7349033
3.4271662
4.136899
4.1882977
3.6194146
3.8058758
4.031679
4.159663
4.450986
5.3999496
5.8622723
5.634238
5.052185
3.8920493
4.1416926
3.7206945
4.9509044
3.88788
3.935998
3.734005
4.72244
4.370073
5.0335126
4.7478337
5.2677703
5.5258985
5.196291
5.513807
5.14231
5.042153
5.7184243
5.5232043
5.326288
3.4820676
3.3759336
4.1628895
5.407627
5.204247
4.522888
4.805729
4.618596
5.9251885
5.192677
4.3358903
3.9287875
4.885274
4.65781
4.1393986
4.557149
3.8134058
3.2945032
4.645981
4.168249
3.4558508
4.7234936
3.9670653
4.47364
4.965872
5.351283
4.5125504
4.081685
3.3592196
3.8551848
4.296274
5.312456
6.0458493
3.3412313
4.528509
4.909234
5.83504
7.448571
6.679797
5.2267113
3.9711761
4.7809243
5.109063
5.6424804
6.5738416
6.0330596
4.876119
4.063346
4.797604
4.145854
4.244627
4.728675
4.5144963
3.9706008
3.7957613
5.3275733
6.321166
5.0940228
5.1563687
5.002222
4.3199863
4.664375
5.5242877
5.580984
5.600592
5.549111
5.7872763
5.7134805
5.4506254
5.471907
5.3553247
5.437317
5.336384
5.5377603
5.407771
5.500286
5.4491167
5.105298
5.3345547
5.174176
5.5095797
6.616449
5.435118
4.964812
5.7124887
5.607644
5.5520334
5.6046276
5.320408
5.4396057
5.421528
5.6170874
5.6568837
5.3848295
5.087762
4.934621
4.2784796
4.474095
4.6122837
3.8893762
3.8054028
4.4449186
4.519613
4.2990484
3.8176763
3.4619498
3.9648614
3.8736448
3.5913143
3.9420495
3.6880026
3.7577085
4.269362
4.04841
4.236958
4.7367344
4.1068807
4.707347
4.3756604
4.2894325
4.2428055
4.833253
4.7948127
4.083001
3.7360616
4.3445654
4.040167
3.869936
3.8942654
3.5817883
3.4281409
4.8967586
4.81209
5.635795
4.7122197
3.9813294
4.2538486
4.0625715
4.0219665
4.1931753
3.7025218
4.06342
3.998571
3.818441
3.7644305
3.617478
4.2546873
3.5941672
5.1719837
5.42675
5.6114545
5.1641703
5.421438
5.007907
4.5077
3.3978844
3.7029865
3.3614106
3.6380172
3.5345914
4.6243696
3.390374
4.643794
4.6200304
4.7401786
3.8722975
4.393035
3.4872668
4.1225014
3.662703
3.7245607
4.866197
4.1196885
3.6748838
4.9904423
3.373416
4.514624
4.9113264
3.5978422
3.628681
3.9864902
4.112611
2.9821692
4.9379587
5.18872
5.246413
5.197836
5.7227535
4.429636
3.7456276
3.7145941
4.62667
4.47421
4.0708203
4.9569063
3.3562622
4.7451587
5.1842237
3.5136628
3.0375881
4.1183386
3.6951346
4.5099316
3.298048
3.6564002
3.6811612
3.583931
3.5161994
3.2921867
3.9202642
3.810428
3.0281043
5.14079
3.677666
2.7138653
3.5822053
3.5895362
3.1725926
3.5404906
4.5433736
3.992651
3.8713322
3.452438
3.7488508
3.656684
4.138104
3.9465714
4.536823
3.9194202
3.1806512
3.6168232
3.4760375
3.3858306
3.1210914
4.9064264
5.387863
5.0371
4.199639
4.162577
5.3718762
3.973427
4.5351076
2.9433484
3.969384
3.3184986
2.973164
3.5942817
4.8361635
4.774045
4.6158724
4.772089
4.3213463
3.0180469
3.5811489
4.17178
3.7832894
4.8163953
3.689815
3.9830923
4.572274
6.3735123
6.367191
6.035531
5.883066
6.0435658
6.105033
5.8727336
5.967904
6.2945538
6.4816365
6.611511
6.5750866
6.3491545
6.3806596
6.260974
6.4086795
7.0247316
6.6332498
6.013791
5.531277
5.1804214
5.120185
5.530736
5.964625
6.186927
6.523622
6.3658657
6.594657
6.688759
6.7361145
6.8716955
6.4872847
2.9121954
2.9532971
3.497404
3.8147292
3.5547895
3.7343688
3.6846762
3.9846725
3.7438767
3.739365
2.9404795
2.1955187
2.7509358
3.5405743
3.191019
2.0473535
3.4627466
3.6832602
3.432434
1.726606
3.1941166
2.9021454
3.2386985
3.3699121
3.5123007
3.5489008
3.5637517
3.5883427
4.1166353
4.114359
3.7416763
3.4359016
3.0968845
3.092113
3.139428
3.0194604
2.90979
2.7479215
3.6022289
3.3990684
4.0998507
4.442088
3.9859781
3.5758486
3.839298
4.4022245
3.974351
3.38351
3.6843147
4.101021
4.5130315
4.2810893
4.087224
4.72846
5.1876097
4.392854
4.488311
4.706696
4.65813
4.706361
4.7492347
4.9303436
4.84916
4.922252
4.597418
4.7985587
4.743407
4.625616
4.509581
4.370789
4.7252316
4.7252812
4.695067
4.483093
4.4322953
4.80944
4.693787
5.3052807
5.918692
5.7639318
5.6142244
5.6001606
5.5533686
5.7431283
5.654112
5.680144
5.609616
5.5439253
5.5943713
5.295234
5.6215324
5.1980095
5.1382985
5.058841
4.556886
4.457315
4.37053
4.008451
2.825964
3.8488326
2.3828483
4.6539035
4.2329397
3.1458144
2.5365021
2.4291675
1.9135964
3.669988
2.5483792
1.6690998
2.88189
2.8459892
4.0276313
4.771374
4.5828385
5.171743
5.604842
4.862741
4.5418053
5.0931673
4.727291
2.8043041
5.367934
2.7399955
5.105321
3.8910093
4.239384
4.5478625
4.0601664
4.76352
4.4594727
2.522431
4.232132
4.5979447
5.096444
4.857832
4.5210905
2.9698684
4.461729
3.3409739
3.7705026
3.7479398
3.7441185
3.8558726
3.7647598
3.6549723
3.5768218
4.294806
4.3610134
5.637384
5.0139904
4.209671
4.4959803
3.3245146
4.4825892
3.8834805
4.974344
5.149922
5.09347
5.2754254
5.3705993
5.427333
5.2478504
5.322418
5.24618
5.2948804
5.68063
5.9254036
5.74995
5.9580603
6.170652
6.351754
6.163945
6.2613997
5.7135677
5.48744
5.432825
5.392048
5.2021456
5.477203
5.5868583
5.928344
5.806599
5.618787
5.553448
5.9133315
5.757792
5.77387
6.0264754
5.936799
5.892337
5.6753416
5.8385873
5.8071733
5.703311
5.585455
5.470688
5.973547
6.1938324
5.509145
5.905985
5.9723263
5.6954556
5.598237
5.481182
5.6099334
6.0219245
5.4306173
4.144591
3.7954588
3.2024202
4.9001293
3.7374997
3.2055893
3.6077871
3.7099698
5.905677
5.8708863
5.9663954
5.9645624
5.7038207
5.6454096
5.2674956
5.3024306
5.4292006
5.482858
5.7818384
5.8550315
5.699342
5.826843
5.884498
5.944843
5.84661
5.7776737
5.7165527
5.795389
6.222411
6.2678576
6.314279
6.378127
6.321328
6.2198443
6.066854
6.205747
6.2452374
6.1261473
5.9627824
5.7139273
5.4915047
5.6174746
3.1941426
3.901138
3.916929
3.6848264
3.327835
3.8383067
4.8468256
4.996046
3.8587728
5.7150745
5.9099874
5.95253
5.9095488
5.232391
4.3531675
4.227615
5.173971
5.763385
5.8660917
6.025255
6.1852083
6.4010506
6.067383
6.101539
5.379049
3.4451058
3.4912622
4.7568326
3.907813
4.2431293
4.430762
4.209773
3.7455273
3.9497032
4.1122527
4.0066643
4.001558
4.4408255
4.822448
4.8141775
4.51989
4.280233
4.4908533
4.5307293
4.756979
3.7960887
4.955841
2.6480765
4.2164397
2.5562642
4.2331986
3.724475
4.503277
3.9533741
4.218777
5.553951
4.4096026
4.22428
5.263763
4.434799
3.9494278
5.1632223
3.4576604
5.25883
5.048091
4.8702583
4.6202755
4.855946
2.8093376
4.9868193
4.725679
3.3385944
3.9630735
3.8973086
5.1642747
5.222236
5.3579354
5.2911854
5.2267303
5.2042375
5.26837
5.316583
5.2124248
5.228788
2.9049385
4.457858
3.297593
3.4890888
4.211977
1.0400221
2.9736083
3.2749002
3.2192464
3.308764
3.4256907
4.0394516
3.5043483
3.427755
3.5879624
3.9444115
4.873749
3.60577
4.7351236
4.5662913
4.829424
3.43539
4.9415035
4.404691
4.0641375
4.125804
4.6379523
5.1406717
3.5549867
4.430197
4.5730596
6.410964
5.737804
5.327662
5.354653
6.1066613
6.7488213
6.6631117
6.804786
6.8346167
6.772689
6.803793
7.395003
7.7433453
7.697544
7.486472
7.2858934
7.2347856
7.102396
6.872684
6.621228
6.430939
6.4389677
6.460559
5.9304013
5.700368
5.4733453
5.3938203
5.209053
5.277444
5.2843456
5.795656
5.83663
6.300317
6.0260754
6.5360203
6.656303
6.7962017
6.840449
6.7449613
6.5756025
6.5310073
6.310668
6.510055
6.058359
5.9079227
6.02669
6.425817
6.6067266
6.6048737
6.2198334
5.909512
5.624593
5.503974
5.6836267
5.6436043
5.1612973
4.76185
3.5949051
4.104085
4.332236
4.316991
4.523145
3.6573634
4.095621
4.203092
3.7236428
4.474389
4.6704845
3.8551106
4.2650075
4.0582886
4.2392125
4.547877
4.4756956
4.5599174
4.0561514
3.967632
3.6587481
4.142426
4.129648
3.4658577
3.9640627
4.073633
4.3182216
5.6811256
5.7496243
6.419438
6.3546515
5.950788
5.031943
4.7626147
4.583628
3.8568454
4.6870556
4.3475146
4.6846604
5.157716
5.076761
5.3698053
4.015576
4.2618628
4.2433515
3.902411
3.894074
5.120373
5.0664587
5.1403008
5.0571704
3.481423
3.7524993
3.8938427
4.1190844
3.8993573
3.9342828
3.6732273
3.2202716
3.8636982
3.0079408
3.8328366
3.7657092
3.2102094
3.7415297
3.8268316
3.858761
3.7619705
3.7738385
3.689574
3.2023973
3.1133957
2.8558486
3.9244847
3.4971933
4.754292
3.8347604
4.2162266
4.0666075
3.648952
3.863239
3.6660438
3.4164164
3.5502214
3.519817
3.7122414
3.4911084
3.5919404
4.1953263
3.4085352
4.652906
3.913001
5.1881123
4.1382055
3.881558
3.8259213
3.5920892
2.823928
3.613911
3.8310318
3.7554002
3.4512162
3.8241475
3.4154372
3.9377768
3.8379848
3.6892388
3.6860561
3.8052177
3.7408192
4.301362
4.584825
3.433693
3.8191307
4.5229597
4.425757
3.6496797
4.8983555
3.8377414
4.5206966
3.560367
4.2943254
3.507433
3.752954
3.622018
3.9201398
4.0441456
3.5045896
3.849092
3.7450016
3.8678875
4.5737386
4.3486705
4.152657
3.655437
4.11209
4.143641
3.5466914
4.0945606
4.1267557
4.538221
3.5147314
4.7025976
4.376454
4.2083316
4.6909456
3.9318619
4.463508
4.028623
3.8462768
4.4957914
4.101653
3.9646502
4.430558
3.7262044
3.714055
3.7063441
4.520873
4.2790885
3.5768683
4.664023
4.4829335
4.4186106
3.7670214
3.52147
4.119278
4.156629
4.760728
4.250986
3.4911518
3.8447475
3.6960702
3.8348398
4.451043
3.9598742
4.3657036
4.0820303
4.256416
4.436805
3.448398
4.6291833
3.7082105
4.21518
4.2079387
4.015602
4.216967
4.2374797
3.8437011
4.5901804
4.498598
4.2677684
3.8897429
3.5429473
3.769363
4.2958207
4.3929305
4.3521852
3.4156315
3.5579867
3.5483434
4.588492
3.4471238
3.5426726
3.5372095
4.531449
4.5749507
4.262035
3.356283
3.3983073
4.3633614
3.6977353
3.3750281
3.5929976
3.2642865
4.173213
3.6441727
3.2696874
3.571304
3.9683828
3.66846
3.6902742
3.4809732
4.3005238
3.5804043
3.9778917
3.3133488
4.093858
4.678481
4.076645
3.7453246
3.2911983
3.699406
3.880173
3.8158197
2.721243
3.8672874
3.4174466
3.8306384
3.069322
3.6756444
3.5983586
3.6968722
3.3626447
4.0177226
3.810858
3.6002266
3.814508
3.641134
3.6306303
3.6194208
3.3538065
3.6361372
3.4069974
3.3905854
3.5649652
3.5517693
3.474959
4.612749
3.829547
3.767496
4.966852
3.4544437
3.767388
3.6445632
4.029056
4.516018
3.5970616
3.6382496
3.666077
3.6380982
4.4923697
3.3408597
4.232355
3.3145914
4.1826835
3.7837017
3.8416977
3.877174
3.6109614
3.5060992
4.0964117
4.222751
3.3855796
4.0010114
3.9297414
4.097785
3.7823343
3.6965272
3.9215264
4.802149
3.8098013
3.4504864
3.9601135
3.4672482
4.482028
3.8796256
3.6595445
3.931001
3.9908485
3.6554637
3.9621398
4.852599
5.0319233
4.220478
4.2320404
3.7497718
3.5537453
4.431365
4.1006694
3.7872074
3.6346848
3.7935839
3.5235353
4.678112
3.7261655
3.6490376
3.9349706
3.823558
3.6167133
3.4705095
3.6800194
3.4661698
3.6819563
3.9347463
4.6919055
4.781689
4.0061007
3.988781
4.7685566
3.9861133
4.2477155
4.304861
3.7283244
4.5658407
4.0142746
3.5595908
4.348534
4.0320477
4.69215
3.1812544
3.5322282
4.1080637
3.4153123
3.6889813
4.205059
4.192776
4.8978906
4.191143
4.014386
5.0831494
4.1470723
3.46498
3.974514
3.565545
4.62673
3.9448385
4.1662264
4.8638196
4.335066
4.2851734
3.5231497
3.5431964
4.326981
4.2335296
3.498948
3.7116237
4.4896317
3.7992399
3.8394487
3.5669003
4.1623435
3.9592063
4.7863407
3.754106
4.14561
4.2157955
4.4752913
4.6602216
4.2021384
4.525559
4.827259
5.1954823
3.6467342
4.615479
3.6972322
4.37168
3.6580403
3.981097
4.205429
4.1058908
3.8456807
3.5818431
3.7347996
3.2942927
2.7911732
4.0102077
3.9926138
3.6018562
3.3939571
3.3732777
4.088643
3.8685975
3.7948036
4.47381
3.6345112
3.1237621
2.8073206
3.348719
2.7515836
4.353784
4.2879148
3.6575525
3.9437776
3.1060438
2.7840407
3.3383572
2.1811175
4.3266115
1.0841774
3.905193
2.9208093
2.7976587
2.2287931
4.482712
1.7502958
4.856217
3.9461555
3.1057892
2.6327305
4.130221
3.386082
3.560097
4.0010953
2.9941537
3.4414504
2.9872408
3.2114735
5.7454333
4.315497
3.2624695
3.6226773
3.7984803
2.9689865
3.8363013
3.622377
3.6592672
4.056808
4.0761395
3.7825608
4.080041
5.051718
5.4026337
4.8908515
3.2259398
3.666695
5.4651
5.517153
5.731306
5.3544054
4.38961
2.8687913
2.9005308
3.800158
2.850809
3.5108979
3.8136399
1.5122834
3.6072412
3.4404874
3.838109
3.8749542
3.2478476
3.6393692
3.0385945
3.2701864
2.6065116
3.5518434
3.4727373
3.8267941
3.7256892
2.6058044
4.3403144
4.43677
2.486639
4.619496
5.7290483
6.197632
5.941382
4.6062407
4.011673
5.1925163
5.863935
5.219777
3.5576246
5.175805
4.1269293
4.8148665
4.012086
3.714493
3.4285128
4.177813
5.8170137
3.9068298
4.403734
4.767634
3.7889466
2.9944592
3.3920555
4.350336
4.3255863
3.2951849
4.1694
3.0585513
3.872551
2.897142
3.288391
3.5393953
3.3827817
4.512823
4.218737
4.119443
3.2660708
3.1231527
3.2520733
3.4888344
3.0244586
2.5391765
3.5096917
3.262865
3.7453406
3.6247225
3.436709
3.9959686
3.731057
4.9314423
3.6355834
3.5709472
2.8645108
3.811038
4.041223
4.3220453
3.5677361
3.6753926
3.9050863
3.4208329
3.1946273
3.865534
3.64735
3.9147925
3.786859
4.053841
4.8696833
3.873687
3.6330087
3.4019208
3.2717283
3.7068617
3.2838326
3.9270306
3.1023192
4.009763
3.7309132
4.9839582
3.612233
3.87798
5.2746415
6.007772
5.0345564
3.0981655
4.0241117
3.9011605
4.2115564
3.4888773
3.0166101
4.465481
3.5084417
4.5046177
3.732196
4.1434836
4.6236067
3.6196325
3.907
4.933315
3.8282347
4.24526
4.227771
4.517127
4.9391613
4.8263516
4.2128515
4.188071
4.33969
4.030116
4.1215973
4.083607
3.9047022
4.023672
4.3296113
3.916752
3.9057481
5.1302996
5.419326
4.3510413
3.8149793
4.828169
3.4085793
4.0169935
4.921683
4.036669
4.237795
4.020202
3.3749607
3.7853737
3.9860604
4.1041822
3.7873263
3.5157008
3.6174948
3.5589347
3.1231043
3.8136625
3.570382
3.4042144
3.8977299
3.9300313
3.9300232
4.7469482
4.5873175
3.6604295
4.6667957
4.193921
4.402173
4.3227134
4.6789165
4.7387195
4.859884
4.7899227
4.7598057
4.4265666
4.211856
4.451864
6.13278
6.0813646
5.9631844
5.9143806
5.9865704
5.778016
3.6287854
4.735927
4.167777
4.619432
4.594669
4.6874433
4.2882705
4.3334675
3.9963133
5.1339498
4.904733
4.845301
4.856574
3.7967021
4.6505933
3.8741672
4.8215714
4.7994475
4.5611362
5.0863523
4.632321
5.468272
5.146572
5.1255827
5.217059
5.4519825
5.67233
5.707352
5.9859405
5.8288555
5.9698396
5.891695
5.118034
4.3920574
5.7964873
5.8371863
5.7537594
5.7321095
5.6669784
5.8172626
5.62533
5.970849
5.9718423
5.9736958
5.812599
5.7978396
5.8235106
5.791601
5.6170244
5.6963625
5.758183
5.652397
5.7211304
5.8327456
5.7699914
5.5431876
5.7291393
5.7415886
5.773781
5.5672007
5.800893
5.781413
5.6527042
5.811485
5.7271595
5.9017477
5.713128
5.8183565
5.8193016
5.863451
5.9171085
6.1108866
5.7599735
5.9216547
5.787522
5.029694
4.477973
3.97988
3.6391563
4.7509084
4.666258
3.6440582
3.77593
4.1601605
4.1841984
3.924085
4.7563252
4.857047
4.467478
5.4497294
4.534927
5.435671
3.8199897
3.9625695
3.5511496
4.778366
4.8750362
4.1317906
4.57843
3.8127859
5.5078473
5.421339
5.514646
5.4541264
5.336926
5.289316
5.4282537
5.5002613
5.0872903
5.083102
2.8927925
3.9948397
5.033193
4.3596487
3.9327493
4.7585196
4.790761
5.0069623
5.0296993
5.2486887
4.5443993
4.173449
4.115432
4.7165422
3.9981427
3.9210923
3.8526392
5.410565
4.280432
5.157067
3.7516034
4.8290534
4.068236
3.4107966
2.8648682
3.9086285
3.7277725
3.7851262
3.6816876
3.8215876
2.0738556
3.5529141
4.3446527
3.4657764
3.1162977
2.9605684
4.5890026
4.7000275
3.8674934
2.539859
4.63825
3.3604014
3.936593
3.7561564
3.9328828
3.359685
4.126491
6.381448
5.4117756
4.1868563
3.6873949
3.3014736
4.1676817
3.210107
3.627158
3.7455707
3.1575592
3.6659255
4.1004567
3.6726854
4.4279795
4.1325336
3.7879372
4.6611786
3.9613695
3.5845084
2.8777525
4.016861
4.533561
4.059159
3.1823106
3.3880727
4.3903418
2.8556821
4.5166044
5.8710127
3.712212
2.9553893
3.179654
3.53723
3.884474
5.025896
3.6783316
2.8666167
3.3057845
3.7662745
2.9182343
3.6097555
3.1102777
3.322847
3.572745
3.6153898
3.3808389
2.9347136
3.7686431
3.8338592
3.1992695
2.993019
3.8372862
3.5995598
3.2016904
3.4754767
4.395016
3.4582484
3.740633
3.138077
3.1907527
5.535582
4.664796
3.491001
5.0916166
4.8594193
3.1617947
4.858558
3.781988
3.4674494
4.214089
3.4092598
4.9383
3.4627714
3.427868
4.8602242
4.5082235
3.477903
3.743494
2.870398
3.1267986
3.0886998
3.416581
3.3924148
3.2026296
5.195639
5.2083097
5.227587
5.26577
5.053087
5.354566
5.1769147
5.0333776
4.134625
4.444804
3.8029644
4.46267
3.7954798
5.08504
3.7102609
2.6380017
3.250383
2.7644625
4.167013
2.8499432
3.1520731
2.349286
3.887006
3.669924
3.7684615
3.4127898
2.6187809
3.8767347
3.3353972
3.0921636
2.6282952
3.436539
4.3805327
3.4036136
4.352544
3.798509
3.1348078
4.3843656
3.0075994
4.7693253
4.646552
2.9300058
4.511922
4.377461
2.536731
3.9343014
5.0298867
5.0610447
3.7745113
3.954382
4.696996
3.8418498
3.261598
3.8728595
4.2020965
5.0902834
4.7215314
3.921096
3.9836817
4.75436
3.531887
3.5316439
4.1805096
4.500504
4.5728016
4.3303385
3.6029732
4.568368
4.1590724
4.5928903
4.5219736
3.909251
2.9175467
3.6428695
3.4799788
4.323047
3.6015549
3.9848335
4.442301
4.2256365
4.2373056
4.4338717
3.3908858
3.9231877
4.3372617
3.354801
4.263606
4.201667
3.364584
3.7283313
4.540014
4.0280848
3.665876
4.3187103
4.27996
4.201774
4.990669
4.988489
4.2155166
4.3421226
4.396219
3.7740097
4.455168
5.098707
4.4848833
5.494418
