10000
8.85126
8.706138
8.685974
8.777174
8.732111
8.608482
8.645031
8.587337
8.544406
8.1975975
8.051714
7.809586
7.9999
7.995864
7.7827563
8.088663
8.066326
7.6870894
7.300657
7.2119412
7.1041994
7.1560616
7.2407503
7.6460233
7.723382
7.9832506
8.171352
8.330762
8.183048
8.145469
8.275825
8.119679
8.048762
7.8294168
7.9825974
8.243692
8.281985
8.063126
8.148238
8.103991
8.233063
8.132231
7.995796
7.9716644
7.5825214
7.6546702
7.626673
7.937784
8.374252
8.347677
8.230075
8.08975
8.135331
8.385322
8.42629
8.499555
8.549275
8.367822
8.395479
8.193288
8.108819
8.296945
8.071785
8.084272
7.6676254
7.827496
7.6924906
7.8244934
7.7081127
7.983445
8.204023
8.138647
8.189348
8.274307
7.9281664
8.279173
8.571633
8.563201
8.426594
8.279222
8.297516
8.392166
8.189748
8.225506
8.026094
8.116212
8.218508
7.685296
7.739177
7.5474463
7.6876144
7.9617314
8.358669
8.2307415
8.510771
8.186514
7.7698603
8.358401
8.158453
7.737756
7.7662067
7.667755
7.6829185
7.097891
6.605916
6.1657295
6.3327527
5.9560347
5.398573
5.6465874
6.0810385
5.7124476
5.4962063
5.0343494
2.2584867
3.3477545
2.577378
5.1507936
5.114775
6.3053603
6.311838
6.152169
5.8067136
5.1910257
5.625246
5.6121516
5.6125803
5.5652647
5.794538
5.7684965
5.3996735
5.0313993
3.1812596
3.901266
5.0179653
4.9143605
3.2499235
2.6715665
3.831882
2.630649
4.923045
3.26967
2.1036565
3.4853926
4.875138
3.1438065
5.017778
2.3154533
4.7942424
3.0539396
3.487399
4.8683953
3.426547
3.2769566
3.3762784
3.0941935
4.567343
3.5779724
3.405323
3.1651986
2.6104288
4.7418776
2.6418948
4.69633
4.40927
3.9061837
3.4596217
4.9223347
3.4893756
3.3307593
4.642392
4.1661954
3.6098228
4.7734447
2.9405596
2.206938
3.5904627
3.2512987
3.1289315
3.2518148
4.8897047
4.735656
3.6254554
3.638441
3.1099882
4.715054
4.555585
2.73097
5.062814
5.301315
4.1879478
2.9796658
3.2717118
2.5173135
3.314809
3.0381382
3.5522137
3.1521027
3.1746585
4.6294785
4.6005044
3.5452642
4.454234
4.4652386
3.1274838
5.095294
3.2658436
5.0344925
5.1115274
5.0515823
5.0037174
4.1630106
3.3715289
3.8315353
4.427916
3.3115547
3.872485
7.465636
7.5114155
7.7597847
7.773052
7.3377285
7.459657
7.5049033
7.530455
7.442093
7.606881
7.6445093
7.802144
7.9337387
7.9488587
7.8785925
8.003001
7.9889107
8.111477
7.75291
7.523099
7.548101
7.748877
7.8080153
7.7566605
7.77029
7.7202625
7.824138
7.7341366
7.451664
7.731746
7.8166513
7.8947945
7.5881467
7.633854
7.6580944
7.7979755
7.524947
7.465186
7.625828
7.63216
7.7805147
7.558304
7.579313
7.653534
7.796728
7.795522
7.784183
7.6543665
7.443418
7.496329
7.4465895
7.513639
7.5583763
7.696604
7.6884856
7.7559843
7.716597
7.6268826
7.357387
7.43569
7.423252
7.467039
7.780324
7.811637
7.7808123
7.690485
7.631391
7.7277822
7.7801075
7.9622145
7.8961544
7.9144793
7.6382565
7.7284946
7.6786456
7.5614977
7.4466634
7.509593
7.5044537
7.66441
7.7311463
7.688196
7.7203283
7.636612
7.3072386
7.340754
7.5470777
7.6183233
7.5092216
7.6323686
7.8124957
8.002961
7.964031
7.9683886
7.784279
7.6475925
7.721377
7.8417063
7.8294153
7.6357102
7.7074666
7.518471
7.531422
7.555091
7.66819
7.63986
7.4704933
7.674614
7.6096506
7.9271274
7.8361006
7.788816
7.6092076
7.6853175
7.8164506
7.769012
7.8704643
7.404608
7.29248
7.2357135
7.249172
7.347997
7.298675
7.372488
7.394743
7.208681
7.362439
7.315132
7.3739376
7.590505
7.5501385
7.429628
7.616388
7.4825463
7.4026785
7.6376305
7.358444
7.3537865
7.3745713
7.4098415
7.435006
7.169363
7.32674
7.3676863
7.5634565
7.5144644
7.655177
7.6212215
7.4750547
7.4317827
7.3798976
7.596328
7.497467
7.376518
7.248118
7.352541
7.478799
7.460069
7.4051666
7.601932
7.543046
7.66668
7.716222
7.54921
7.4053946
7.265178
7.487985
7.861477
7.653062
7.679696
7.536814
7.53661
7.5665584
7.6749716
7.6024785
7.468659
7.4461737
7.330834
7.4699183
7.7482905
7.852848
7.7179813
7.5079637
7.7650247
7.657955
7.9531317
7.777529
7.4536815
7.050011
7.1942906
7.40287
7.3042746
7.4197197
7.45376
7.476905
7.539126
7.454126
7.5744476
7.2954345
7.2778187
7.264321
7.367111
7.72805
7.8719225
7.8928943
7.7269416
7.8263474
7.728779
7.744398
7.512185
7.447526
7.2791085
7.3482194
7.5672636
7.3764677
7.5734596
7.496808
7.6355786
7.68338
7.6855984
7.6372166
7.49359
7.3959293
7.1993513
7.4751673
7.8292227
7.7332783
7.7110224
7.8454556
7.875078
7.8788495
7.749832
7.4581947
7.2648125
7.199103
7.26285
7.418884
7.485891
7.492811
7.490094
7.620521
7.603981
7.5412908
7.6697817
7.4532676
7.29307
7.5211773
7.2555313
7.6874285
7.654026
7.7670054
7.7781234
7.5151267
7.641554
7.404912
7.4786673
7.415644
7.2973223
7.1460166
7.5370474
7.7292423
7.891445
7.631226
7.651336
7.5424266
7.532091
7.3571253
7.458846
7.340922
7.476052
7.2262726
7.2230077
7.4802494
7.6403465
7.489766
7.383952
7.5726213
7.240994
7.574944
7.1715274
7.1538367
7.1416483
6.9107733
7.324201
7.3570447
7.5325427
7.4408193
7.3919024
7.528634
7.59754
7.531771
7.491743
7.434274
7.582736
7.411586
7.63006
7.9003634
7.7336936
7.7727313
7.5579753
7.800067
7.833435
7.8433447
7.6921105
7.8120933
7.40833
7.1616616
7.3410106
7.641261
7.350295
7.354843
7.370652
7.2036147
7.172424
7.150519
7.240518
6.978276
7.1289845
7.022614
7.2388268
7.1988616
7.208743
7.2726645
6.9302855
7.12446
7.1351523
7.2524548
7.24863
7.373211
7.20412
7.0437417
7.3363276
7.648093
7.5371165
7.4471354
7.4797883
7.321501
7.6268425
7.458119
7.3494687
7.125092
7.1478305
7.1189165
7.121525
7.121349
7.16033
7.160514
7.3187513
7.2336645
7.2529464
7.1228166
7.0287
6.97217
6.5769362
7.157411
7.204223
7.2814636
7.3380055
7.351222
7.5658083
7.5779886
7.525912
7.5525794
7.3518114
7.361931
7.257077
7.440414
7.6262007
7.711471
7.8859625
7.534695
7.224641
7.300096
7.2285247
7.0855584
6.70525
6.601276
7.0007534
7.214833
7.1712666
7.3445935
7.361797
7.397536
7.3678665
7.38035
7.484922
7.367586
7.4020095
7.123558
7.406077
7.526769
7.5344296
7.7500157
7.64486
7.4723754
7.5666842
7.7354097
7.630678
7.648345
7.366261
7.2234
7.298121
7.5741653
7.589661
7.6369333
7.458163
7.408912
7.3532033
7.35618
7.6081715
7.321684
7.0129943
6.861183
7.027131
7.3639255
7.649858
7.842312
7.5246263
7.6675553
7.4395194
7.6278667
7.6606436
7.653716
7.2612543
7.0804048
7.4028134
7.733229
7.5500026
7.342329
7.4462724
7.325186
7.567189
7.616886
7.619775
7.182872
7.3541794
7.4292927
7.889114
7.9174666
8.031093
7.8221703
7.6636434
7.6279526
7.558485
7.684558
7.6257057
7.420123
7.4715867
7.363807
7.7280197
7.5762525
7.71148
7.5768495
7.5927925
7.492758
7.525997
7.587064
7.6308994
7.37904
7.2393217
7.4706025
7.7839594
8.266111
8.23938
8.131398
8.07886
8.020235
8.007147
7.8505707
7.713523
7.4416037
7.3685803
7.589353
7.8038197
7.6207194
7.3987994
7.411617
7.504931
7.6133294
7.7570214
7.9831038
7.694949
7.570552
7.5427833
7.8961177
8.141776
8.1770525
8.117495
7.9582405
7.942591
8.034416
8.095439
7.7376366
7.722008
7.5930347
7.8468556
7.9797273
7.822108
7.7029915
7.6517897
7.6167135
7.7811055
7.8475842
7.974469
7.7674217
7.7637506
7.909979
8.201256
8.343675
8.283841
8.254924
8.267532
8.3658905
8.320004
8.173754
8.002712
7.9764814
7.750807
7.8091583
7.779564
7.7492704
7.4061007
7.4416924
7.635538
7.7448845
7.7886763
7.8981495
7.6607456
7.582245
7.8860745
8.17064
8.09365
7.999768
8.042415
8.096862
8.198558
8.216848
8.200254
7.9612513
7.659143
7.718264
8.055354
7.710944
7.7702127
7.874424
7.8438225
7.686939
7.8029065
7.8927846
7.9696
8.025079
7.988625
7.832564
7.8188047
8.226921
8.252916
8.087903
7.837903
7.988569
8.1308
8.196136
8.406139
7.942616
7.843886
7.6801906
7.632769
7.600561
7.5361834
7.526807
7.7117143
7.7970095
7.683046
7.6743264
7.788698
7.409416
7.4744186
7.496691
7.8600163
7.827979
8.003197
7.723352
7.8285236
8.094443
8.167328
8.180805
7.6735926
7.689043
7.9669785
8.143161
7.983371
7.9631453
7.743944
7.898393
7.9394107
7.8806
7.8632884
8.007415
7.9981785
7.944462
7.902383
7.9126625
8.237334
8.220342
8.160424
7.9692264
8.017412
8.106444
8.128729
7.9604506
7.7021914
7.751393
7.583419
7.652066
7.7442107
7.9281325
7.791917
7.876675
7.932405
7.9382653
8.016764
8.061376
8.040955
7.8715205
7.8381305
7.9496536
8.143096
8.248975
8.163289
8.182338
8.258751
8.2236805
8.056522
7.9298797
7.822663
7.8487396
8.363249
8.042433
8.235331
8.01244
8.100082
8.007159
8.205862
8.282832
8.2317095
8.048502
8.080946
7.903641
7.8342905
7.937927
8.007256
7.9758296
7.8088818
8.055391
8.037335
7.813786
7.9268036
7.829095
8.282028
7.877128
8.163814
7.9724483
7.7513776
7.610151
7.445656
7.497605
7.7775416
7.94234
8.000365
7.8541923
7.7953525
7.822039
7.8491287
8.087925
7.9760737
7.8726387
7.735381
7.7461042
7.672308
7.7707167
7.7586937
7.6008368
7.1831074
7.411465
7.6445227
7.2537117
7.2167735
7.346992
7.3268747
7.429748
7.3744335
7.503071
7.540895
7.527937
7.2295303
7.009687
6.7999573
7.263815
6.7351813
7.0329437
7.1621184
7.192086
7.310359
7.2017794
7.1593766
7.164258
7.3752565
7.3088937
7.5613623
7.5043397
7.619085
7.6096725
7.7961826
7.504467
7.258264
6.997838
6.8432326
7.217972
7.1434975
7.262657
7.337079
7.3439045
7.4671493
7.40835
7.2675133
6.958782
6.915529
7.3083243
7.1994414
7.1869435
7.1666064
7.4129148
7.435972
7.491763
7.0542
6.9370465
7.143328
7.307773
7.753784
7.864501
7.9140964
7.8825765
7.9518886
7.739337
7.8428183
7.688238
7.793626
7.7443924
7.3925295
7.498294
7.2626996
7.158007
7.1395817
7.254093
7.2336946
6.909681
6.971496
7.0004697
7.094966
7.2677393
7.054384
7.2018337
7.2158318
7.3714848
7.0228043
6.808763
6.683384
6.816597
7.009844
7.0433116
7.2590947
7.3361464
7.227309
7.492228
7.410599
7.422392
7.254712
6.9791427
6.5716906
6.958774
7.368436
7.2576537
7.2574887
7.2332387
7.2271795
7.167278
7.129558
7.191992
7.3318834
7.307288
6.8433647
7.2354445
7.2079787
7.2708187
7.430656
7.3862886
7.2143846
7.0587516
6.786021
6.8628645
7.2137537
7.3538084
7.4841557
7.570839
7.5274076
7.601741
7.697747
7.522452
7.422578
7.391818
7.360456
7.2953224
7.0005674
7.3060293
7.293318
7.5073843
7.406788
7.494821
7.3340282
7.0704694
7.104966
6.832554
6.648031
6.922551
7.4854646
7.436223
7.5469923
7.354322
7.1033535
7.1682615
7.011969
6.960821
7.0730906
6.8687153
6.826542
6.779599
7.024939
7.1807666
7.0939245
7.075647
7.0239673
6.9118404
6.92779
6.8022323
7.02615
6.7102814
6.823104
6.986262
7.080518
7.1426573
6.7256145
6.6575403
6.6924024
6.872602
6.8362246
7.0111704
7.2070866
7.270626
7.244831
6.726723
7.1107216
7.063658
7.0363145
6.942065
7.0074525
7.2032223
7.4242883
7.640533
7.3585343
6.817661
6.508756
6.4319997
6.6363573
6.803177
7.133915
7.3433948
7.4653873
7.48286
7.750263
7.903778
7.9495716
7.9145217
7.7727084
7.6766195
7.1409216
7.189722
7.0782537
7.035625
7.058801
7.110666
7.3665075
7.3592997
7.9782696
7.7617154
7.4132385
7.516325
7.612427
7.416089
7.319174
7.0830913
7.080982
7.161745
7.195613
7.492308
7.6758804
7.5526237
7.515772
7.2509956
6.749495
6.8323827
6.6347294
6.662894
6.6145873
6.852918
6.853381
6.9298544
7.145005
7.316814
7.2786074
7.319068
7.1847067
7.232728
7.2565026
7.0283885
7.087135
7.009733
7.367326
7.6099334
7.5499544
7.457443
7.2269354
7.099463
6.7255745
6.8272657
6.472223
6.248592
6.2723174
6.47456
6.6105843
6.6433554
6.964643
7.004513
7.0983114
7.160118
7.356689
6.987158
6.820384
6.6905046
6.973077
7.1063027
7.3345866
7.3001
7.084487
6.779164
6.664549
6.624132
6.7099915
6.163031
5.7301135
5.9727173
5.8758082
6.1312685
6.182128
6.6677113
6.672476
6.3928695
6.541536
6.9371934
6.751756
6.7931323
6.5292344
6.6678314
6.655902
6.904792
7.1357813
6.924231
6.7478843
6.7054715
6.582401
6.2271433
6.3083425
6.2038765
5.9698005
5.6411247
5.583615
5.8793592
6.1432757
6.364577
7.0502734
6.7172604
6.7512445
7.10909
7.010123
6.8964176
6.4156404
6.5683174
6.805279
7.2039366
7.133669
6.9446464
6.8866634
6.5793104
6.448982
6.477145
6.4567504
6.2639427
5.9279075
5.7903533
6.1828165
6.2151456
6.478576
6.7172556
6.551639
6.4598594
6.5580873
7.3278065
7.202824
6.7800198
6.5817513
6.9602084
7.210575
7.328085
7.4361644
7.228122
6.715105
6.286008
6.2798676
6.5637703
6.470879
5.979265
6.1183157
6.2183633
6.4130626
6.729283
6.6061597
6.4318767
6.3578043
6.1144714
7.241374
7.108327
6.9851384
7.124627
6.9022017
7.012189
7.1113105
7.263353
6.9763417
6.9795847
6.152759
6.275253
6.3632603
6.3858266
6.1212363
6.07027
6.1037345
6.357565
6.8083763
6.846307
6.3006105
6.4170628
6.359576
6.801546
6.9275017
6.5837235
6.7343426
6.6496654
6.712985
6.9250674
7.117759
6.7471147
6.3761806
5.9784184
5.795933
5.7159843
5.988859
5.8238425
5.464552
5.3742313
5.686581
5.8655996
5.761054
6.275739
6.021086
5.9165764
6.0141425
6.10527
6.258256
6.2759013
6.4987545
6.3598213
6.1116314
6.6396384
6.8483324
7.2820854
7.146055
6.8563027
6.2050457
5.800096
5.6374207
6.075678
6.147683
5.9176583
5.976102
6.2844744
6.381357
6.5433393
6.5929027
6.3567953
6.3515606
6.417805
6.4964275
6.5140147
7.0746517
6.9483175
6.9507895
7.1414695
7.37049
7.43742
7.2758775
6.5872593
6.06067
5.4229083
5.326723
5.785963
5.7930994
5.801138
5.7552547
6.1553745
6.2686872
6.4935217
6.304574
6.0321536
5.9712734
6.5491076
6.7631464
7.20547
7.2762694
7.2480707
6.8300076
6.9072976
7.085647
7.289221
6.9022965
6.2531714
5.72417
5.590763
5.758337
5.975893
6.174836
6.1012416
6.360939
6.4669085
6.0322995
5.8175116
5.7121987
6.0038786
5.808735
6.4815903
6.8839846
7.1491637
7.297761
7.276976
7.1796446
6.918072
6.6951184
6.2602015
5.858145
5.6462593
5.862964
5.822443
5.7890415
5.7684097
6.1703267
6.181598
6.3579216
6.293252
6.0929613
6.0046062
6.343812
6.140094
6.4261827
6.5506377
6.6142454
6.525385
6.561023
6.821616
6.710804
6.616027
5.975433
6.1100416
5.976273
6.46085
6.5438175
6.5415154
6.369074
6.7189054
6.9477525
6.8165708
6.9576654
6.7826962
6.771037
6.8152723
6.8968983
7.1859484
7.1775928
6.8725643
7.1578836
7.272814
7.310818
6.851954
6.7719135
7.0552087
7.088606
7.0964346
6.969199
6.803879
6.5383353
6.804163
7.172498
7.596095
7.6978416
7.297503
6.9562793
6.881539
7.1154857
7.0339527
6.992028
6.9504557
7.025099
7.1149435
7.0376334
7.070702
6.854545
6.3920574
6.1873612
6.111435
6.200894
6.2576227
6.5482483
6.5815883
6.66034
6.580847
6.7245493
6.7930207
6.661226
6.199254
6.175498
6.152696
6.1442957
6.312677
6.084468
5.629888
5.8633866
6.3126516
6.4448504
6.327202
6.3522882
6.029326
5.954394
6.4941673
6.4567347
6.762821
6.6922646
6.3956623
6.4395814
6.676328
6.538275
6.474206
6.3717995
6.537825
6.433251
6.8020425
6.847799
6.3343296
5.9284263
6.2725177
6.3259983
6.448357
6.502728
6.581235
6.514223
6.5674024
6.5025773
6.608389
6.419375
6.423174
6.144878
6.411764
6.462926
6.653237
6.853827
6.521352
6.1526456
6.383717
6.581887
6.529118
6.534136
6.1947327
6.3667445
6.6434603
6.7432466
7.1700735
7.198041
6.907453
6.6894865
6.4525943
6.905175
6.501309
6.77528
6.5798807
6.635718
6.961994
7.1396766
7.295397
7.0222745
6.7705903
6.954941
7.1269603
7.088284
7.133945
6.681027
6.669392
6.8694315
6.937881
7.4573154
7.323385
7.3970356
7.091745
7.2656465
7.07605
6.552106
6.6699076
6.8146524
6.9149995
6.8540287
7.224498
7.310396
7.185107
6.808055
7.0080633
7.199471
7.223547
7.4120026
7.5070295
7.047312
6.8985977
7.187923
7.1040015
7.6061473
7.487838
7.25388
7.1255836
6.9425316
6.8059406
6.66012
6.9766836
7.1113653
7.340098
7.214705
7.206457
6.972043
6.599122
6.9978685
6.853485
6.881161
7.2538247
7.547742
6.8372684
6.8891363
6.757343
6.9981623
7.185614
6.922847
6.8991776
6.8706923
6.730655
6.8019576
7.033664
7.261606
7.260181
7.0657153
6.9738626
6.933829
6.494276
6.7466373
6.970725
6.8354297
6.932968
7.26987
7.1771736
6.923578
6.902976
6.86956
7.2382593
7.4734783
7.28537
6.8840604
6.9244804
6.706099
6.5036974
6.8904095
6.8438206
6.956158
6.8691645
6.749321
6.220026
6.3156004
6.834061
7.0805974
7.130396
7.3477993
7.4066477
7.1369143
6.7761254
6.550527
6.6263814
7.0273128
7.383364
7.1068854
7.017222
6.988415
6.5975
6.8836203
7.2720056
7.096971
7.286832
6.974062
6.6605997
6.364794
6.780502
7.410913
7.3807983
7.4568105
7.5256805
7.084417
6.9101505
6.7290916
6.5996375
6.4985323
7.0328665
7.006509
6.849082
7.247364
6.956586
6.6021523
6.582365
7.0467806
7.233911
6.785492
6.631563
6.5536814
6.9098153
7.1798625
7.249905
7.338126
7.34567
7.222923
6.875734
6.647542
6.5113106
6.46028
6.4507937
6.63334
6.7929497
6.9015837
6.8862743
6.901733
6.48199
6.783082
6.963175
6.642232
6.525408
6.219208
6.0679226
6.4889026
6.7637963
6.9437675
6.957699
6.98067
6.868563
6.609085
6.6052523
6.318959
6.248637
6.4706163
6.637883
6.8713293
6.7628665
6.6766872
6.376075
6.200809
6.7290754
6.577056
6.67259
6.231202
6.1232257
6.227255
6.368434
6.9851084
7.068085
7.2064943
7.1019897
6.9740577
6.8173666
6.769408
6.623896
6.693597
6.783588
6.9896073
6.787438
7.0894012
6.8888416
6.89739
6.5601826
6.603799
6.939203
6.78926
6.659936
6.5459538
6.6737943
6.547877
6.964756
7.1054683
7.1867867
7.238365
7.180974
7.0486817
6.9382143
6.90073
6.8571105
6.6812277
6.818621
7.0198584
7.1457744
6.9290648
6.815091
6.6528883
6.430379
6.508158
6.6731224
6.5642343
6.349879
6.741222
7.0939884
7.290451
7.4353104
7.3621807
7.196106
7.010376
6.9452715
6.844394
6.8565345
6.757436
6.695796
6.851512
7.2257957
7.2170973
7.1532354
7.3878636
6.9106207
6.763606
6.693714
6.37751
6.522524
6.745121
6.6381826
7.062262
7.0338583
7.20125
7.4202347
7.048785
7.168489
6.785985
6.7153764
6.6275415
6.529818
6.685031
6.7801476
6.9483395
7.2399654
7.236716
7.245445
7.130392
6.6555924
6.271338
6.3718066
6.5660696
6.8145094
6.959778
7.1869125
7.096658
7.378948
7.3818045
7.0265265
7.024882
6.942498
6.9268947
6.891349
6.979883
6.876096
6.9123015
7.10723
7.217671
6.9087834
6.9653273
7.1185966
6.778436
6.6551394
6.275334
6.460154
6.4229155
6.440122
6.692731
6.9726152
7.1016035
7.30542
7.1037097
7.086068
7.011794
6.8807034
6.870881
7.001203
6.8335757
6.8205824
6.9317484
7.0418997
6.990882
6.6551766
6.9496613
6.7827177
6.3043914
6.1941915
6.1239343
6.002914
6.0829816
6.243825
6.481145
6.6790543
6.8758664
7.067363
7.015208
7.0060472
6.905672
6.8352013
6.763688
6.807889
6.863457
6.681475
6.8362103
6.7784324
6.5781555
6.280799
6.4925904
6.346016
6.206517
6.29944
6.220508
6.0264087
5.840602
5.9305277
6.453038
6.3394346
6.965944
6.7441354
6.801387
6.989156
6.6286674
6.5598087
6.424979
6.513735
6.5235853
6.4137363
6.6482463
6.397935
5.951642
5.7137423
5.602344
5.3742933
5.5526595
5.6887326
6.0404844
6.051473
5.9014835
5.632439
5.6567545
5.9194074
6.2378273
6.444847
7.0915174
7.069547
7.166908
7.2207823
7.3481016
7.254835
7.0764894
7.0595474
6.9436226
6.988371
7.114668
7.062651
6.8772774
7.1237774
7.5649514
7.5845394
7.4898386
7.4635053
7.5865793
7.428274
7.2262397
7.269209
7.1187763
7.2494507
7.466318
7.469405
7.317003
7.4038906
7.157797
6.7735295
6.878401
6.6076303
6.843587
6.7941556
6.6667843
6.508508
6.3728294
6.5104375
6.7363873
6.662508
6.7796474
7.005108
7.2291613
7.1101084
7.2500753
7.574336
7.120408
6.8717003
6.6812806
6.532575
6.6115355
6.505544
6.3716106
6.362211
6.287524
6.4330597
6.5968895
7.0646505
7.0467415
7.1167154
6.6692185
6.4975753
6.1045957
5.6543617
5.783266
5.581653
5.498674
5.452467
5.437446
5.6238
5.2750316
5.4186563
5.558055
5.600189
5.706281
5.747673
6.2158775
6.1215587
5.749162
5.353626
3.1566458
2.3071384
2.9468453
3.1129627
5.6262007
5.634254
5.6309714
5.1836734
3.1109176
2.8549213
5.1042533
5.186678
3.2718222
2.4626567
2.4220934
3.0535147
2.361319
4.685027
3.043186
3.1200929
5.8445034
5.5584707
5.393957
5.3028855
2.71316
2.4298506
2.7942145
2.8718178
3.0373282
2.1839793
3.3568215
2.7726438
2.610674
2.7100534
2.6153889
3.2171533
4.550171
2.659805
2.9275415
3.2539644
4.308206
4.090981
4.36049
3.3830483
4.7301435
3.3498795
3.119516
3.0541768
3.40757
2.8741486
2.6192038
2.6265028
3.2455397
3.0526166
3.3159027
3.0877047
2.200921
3.7392936
2.8109756
3.149725
2.827652
3.2407663
3.628577
2.808639
2.8181849
2.2473752
3.0561197
3.0385478
3.3598742
3.0509026
2.9822416
2.545251
2.1710553
3.828461
3.3024406
3.5130773
3.4351037
2.7605212
2.9825616
2.7653973
2.6076028
2.6145978
3.677618
2.5049715
3.3890674
3.1580002
2.918469
3.2272952
3.7017658
2.6434436
2.720869
3.0189664
3.142747
2.7323585
1.9764168
6.07038
5.241527
5.0563636
3.4084063
3.056622
3.4256873
2.5387113
2.9561212
3.085886
2.0007594
3.2277696
3.0600538
3.0206444
3.193376
5.08782
3.160808
2.5297153
2.7750177
2.6331353
2.4183595
2.6754925
3.2685797
2.5428433
2.6733732
3.000826
3.2701433
5.2426653
2.8319612
2.7346494
3.2491603
5.3385353
6.0519924
6.47989
6.4707136
6.40814
5.965992
5.742839
6.030634
5.7273574
5.7574606
5.489818
5.134838
2.9215257
4.029346
2.0155725
3.0087144
2.6400921
2.1320388
2.5257616
3.555268
2.50102
6.5690784
6.1142373
5.7783113
5.36329
1.9365075
2.5951915
2.7399004
2.6310244
3.705099
2.0452533
2.7408085
3.4422128
5.9006453
5.792824
5.2885957
5.576731
5.7968645
5.2922072
5.187586
2.5309486
2.4952655
2.1686673
5.1931787
5.466757
6.101677
6.3489285
6.236915
6.021892
5.894398
6.567202
6.7866173
6.306301
5.8839393
6.2632446
6.0962524
6.2006454
6.1448584
6.155797
6.317237
6.4878883
6.3778768
6.3744636
6.1150513
5.9613776
6.026836
6.0305314
5.8315997
5.7721057
5.5005045
5.7340126
6.1942773
6.450128
6.362398
6.463324
6.3130035
6.471524
6.722922
6.768379
6.4665213
6.4185557
6.5241947
6.487197
6.705719
6.796708
6.946574
6.8602195
6.8405433
7.128457
7.2036705
6.796482
6.9579773
6.795861
6.8296914
6.6106925
6.7196198
6.7133408
6.7723184
6.9736876
6.965573
7.0271587
7.244219
7.126317
7.2871847
7.348362
7.311951
7.1023164
7.175658
7.3020573
7.123913
7.3788133
7.4257107
7.087743
7.092926
7.061725
6.9660206
6.8698397
7.054413
7.124502
7.414932
7.7382574
7.394341
7.6781254
7.4374027
7.6391163
7.393017
7.1597123
7.267782
7.2685943
7.224895
7.250455
7.171013
7.1851773
7.316717
7.2732067
6.7853622
6.687024
6.5483713
6.368538
6.335395
6.4814863
6.732866
6.973731
7.1291146
7.0539665
7.183838
7.1170063
7.1115694
7.2375154
6.942417
6.9148245
6.7667074
6.7293005
6.8497534
7.123359
7.1488237
7.000045
7.2338905
7.1461844
6.833823
6.8365355
7.0023727
6.9799323
6.813341
6.7234693
6.9271364
7.302474
7.157193
7.600465
7.421984
7.393203
7.530142
7.5975933
7.489689
7.504896
7.376369
7.1546755
7.1491203
7.026972
7.2300706
7.666257
7.76346
7.9247255
7.373522
7.4565105
7.7444015
7.715899
7.433575
7.444279
7.619797
7.798051
7.9359384
7.8522468
7.4505825
7.2566967
7.571289
7.2727118
7.3910193
7.0651803
7.042144
7.1727114
7.241872
7.016199
7.5611205
7.8093376
7.95386
7.5694494
7.11468
7.2653937
7.409458
7.2544966
7.1425753
7.2046566
7.4358416
7.8934383
8.133379
7.9828434
7.4432826
7.4803324
7.4797344
7.8576097
7.702386
7.553673
7.3357296
7.2778378
6.8995123
6.985852
7.1699686
7.487545
7.6221933
7.2133856
7.2889585
7.5350885
7.3235497
7.1869683
6.7905726
6.937533
7.2208366
7.498181
7.6288624
7.3448095
7.1273494
6.8676453
7.331347
7.9535537
7.7434864
7.4203095
7.4464498
7.2100596
7.2770824
7.280342
7.7442603
7.8768826
7.546706
7.393999
7.3535156
7.2992353
6.951209
6.9380665
7.2000732
7.4500804
7.6986723
7.928324
7.8380213
7.768336
7.6147327
8.041099
8.243072
8.068829
7.8471236
7.629472
7.6103845
7.8707876
7.651065
8.086682
8.114666
7.9374723
7.4220395
7.5111322
7.4546213
7.093929
6.875354
7.099384
7.2977266
7.49895
7.6542053
7.188459
7.10179
7.212077
8.017509
8.029277
7.6567864
7.5364556
7.52048
7.4294815
7.6067104
7.7206388
7.712396
7.866022
7.463969
7.287102
7.0401936
6.9321527
6.9058886
6.996191
6.635256
6.905632
6.959441
6.956184
6.493017
6.829319
7.0915546
7.2989283
7.218269
7.028906
7.179799
7.2670536
7.1790123
6.918272
7.364464
7.449586
7.438652
7.6986766
7.3995748
7.207942
7.3776956
7.2495785
7.1617007
6.9042506
6.93346
7.0110025
6.8953676
6.6587367
6.716037
7.0775504
7.910377
8.029994
8.010958
8.0649395
8.017138
7.798412
7.802112
7.6573553
7.74427
7.5118475
7.7037916
7.290728
7.317241
7.729344
7.6564393
7.361869
7.6348295
7.47724
7.3403935
7.548345
7.58689
7.3072963
7.2206407
7.239168
7.49743
8.051847
8.292009
8.177184
8.107909
7.9268312
8.01591
7.9320536
7.8697457
7.696926
7.8126783
7.791558
7.7051153
7.288791
7.275221
7.352004
7.3362107
7.228753
7.3487787
7.238779
7.31921
7.026183
6.998691
6.9272757
6.970492
7.687813
8.049364
7.9629216
7.9623785
8.037985
7.8253236
8.030587
7.793862
7.987317
8.156675
7.788067
7.0999274
7.423552
7.491599
7.437763
7.258008
7.21183
7.053241
6.987076
6.9726453
6.9152884
6.631101
6.8678007
7.473233
7.7122827
7.852322
7.710439
7.8261027
7.803789
7.8564987
7.954276
7.9291677
7.6898103
7.7048388
7.5598
6.8415766
6.9951253
7.492485
7.466264
7.6385508
7.5807886
7.2381954
7.2833986
7.255487
6.8503675
6.4759007
7.1712027
7.128003
7.783172
7.7190757
7.602823
7.4309597
7.4488783
7.532948
7.5960975
7.6549497
7.6267014
7.5940037
7.3490195
6.6832533
6.76354
7.348766
7.273762
7.379848
7.3360586
7.269893
7.119974
7.158332
6.922069
6.7993183
7.2462
7.55264
7.74967
7.7751756
7.6029015
7.749652
7.6141577
7.6129036
7.5223837
7.5599666
7.5269523
7.435162
6.980223
6.6736975
7.2685094
7.1769953
7.2729588
7.358139
7.3292212
7.205324
7.3405476
6.9242587
6.7788973
7.2773213
7.4164486
7.716523
7.854124
7.7744575
7.8377323
8.027125
7.964451
7.8263807
7.618022
7.6796603
7.571227
7.4623
7.022196
7.1764183
7.44816
7.4936657
7.4140944
7.2956553
7.334395
7.328857
7.1304584
6.7944565
6.7038865
6.967963
7.0843782
7.06917
6.962446
6.6865044
6.8648
6.907378
6.9270077
6.968844
6.515774
6.64953
6.7260523
6.503314
5.774234
6.3426676
6.530305
6.520698
6.605594
6.5619135
6.401541
6.179658
5.718412
5.6054754
6.183043
6.590543
6.842958
7.3277745
7.2755523
7.0522356
7.3924575
7.6177506
7.1392584
7.056886
6.7386317
6.9238873
6.779685
6.3136916
6.0334625
5.9421854
6.1871247
6.2223473
6.061189
5.9088674
5.722469
6.015432
6.4563413
6.224777
6.5073996
6.825143
6.878684
6.8425846
6.856284
6.9343605
6.748427
6.600692
6.270501
6.3697734
6.3026714
6.404911
6.3886003
5.9727516
6.044245
6.7013283
6.729455
7.0728745
7.0655093
6.9282775
6.884814
6.6193094
6.4055443
6.4946284
6.8571672
6.938138
7.1878386
7.097615
7.2166877
7.669896
7.6664176
7.5627284
7.679675
7.496604
7.1750336
7.263142
7.1001678
6.601189
6.587658
6.4142323
6.7901254
6.9665446
7.052554
6.8993616
7.0006666
6.8107347
6.7588334
6.258048
6.699369
7.0468054
7.4338903
7.4585414
7.2201605
7.3322506
7.3946896
7.608205
7.4183426
7.6319227
7.3111873
7.2345104
7.2313366
7.2133155
7.097058
6.858649
6.791057
6.986449
7.2910237
7.232662
7.2248697
7.311514
7.1494565
7.1591315
7.0469685
6.9930506
6.8975873
6.762093
6.6455874
7.156531
7.086223
7.167304
6.9856195
6.744519
6.530389
6.684634
6.714404
6.6372957
6.5320134
6.4059105
6.552214
6.6083994
6.543304
6.69377
7.163043
6.801041
6.829796
6.8362856
6.9796762
6.993735
7.260733
7.0194926
6.725314
6.574466
6.756012
6.298825
5.854586
6.1853337
6.510872
6.409228
6.65629
6.4311676
6.149064
6.4062862
6.740345
6.575145
6.6501775
6.7604074
6.676731
6.693922
6.800125
6.916191
7.2611947
6.99547
6.395961
6.298654
6.1784606
6.3637786
6.4748435
6.368723
6.144761
5.861242
5.703916
5.4166837
5.431772
5.286004
5.378265
5.69585
5.872286
5.4734683
5.1168456
5.16816
5.586726
6.0383334
6.4584284
5.920065
5.8600416
5.9953046
6.2521706
6.247747
6.547843
6.1132207
4.661652
3.2829254
3.4905062
4.1136045
3.600338
5.768521
5.746412
5.6290784
5.34813
5.6098495
5.586645
6.2235327
6.0357428
5.8057275
5.6140924
5.7739477
5.7379093
5.4223394
5.471677
5.329458
5.67754
6.196673
6.4928136
6.205881
6.6282134
6.220333
5.5915637
3.9703324
4.7027874
3.0892136
4.958896
3.370892
4.1445994
3.6508138
3.4794657
3.7713168
3.5512958
3.9129577
2.904929
3.9204507
4.2118664
5.182509
5.128309
5.0847864
5.0095563
5.0718045
5.161159
3.749831
3.5107732
3.3321226
4.9011292
4.890738
3.1231322
4.1866384
3.0689552
4.2035737
3.0171733
3.807683
3.4992619
3.3574104
3.8291428
3.2145052
3.2884467
4.611126
3.2660465
3.326721
3.9045486
3.9192727
4.672455
4.113043
4.685469
4.0120816
4.031493
3.3198748
2.8748279
4.7936134
2.7624593
4.178607
3.066815
3.9452324
3.4781485
3.310663
3.6573944
3.185582
3.4340746
5.260835
5.2102294
5.2402616
5.4039974
5.31498
5.154769
5.4408407
5.375551
5.232919
5.477001
5.333895
5.3938956
5.3054686
5.3700943
5.3636613
5.3057404
5.362009
5.262594
5.3442636
5.3043194
5.502171
5.4340277
5.301775
5.2659903
5.2788324
5.189334
5.382001
5.313814
5.397769
5.3631654
