10000
8.140532
8.108928
8.080445
8.041018
8.038591
8.01784
8.259633
8.223283
8.107399
8.12573
8.039448
7.907103
7.6199603
7.613842
7.6880794
7.6767683
7.701493
7.72135
7.7710853
7.6664977
7.5606427
7.482044
7.6484256
7.5684767
7.57293
7.5242305
7.419966
7.495433
7.4820933
7.315903
7.264918
7.4749527
7.638648
7.7908664
8.016549
7.958919
7.9586864
7.93077
7.9839716
8.022494
8.019041
8.031999
8.215643
8.190545
8.130582
7.8946795
7.7404327
7.594961
7.385171
7.397575
7.418802
7.478552
7.46976
7.62855
7.6369996
7.480758
7.483694
7.387839
7.4718723
7.3237386
7.4012628
7.422696
7.322823
7.299554
7.4313817
7.289565
7.1845865
7.3969784
7.5363803
7.7417316
7.840174
7.807626
7.7060804
7.7652354
7.850699
7.829516
7.869854
7.813193
7.8646345
7.769022
7.688496
7.679153
7.5539856
7.379464
7.3248014
7.3547487
7.459166
7.4113345
7.4859157
7.3548217
7.4402366
7.3426943
7.422607
7.2865233
7.4801025
7.6404967
7.505053
7.3939404
7.4052477
7.3100476
7.19691
7.1839743
7.311209
7.5829964
7.5484195
7.7866783
7.828595
7.8168836
7.8093877
7.8229184
7.8162127
7.8710938
7.925422
7.86166
7.7793283
7.7532635
7.7405057
7.700761
7.6156116
7.4145184
7.546275
7.6113944
7.750362
7.750876
7.996688
7.87152
8.03054
7.8996687
7.894549
7.797628
7.7432175
7.7543383
7.7304096
7.5116296
7.4074173
7.162074
7.114897
7.187867
7.413213
7.6690216
7.8244624
7.9662867
7.8875947
7.7894173
7.846164
7.9918365
7.8977027
7.7748375
7.923604
7.904881
7.7036605
7.7282867
7.654689
7.601247
7.397877
7.394128
7.488056
7.6365633
7.58907
7.654492
7.7626724
7.7936482
7.808654
7.8114204
7.73518
7.67661
7.8173933
7.827098
7.8097987
7.703636
7.7089276
7.4563923
7.2692375
7.3330956
7.594198
7.623922
7.81684
7.90059
7.871478
7.836937
7.778752
7.760864
7.822422
7.7396693
7.8301067
7.8646283
7.7528157
7.6841984
7.624798
7.4680743
7.424746
7.549578
7.620408
7.769771
7.792801
7.8459244
7.8298616
7.83344
7.89173
7.786931
7.8446703
7.7170615
7.876354
7.856418
7.802541
7.590256
7.411294
7.224756
7.1350074
7.363388
7.559161
7.693541
7.8397055
7.8547735
7.8401904
7.903752
7.942039
7.898446
7.835554
7.8994527
7.87425
7.800769
7.699295
7.5704103
7.461345
7.36311
7.3593607
7.490923
7.5160255
7.589622
7.709005
7.664167
7.79183
7.7867765
7.7555766
7.7667866
7.8023686
7.7302094
7.754909
7.7812467
7.5723467
7.5693746
7.5384865
7.274748
7.14983
7.3425236
7.6448526
7.8552275
7.967694
7.8672113
7.721802
7.687302
7.6877856
7.7147856
7.658774
7.7649326
7.868041
7.955959
7.8337507
7.8167973
7.6970186
7.7105956
7.4223685
7.525782
7.553531
7.651659
7.5427175
7.662638
7.4996467
7.482037
7.5639596
7.4487195
7.607142
7.446888
7.577417
7.329535
7.392678
7.4067287
7.329218
7.1664762
7.131227
7.2601767
7.6015477
7.6853437
7.672632
7.6844416
7.516554
7.473598
7.4809484
7.5663605
7.634636
7.76628
8.0042095
7.8305607
7.8321404
7.7039866
7.5638175
7.471311
7.356039
7.409609
7.4781523
7.503546
7.503583
7.519725
7.4773345
7.421687
7.703672
7.506375
7.6542854
7.7164345
7.5449195
7.6301603
7.4636345
7.455113
7.308605
7.2032146
7.1587057
7.378989
7.624397
7.5809727
7.703576
7.7034698
7.553299
7.5380087
7.5974503
7.630847
7.8347225
7.702092
7.9742975
7.7703032
7.6936755
7.3945723
7.405154
7.3344984
7.445167
7.5162163
7.607227
7.560381
7.608513
7.6086493
7.7275577
7.723737
7.4899397
7.691012
7.5755453
7.5549836
7.4990573
7.2919483
7.226761
7.2559404
7.128605
6.938102
7.0743775
7.374499
7.5558424
7.600158
7.5593886
7.4846334
7.4996986
7.4505196
7.477186
7.5224695
7.6729035
7.5890145
7.7133813
7.6602836
7.7137513
7.579523
7.4198523
7.2012053
7.284311
7.3211937
7.362211
7.336962
7.1846676
7.3216057
7.392326
7.5287576
7.3592496
7.3777723
7.218104
7.4233184
7.5477123
7.3887477
7.3261805
7.210241
7.20835
7.171546
7.18055
7.508323
7.5087075
7.6072083
7.651058
7.5365553
7.4762397
7.4000373
7.475172
7.5231547
7.5589075
7.521697
7.653774
7.5239286
7.5265536
7.295053
7.1942196
6.8851748
6.95932
7.110466
7.1906614
7.160311
6.924228
6.991232
7.155478
7.3780007
7.4699087
7.3988757
7.438314
7.2062836
7.2776756
7.1837807
7.2481694
7.0597024
7.192108
7.096599
7.0655103
7.0480967
7.2407727
7.2894325
7.3920956
7.3482466
7.3707247
7.271012
7.3264265
7.317191
7.352431
7.4108553
7.437859
7.5512786
7.5181646
7.5313
7.451213
7.280248
7.182515
7.321325
7.410984
7.517234
7.3129935
7.2819614
7.3465347
7.5948863
7.6971803
7.6219134
7.616175
7.6294327
7.6874495
7.55527
7.472036
7.447122
7.432145
7.4361672
7.3484263
7.3513947
7.5527053
7.6648855
7.7217197
7.720666
7.731322
7.678897
7.68574
7.6518984
7.775681
7.724716
7.8607836
7.789267
7.7329707
7.660939
7.5921283
7.458458
7.2321334
7.207597
7.201063
7.3179164
7.4129896
7.2084193
7.438322
7.1703806
7.418741
7.3120956
7.5277996
7.430632
7.5150957
7.4876585
7.5980797
7.5359507
7.480569
7.3235617
7.441745
7.3987846
7.467262
7.7388344
8.057313
8.070761
8.076653
8.103812
8.19126
8.153283
8.200888
8.321779
8.279313
8.147519
8.235865
8.120706
8.029411
7.816239
7.6866317
7.693714
7.6263876
7.9206142
7.9076095
7.871395
7.8871207
7.8331213
7.8696074
7.9793315
7.995806
8.012248
8.08484
7.954458
7.931158
7.9155865
7.843693
7.7693443
7.6020947
7.5962844
7.777542
7.8467693
7.9220705
7.9931393
7.9901724
7.980697
7.9662037
7.936778
7.975972
7.9395785
7.9157515
7.8796625
7.8154507
7.8074236
7.8472843
7.798174
7.7878494
7.770279
7.610849
7.6422
7.735057
7.7794266
7.764708
7.7482376
7.636364
7.754745
7.7826033
7.77823
7.7300873
7.7701244
7.5766525
7.6393414
7.6035247
7.6875114
7.7330904
7.768056
7.8816695
7.9273624
8.018888
8.007079
7.9680796
8.070426
8.033084
8.006285
7.927374
7.8506236
7.8316402
7.7694306
7.744742
7.7478895
7.830657
7.7766876
7.7597837
7.738442
7.6525536
7.598612
7.761976
7.7432637
7.747909
7.6211777
7.554371
7.5659146
7.7434993
7.7260485
7.762309
7.726201
7.723223
7.6424775
7.621352
7.665275
7.755844
7.7888885
7.917357
7.9378953
7.970254
7.9149036
7.9924145
8.002681
7.8194513
7.848892
7.728771
7.6413193
7.571947
7.647768
7.5496655
7.5022707
7.595453
7.577928
7.5471997
7.6096225
7.578664
7.5549364
7.6583
7.709252
7.6413126
7.6999607
7.528829
7.5269995
7.546051
7.716498
7.7445736
7.7245564
7.8048725
7.6476603
7.6884685
7.751461
7.838219
7.881641
7.845008
7.8878126
7.8439035
7.7661304
7.766899
7.6696463
7.5794454
7.730638
7.634159
7.5689635
7.5998135
7.482396
7.4703684
7.380321
7.420185
7.5516877
7.5151515
7.5759788
7.623494
7.514248
7.636097
7.7371807
7.774674
7.574621
7.349251
7.320445
7.419953
7.474236
7.50731
7.5434065
7.536621
7.481949
7.3082943
7.3610706
7.497801
7.5983553
7.682411
7.740851
7.6113825
7.530264
7.663817
7.654998
7.416642
7.3971643
7.2239795
7.2490435
7.182722
7.1384764
7.196166
7.2257347
7.2620473
7.2512307
7.220777
7.2665668
7.3590655
7.5508122
7.4612193
7.642159
7.648902
7.7834687
7.5601974
7.2884955
7.3867908
7.5488186
7.44674
7.5404572
7.707664
7.66815
7.6836524
7.486092
7.333748
7.5149703
7.601229
7.6447387
7.7589993
7.623599
7.469207
7.215077
7.251406
7.2410994
7.1503816
7.218574
7.220277
7.270561
7.2202463
7.208686
7.299722
7.3089657
7.381487
7.204585
7.0977535
6.9817414
7.218277
7.3278694
7.4337473
7.4963355
7.551875
7.4122477
7.5091505
7.463685
7.667425
7.6093016
7.517083
7.58413
7.5763807
7.607529
7.586289
7.313163
7.2421293
7.358032
7.386279
7.264744
7.1775265
7.107045
7.0068545
7.092062
7.059332
6.871675
6.82053
6.810886
6.865258
6.943507
6.798857
6.7841835
6.8486023
6.8121123
6.8142567
6.7558756
6.956353
7.0274
7.0358305
7.1136622
7.3988748
7.53431
7.2898936
7.3877497
7.5788674
7.512451
7.500484
7.426702
7.4800906
7.3694644
7.3986855
7.2822986
7.2156324
7.0219297
7.0240226
6.9630013
6.8118877
6.7025933
6.515664
6.5037813
6.643721
6.7247634
6.4512224
6.6284966
6.426722
6.346773
6.394946
6.465955
6.4633384
6.5386586
6.574212
6.8266287
6.8185487
6.8352466
7.036213
7.164617
7.031677
7.1065326
7.1842036
7.2576294
6.954121
7.246287
7.295997
7.1984367
7.100207
7.271549
7.2781725
7.3460655
7.082147
6.8973093
6.7243557
6.7006435
6.6739764
6.6254797
6.4768343
6.3745613
6.048452
6.5067697
6.384037
6.3912444
6.3891487
6.2679777
6.2860804
6.4273114
6.4588375
6.743536
6.486019
6.6760936
6.703494
6.624303
6.6030865
6.581069
6.526502
6.647971
6.688256
6.815523
6.574359
6.720974
6.935727
6.968459
7.01125
7.08302
7.0340185
7.0935793
7.0635304
6.8337398
6.778548
6.8436604
6.675085
6.8975563
6.792212
6.714584
6.575964
6.4868393
6.7557573
6.619803
6.54139
6.4201274
6.6024265
6.488374
6.6605787
6.6063433
6.7813697
6.8925767
6.828199
6.6332664
6.5172095
6.606428
6.8544216
6.8199425
7.117236
7.1770005
7.229355
7.077092
7.0573254
7.2670436
7.248017
7.231334
7.249247
7.2047133
7.1987085
7.2096562
6.8820252
7.0344667
6.9817486
6.974064
7.0225306
6.999403
6.9693403
6.903412
6.869806
6.8714275
6.7991886
6.789334
6.714877
6.718603
6.809088
6.8826075
6.938709
6.960143
6.932256
6.9213986
6.824501
6.879101
6.7958074
7.1096687
7.2298627
7.4107757
7.423023
7.2367916
6.931325
6.700764
6.808069
6.63668
6.584338
6.7986465
6.9399457
7.0589623
7.040533
7.076675
6.809885
6.8880234
6.758015
6.6215663
6.5842905
6.605394
6.6187463
6.665279
6.4636045
6.4475036
6.3435335
6.3487473
6.292041
6.463583
6.6423893
6.6437964
6.7483273
6.6008973
6.523521
6.4660997
6.626246
6.457446
6.5307646
6.65519
6.814649
6.780235
6.564773
6.561514
6.6651015
6.5704174
6.5445905
6.4638996
6.3549476
6.4342074
6.3910623
6.511427
6.445207
6.3715253
6.274388
6.070476
5.9035854
5.982834
6.109132
6.2739215
6.1794014
6.032696
5.9254346
5.954534
5.9480515
5.981832
5.923392
5.8812404
5.8581924
5.8061304
5.9086885
5.718701
5.8385477
5.871801
5.942312
6.0425105
5.934257
6.074497
6.004315
5.9423456
5.9860687
6.0368576
6.178096
6.158783
6.2156253
6.2781386
6.2952538
6.317497
6.307488
6.375716
6.3371305
6.3326564
6.2387033
6.2777557
6.3945427
6.3598485
6.378844
6.4899244
6.323297
6.403349
6.515976
6.420836
6.4157248
6.3437653
6.3333807
6.4727545
6.339297
6.573597
6.4406624
6.5735683
6.5858684
6.568034
6.504061
6.573976
6.3122463
6.2498603
6.154849
6.1724544
6.20499
6.1335235
6.286087
6.072796
6.201596
6.090975
6.271628
6.2899795
6.429347
6.457468
6.540327
6.4871707
6.5745125
6.5283256
6.561859
6.5578237
6.437068
6.2038865
6.3493614
6.2965317
6.4678907
6.213697
6.267505
6.2263045
6.1819663
6.1469464
6.273485
6.2092266
6.173613
6.0680184
6.1024714
6.063636
6.0525117
5.8418417
5.795598
5.8140965
5.750102
6.0083475
6.058868
6.1420484
6.2415295
6.2609644
6.242349
6.2038507
6.3294816
6.287896
6.448827
6.345627
6.4169803
6.4064417
6.325216
6.4773417
6.1798735
6.2141247
6.1693335
6.0833216
6.035772
6.016794
6.16499
5.9923487
6.057314
5.9231086
5.893332
5.900606
5.8660946
5.876993
5.687432
5.64073
5.4817543
5.51561
5.2952266
5.18929
5.2307205
5.0316486
5.1535134
5.0453563
5.1176744
5.199589
5.379096
5.118776
5.4468007
5.438012
5.534294
5.602854
5.564529
5.482295
5.4541354
5.0484056
5.0437827
4.2236395
4.1179276
4.3433466
4.335554
3.9972117
4.421349
3.9182107
3.948252
4.263586
4.0525923
4.0713687
4.2056203
3.9893615
4.1109705
3.9943933
3.973978
4.133505
4.1259303
4.1159368
4.034525
4.1080036
4.015397
3.8737636
3.8153644
4.0062356
3.9718623
4.029352
3.9872355
4.082152
3.8565326
4.0231795
3.8712716
3.8914797
3.9940622
4.000134
3.888317
4.0038996
3.9623618
3.7508044
3.8664846
3.8378143
3.983942
3.8588285
3.9261637
3.9405549
4.056147
3.800178
3.9210808
3.9107194
3.7668254
3.8452377
4.045038
3.7890673
3.7555976
3.595565
3.874167
3.6279726
3.458395
3.6001344
3.6893206
3.4854767
3.5959244
3.602902
3.429718
3.4627788
3.5039873
3.4175038
3.3010013
3.4190812
3.4435422
3.2519882
3.2907798
3.293901
3.2712662
3.3072307
3.2805605
3.1913588
3.2491677
3.3129683
3.3454604
3.392709
3.4501452
3.2748985
3.3741639
3.3176537
3.4832034
3.37241
3.2887468
3.4133584
3.392928
3.330928
3.6622307
3.3392308
3.359045
3.4888055
3.4007647
3.344077
3.4269876
3.5821247
3.5256155
3.4111304
3.556445
3.435751
3.4679923
3.3762414
3.3718774
3.3399682
3.587151
3.526348
3.4166636
3.3643937
3.428372
3.637798
3.7198906
3.9471111
3.8802056
3.8340142
3.6362517
3.5458968
3.4797845
3.2981875
3.3918886
3.171318
3.142571
3.0442004
3.1571932
3.1951265
3.187793
3.2545333
3.2513056
3.4248848
3.4337785
3.625288
3.839872
3.8197207
3.6691122
3.6817696
3.8215954
4.0096636
4.10678
4.021514
4.072169
4.5103326
4.599818
4.65735
5.125863
5.9283347
6.934955
6.952756
7.0209494
7.024451
6.951533
6.934363
6.7379313
6.689887
6.659098
6.6776133
6.802512
6.736512
6.629211
6.3767586
6.172099
6.0227885
6.0286617
6.0659266
6.1715617
6.3240066
6.427594
6.48853
6.742575
6.64349
6.6764374
6.7013984
6.464407
6.1203337
6.306916
6.1106815
6.0022426
6.2981043
6.3452864
6.143662
6.232268
6.2374024
6.434648
6.473577
6.245549
6.435936
6.74567
6.794967
6.7557473
6.862333
6.82481
6.939685
6.955494
6.806511
6.717417
6.590178
6.4022646
6.2365994
6.3376412
6.451089
6.8662615
6.9648213
7.187098
7.0151634
6.8889318
6.5179095
6.355545
6.3613005
6.291067
6.4213624
6.4615383
6.151941
5.864911
6.190753
6.1842265
6.4709444
6.693168
6.7251935
6.7613454
6.81568
6.824922
6.849065
6.839515
6.8917503
6.8025246
6.880281
6.8489323
6.5069423
5.975181
5.9914927
5.8527904
5.8776917
5.8946447
5.4911833
5.6250362
5.8357606
6.0500603
6.316925
6.5076184
6.8368826
6.6769066
6.5430226
6.5933394
6.6766257
6.8021936
6.9842873
7.022779
6.9385066
6.9128046
6.857977
6.6744156
6.970867
7.1502705
7.433108
7.4563036
7.1616297
7.2212586
7.2399087
7.3286576
7.3832145
7.484117
7.567612
7.473443
7.339037
7.2967634
7.2521667
7.063968
7.1777415
7.2635226
7.225269
7.1037903
6.9483213
6.8619757
6.9867587
6.9255543
6.897953
6.945067
7.0825624
6.8393097
6.592576
6.3275185
6.3376417
6.49675
6.3161554
6.332732
6.351362
6.220902
6.206174
6.29932
6.024717
5.7631426
5.9258447
5.7448163
5.5789127
5.7610536
5.7547455
5.7599893
5.8184795
5.937497
6.006601
6.023401
6.260366
6.256228
6.1303353
5.998974
6.3337955
5.9508166
6.013301
5.8117585
5.5852823
5.739858
5.524781
5.6978903
5.879428
6.052788
6.1926837
6.343028
6.212891
6.294978
6.485022
6.4815445
6.3064833
6.385882
6.4681687
6.783866
6.900384
7.072226
7.078372
7.009966
6.9915514
7.01587
7.0319304
7.1330285
7.190818
7.1503277
7.2577357
7.183554
7.375634
7.290259
7.315132
7.1505365
7.0797224
7.2932644
7.117943
7.1613793
7.293335
7.0107923
7.0828695
6.948505
7.2907357
7.054649
7.031877
6.6982427
6.719342
6.906994
6.9827323
6.841091
6.6087503
6.742436
6.6314926
7.1390533
7.1183176
7.5287757
7.511814
7.3221846
6.8222637
6.809836
6.797178
6.8791485
7.0826526
7.082695
7.0172687
6.9630384
7.0030546
6.9390106
6.695322
6.7813115
6.9359283
6.739932
6.964067
6.9969807
7.137395
7.209679
7.1036806
7.1414676
7.0323486
7.0096874
6.940259
6.8019447
6.994873
6.798684
6.7791176
6.7011037
6.4307423
6.400057
6.6074996
6.7787337
6.8654037
7.4517164
7.4043493
7.03855
6.6558466
6.689612
6.8844147
7.0455103
6.9492645
7.104374
7.0348864
6.8489566
6.5521436
6.4138136
6.1954203
6.365175
6.185126
6.205539
6.170465
6.3527513
6.367439
6.810041
6.5397034
6.4339614
6.4618745
6.0792136
6.307535
6.228759
6.16183
6.249784
6.370532
6.2005124
6.2064342
5.8388247
6.214713
6.4055543
6.656578
7.0951257
6.9448338
6.8286242
6.6069126
6.6020684
6.6712494
6.905806
6.8426485
7.1127796
6.918613
7.0082145
6.931098
6.7836304
6.6010036
6.587597
6.481778
6.50147
6.619184
6.723148
6.791137
6.7797227
6.637743
6.6237893
6.5085106
6.435941
6.1584005
6.4119887
6.3942146
6.5152345
6.5729346
5.9767942
5.947776
5.958657
6.0536046
6.2683797
6.3292933
6.5620317
6.4779954
6.324553
6.37411
6.282457
6.6337194
6.4878597
6.7106104
6.603808
6.6165333
6.8015885
6.54235
6.199271
6.126952
6.2377496
6.1714063
6.1544003
6.1558003
6.257965
6.454893
6.386237
6.468513
6.2510853
6.239589
6.244691
6.114602
6.304442
6.031952
6.303491
6.2317033
6.2344065
5.8464575
5.9926
5.9350324
5.977559
6.0037284
6.4270935
6.5478272
6.3961625
6.04339
6.3541493
6.464669
6.3779306
6.3268356
6.4847364
6.500967
6.4911814
6.384969
6.1129317
6.0488997
5.8935056
6.0738883
5.901813
6.0937424
5.844691
6.201485
5.8645315
6.350943
6.342354
6.342908
6.3750024
6.3609076
6.021271
6.177083
6.28358
6.2309966
6.1176305
5.918419
5.5995665
5.510459
5.513926
5.693412
5.7535944
6.3290405
6.223776
6.1746736
6.1226745
6.4424567
6.7464952
6.3999333
6.5003824
6.3445816
6.45365
6.3669167
6.146249
6.093823
6.3771067
6.221111
6.139877
6.16338
6.210113
6.421823
6.1034937
6.4112806
6.2559767
6.283972
6.1460695
6.238783
6.425705
6.3218694
6.368719
6.4025645
6.356276
6.301617
5.9797063
5.8651376
5.9774075
6.079084
6.0261755
6.4544706
6.720784
6.504607
6.2482944
6.7314806
6.5704536
6.721013
6.7280555
6.7596335
6.6790233
6.7585807
6.598264
6.3961606
6.5196395
6.496354
6.3032513
6.642844
6.629355
6.589339
6.5468135
6.81665
6.604386
6.7010336
6.402183
6.554039
6.5609884
6.6824036
6.525446
6.634616
6.508957
6.3109717
6.3113327
5.9255238
5.8487782
5.9379487
5.9595556
6.002161
6.365362
6.61097
6.0762606
5.987312
6.4052525
6.55479
6.619894
6.6495514
6.6690807
6.608838
6.5727315
6.29778
6.408939
6.403947
6.460918
6.6130376
6.8574743
6.6119895
6.8470345
6.669867
6.6720524
6.5438747
6.6497355
6.596383
6.4891276
6.4574995
6.6311526
6.470407
6.4269414
6.289628
6.2209816
6.1138024
6.0022035
6.040755
5.742663
5.855895
6.2872844
6.655037
6.3058896
6.2858357
