10000
8.673188
8.520367
8.483446
8.587831
8.517721
8.541435
8.608698
8.5401745
8.565314
8.623653
8.622695
8.63973
8.599859
8.726891
8.628058
8.673777
8.620036
8.605519
8.68622
8.729243
8.692417
8.707618
8.6737
8.750459
8.661453
8.790031
8.681685
8.760952
8.731811
8.727757
8.774389
8.726486
8.632935
8.627204
8.602902
8.600979
8.570168
8.671711
8.570494
8.614901
8.488901
8.429523
8.441035
8.401623
8.319706
8.163049
7.985461
7.6871657
7.6284847
7.690148
7.442156
7.5292726
7.5210714
7.604938
7.5040264
7.4186134
7.3443384
7.4730906
7.5444098
7.707355
7.827707
8.066319
7.930831
8.026825
7.9032693
7.7441974
7.26025
6.801057
6.8199654
6.4489884
6.144822
6.000479
5.943228
5.889348
6.08055
6.0934258
5.9822187
5.720558
5.694007
5.296066
4.943372
4.7400894
4.793692
4.830018
4.864201
4.934485
4.91519
4.789351
4.8892803
4.8224826
4.786315
4.9574857
4.8857403
4.857705
4.845037
4.91371
4.9734535
3.8991306
3.9214935
3.9010773
3.9023018
3.8821368
3.7742867
3.888691
3.8237798
3.820402
3.8459523
3.8219182
3.6916237
3.8641567
3.7517827
3.8697762
3.8924766
3.8886847
3.9008312
3.9172337
3.8143866
3.8087997
3.8627818
3.925375
3.8931506
3.8438065
3.8819804
3.9739218
3.8841789
3.9769397
3.8261437
3.903528
3.8848479
3.7952728
3.7665977
3.86093
3.8329473
3.891706
3.7999694
3.8612573
3.9006066
3.7748177
3.772144
4.5419884
4.71377
4.504092
4.596244
4.5674715
4.613532
4.604374
4.6534796
4.725398
4.683019
4.5788093
4.5727725
4.6316514
4.6354103
4.6299076
4.620954
4.7020226
4.6170516
4.5773654
4.664445
4.636837
4.693657
4.712906
4.604298
4.554273
4.626336
4.58821
4.6075654
4.6563115
4.6264606
4.508981
4.6014767
4.5802345
4.6265936
4.656048
4.611531
4.6200647
4.559856
4.5255704
4.5511827
4.6001434
4.5376816
4.5227427
4.5668445
4.549872
4.616159
4.6965904
4.7783575
4.775857
4.627056
4.7632475
4.798856
4.8179035
4.6912804
4.7640467
4.7983804
4.7542114
4.737218
4.6846023
4.817322
4.5296865
4.5612845
4.5232368
4.5476046
4.392343
4.3412514
4.3906155
4.4231286
4.4551272
4.3290267
4.4472046
4.4181952
4.4867296
4.4183736
4.444705
4.538221
4.4226136
4.3053317
4.309283
4.309946
4.2697
4.202233
4.1736784
3.9582837
4.102293
4.0276475
4.0236735
4.018264
4.107604
4.071667
4.028532
4.1749797
4.1506433
4.181572
4.220869
4.086891
4.0517073
4.11522
4.174239
4.2284193
4.2965307
4.226685
4.4975133
4.4005246
4.467496
4.3983555
4.4409885
4.3938656
4.388933
4.539955
6.387998
6.55002
7.106682
7.096434
7.1139445
7.135988
7.1838894
7.2044253
7.191291
7.2294292
7.1599426
7.198118
7.254313
7.3009543
7.2494736
7.244531
7.273581
7.2842593
7.3206277
7.3344617
7.395176
7.2699347
7.2923174
7.31563
7.3206115
7.3068843
7.32256
7.276054
7.254621
7.2455606
7.2919054
7.281838
7.2683706
7.2610254
7.3319864
4.5957723
4.508943
4.606026
4.3248677
4.3435555
4.181172
4.27356
4.3041058
4.421539
4.4352
4.367688
4.3382926
4.4668064
4.4611163
4.4684677
4.41571
4.550712
4.3581276
4.523261
4.541531
4.485471
4.6851487
4.714806
4.5656004
4.5774956
4.5259438
4.57714
4.5151944
4.9068556
4.9170313
5.080901
4.548365
4.7052655
4.7367897
4.698695
4.5983214
4.701997
4.702312
4.548198
4.5850663
4.640516
4.6727676
4.5864506
4.5844245
4.577733
4.585581
4.663904
4.3869925
4.545689
4.436955
4.5161614
4.508469
4.671258
4.505402
4.447325
4.530746
4.6075854
4.4675155
4.4892397
4.481532
4.412626
4.4952283
4.4319444
4.403795
4.41888
4.42615
4.312845
4.362975
4.3901067
4.2670937
4.3604646
4.347391
4.396853
4.340749
4.3906384
4.4010296
4.352045
4.2909575
4.2672176
4.3145075
4.2509108
4.2336583
4.203603
4.126535
4.1748314
4.113615
4.0960436
4.1034594
4.0570493
4.1315494
4.223675
4.371091
4.361268
4.2311807
4.221747
4.330538
4.4244375
4.6081276
4.7915616
4.6721807
4.8111324
4.8512535
4.91866
6.062549
6.1654215
6.9792233
6.8650093
6.8396654
6.6816254
6.6809454
6.5915623
6.604857
6.522005
6.490786
6.504446
6.530607
6.557066
6.469144
6.473352
6.4698324
6.4913297
6.531761
6.723427
6.7752275
6.7456317
6.795648
6.877073
6.882751
6.943471
6.9850054
7.007191
7.118655
7.1367173
7.2451267
7.200737
7.2240458
4.100092
3.9678707
4.0233817
4.0588517
4.175599
4.2786026
4.2983217
4.3642097
4.310496
4.3212085
4.3576875
4.437289
4.469936
4.4841394
4.463794
4.506151
4.525588
4.5289483
4.5350986
4.5289707
4.542698
4.5029807
4.605843
4.5687046
4.617447
4.6327443
4.673166
4.6243114
4.63762
4.612013
4.6250114
4.5935526
4.5933127
4.619441
4.611488
4.6264415
4.624429
4.5866327
4.593881
4.590534
4.562827
4.551406
4.5978894
4.566327
4.5673094
4.596016
4.635842
4.6700273
4.6162653
4.755739
4.6356964
4.548847
4.5358367
4.7183056
4.6773367
4.563076
4.4313135
4.3584757
4.3573523
4.5240464
4.4684258
4.4187517
4.3457675
4.308439
4.3120775
4.1981974
4.1111298
4.1672716
4.1757684
4.249689
4.3687544
4.5146117
4.352119
4.4539886
4.6362977
4.827582
4.8582892
4.711029
4.7818937
4.7939477
4.6449895
4.6509013
4.6699586
4.704128
4.541783
4.5718517
4.572958
4.5301867
4.525919
4.5786242
4.5658593
4.481886
4.541244
4.593705
4.504573
4.371602
4.2734027
4.2016716
4.133106
4.1991935
4.1027946
4.0990753
4.1622996
4.141346
4.1356206
4.164994
4.253928
4.263682
4.2294316
6.052129
6.209792
7.0788765
7.1197653
7.0527
7.0424275
7.1671057
7.1492057
7.170419
7.146047
7.0670834
7.0690303
7.202986
7.175064
7.1429305
7.2422824
7.1847177
7.267768
7.3020296
7.284003
7.2997594
7.326908
7.3223653
7.3182583
7.3192143
7.3449817
7.30105
7.2629457
7.287094
7.244221
7.3734055
7.317695
7.2726355
7.395344
7.3081517
7.220223
7.187392
7.0352144
7.0530534
7.0055733
6.914568
6.6621866
6.470427
6.256754
6.4230537
6.220545
6.2445097
6.057975
5.838078
5.971842
5.8718524
5.65863
5.33191
5.198673
5.3345394
4.858111
4.764901
4.8525586
5.0980153
5.0309978
5.0548773
5.0462675
4.848044
4.715394
4.689227
4.694097
4.577092
4.6036954
4.5441823
4.4521728
4.520733
4.378646
4.313408
4.1090827
4.1529083
4.3051224
4.1516476
4.2636433
4.266003
4.2267494
4.2000875
4.36411
4.2518454
4.2259636
4.299837
4.166191
4.1131134
4.4705987
4.5344267
4.5382614
4.700162
4.9360633
5.1651497
5.480087
5.2782826
5.3363695
5.404374
5.6263175
5.431417
5.3048186
5.2630777
5.058039
4.699993
4.0660214
4.0264077
3.8390784
3.63559
3.7015464
3.7062833
3.7774303
3.5275235
3.7198672
3.6995625
3.6795
3.6594336
3.6648536
3.6066325
3.4640412
3.3240862
3.3366423
3.4018438
3.4845304
3.4433753
3.3917537
3.4016578
3.2905467
3.4319503
3.6466312
3.6272187
3.899231
3.755257
3.6136823
3.716996
3.742327
3.8596728
3.8898907
3.9966943
4.137491
4.1199126
3.7655573
3.8021736
3.7080228
4.0618706
4.1361365
4.290826
4.3417354
4.4364824
4.4857764
4.526467
4.3245344
4.3973103
4.090394
4.216331
4.013897
4.1709805
4.260075
4.450677
4.4017158
4.480908
4.419414
4.4957004
4.5318985
4.626292
4.645599
4.7798038
4.8284936
4.942889
4.957558
4.969648
4.9739056
4.9870505
5.054956
4.9006214
4.888497
4.796657
4.8757453
4.8805914
4.581892
4.583045
4.521745
4.4723854
3.96503
4.0322924
4.1389627
3.8151042
3.9621968
3.9564872
4.0725555
4.0902247
4.3503733
4.5618973
4.760032
4.608188
4.652731
4.640358
4.5658617
4.5799217
4.5543504
4.5513372
4.4112654
4.2938395
4.2371354
4.364982
4.3323345
4.391154
4.478826
4.5009804
4.656557
4.6333637
4.727028
5.2202706
5.611086
5.3937745
5.314398
5.403761
5.2776346
5.109187
5.247155
5.2638335
5.277543
5.2015104
5.2222385
5.168443
5.138195
5.1748343
5.376673
5.197013
5.1882873
5.1824393
5.087107
5.104497
4.9684024
5.0542874
5.0437703
4.94965
4.6942043
4.4887404
3.22972
3.9829302
3.5118861
3.514088
4.1705422
4.4499927
4.130104
4.4000583
3.3925264
3.528051
3.8229887
3.1603177
3.9153397
3.8024085
3.2553134
3.2578974
3.2756987
3.8846395
4.416166
4.362313
3.3212805
3.9808905
3.359628
3.2883768
3.2851906
3.2330372
4.3962564
4.3146234
3.0907972
4.3288183
4.0812426
4.211197
4.5179653
3.2339401
4.4763904
3.4974473
3.9779313
4.2255406
3.7134352
3.9936461
3.9964712
3.4251657
3.547138
3.7125835
3.7475495
4.3654385
4.101791
4.2480683
4.239717
4.2147126
4.2081513
4.1997285
4.299079
4.3349457
4.44143
4.47101
4.4854865
4.7186694
4.702813
4.613644
4.6384254
4.668254
4.6042366
4.614632
4.668364
4.607731
4.379959
4.471448
4.3691955
4.3583536
4.3920064
4.3951974
4.567804
4.7888026
4.778526
4.758392
4.7114916
4.683019
4.4925947
4.2605324
3.9867868
4.023359
4.215487
4.65751
4.7697783
4.419194
4.402878
4.0406904
3.9309583
3.8536708
3.7076516
3.697327
3.7461555
3.6852496
3.8187504
3.84308
3.8083296
3.7863507
3.7662034
3.4791665
3.5144994
3.480435
3.6664996
3.9474216
3.8289466
3.2936616
3.3065498
3.4821382
3.649509
3.7008777
3.7136388
3.8283372
3.4114754
3.4174776
3.4951384
3.4328246
3.517592
3.4835854
3.2406564
3.1543653
3.42311
3.3275988
3.4071536
3.4547782
3.5626802
3.536396
3.5727463
3.5174546
3.4748497
3.580642
3.2761893
3.2412884
3.7149467
3.600358
3.3144655
3.312486
3.2647893
3.5029497
3.2704978
3.3014512
3.5212376
3.4647136
4.0569477
3.750197
3.684771
3.6470842
3.5431376
3.5436263
3.460967
3.640194
3.5846744
3.568818
3.7095459
4.0184426
4.0291977
4.1573644
4.2242985
4.476821
4.439622
4.2269506
3.9040272
3.9260976
3.3882618
3.251893
3.2624495
3.2689805
3.3369515
3.3154898
3.4802496
3.425318
3.4670835
3.5764954
3.573571
3.640975
3.543438
3.5537982
3.6157765
3.7078419
3.6529706
3.696399
3.6732833
3.6933699
3.6143973
3.5463223
3.4792755
3.4908612
3.5317097
3.3444276
3.2969189
3.3549328
3.443629
3.3938327
3.4507942
3.542691
3.4402146
3.5658433
3.5191145
3.621841
3.6091251
3.7409525
3.7352724
3.817676
3.9553454
4.010533
3.962224
3.8972168
3.9743004
3.9997084
4.0067973
4.035497
4.015284
3.9455352
3.896523
4.0076046
3.9057064
3.964364
3.994345
4.1457977
3.9897337
3.989768
3.9390051
3.925755
3.966209
4.0207577
3.8747902
3.8184254
3.7770743
3.8294544
3.787387
3.7863202
3.8037896
3.727191
3.708478
3.899701
3.8972323
4.0367184
4.01046
4.0549264
4.2550955
4.0153427
6.7022924
6.682115
6.544824
6.5223093
6.52875
6.6185894
6.534237
6.5906677
6.3200936
6.3351827
6.422658
6.3351855
6.4334965
6.343089
6.443586
6.3530483
6.3516035
6.32314
6.2419634
6.274701
6.2511044
6.261449
6.380741
6.277441
6.201496
6.0590515
5.938079
6.0906153
5.7780027
5.688295
5.885236
5.8248596
5.4731865
5.4235168
5.476698
5.5151644
5.5656075
5.526434
5.557618
5.5494504
5.623365
5.5785313
5.5976706
5.428638
5.4666257
5.5463705
5.5516963
5.5151186
5.360319
5.3111854
5.028933
5.16139
4.766637
4.7687817
4.830157
5.084122
5.0794306
5.048994
5.112464
4.9855027
4.9869895
4.9716406
4.9380217
4.9024773
4.745032
4.9289846
4.8062654
4.956977
5.0932226
4.9041877
5.029403
5.053351
5.2924914
5.362806
5.1578755
5.150426
5.005468
5.2265725
5.3047585
5.312233
5.3766217
5.1120386
5.037652
5.311844
5.2114635
5.4220276
5.2224603
5.5026236
5.418078
5.2739835
5.4248066
5.603745
5.4743233
5.553754
5.627313
5.5999165
5.4554996
5.652052
5.5437493
5.683258
5.676466
5.6323686
5.63883
5.596469
5.613025
5.56616
5.62606
5.7662945
5.614601
5.755779
5.5990868
5.628825
5.620875
5.622237
5.517359
5.439004
5.4211817
5.427653
5.224635
5.240561
5.077704
5.018463
5.0278883
5.092897
5.0719233
5.039276
5.0361433
5.0657372
4.929199
4.874058
4.9152584
4.994332
4.880389
4.9122105
4.999815
4.9697137
5.1211805
5.0593348
5.2526426
5.188724
5.355588
5.3480654
5.35469
5.482498
5.454955
5.5039353
5.521455
5.5924683
5.801878
5.9085054
5.9278035
6.011353
5.9228554
6.1314077
6.065098
6.215542
6.226637
6.235324
6.058576
6.2247553
6.248144
6.234147
6.2837787
6.289454
6.2631063
6.2394285
6.166142
6.212598
6.2188115
6.11442
6.0607204
6.0595956
6.0760207
6.0378594
6.0053806
5.9376936
5.993882
5.9576664
5.9952965
5.902164
5.832594
5.8874054
5.839841
5.84147
5.86045
5.843289
5.960479
5.9949675
5.8722563
5.8571887
5.982414
5.8591847
5.9417973
6.008617
6.0004463
5.933449
6.002666
5.9351997
6.0762563
5.9779024
5.7905416
6.109769
5.777776
5.7976646
5.8409634
5.8785515
5.8056335
5.7753134
6.021166
6.037727
6.03122
6.054773
6.0970955
6.1808085
6.190727
6.3724627
6.2116585
6.321641
6.4015284
6.373476
6.373083
6.2685394
6.3958006
6.249714
6.3588696
6.2788944
6.3315334
6.4105716
6.31797
6.15266
6.2982316
6.205694
6.2639503
6.1024714
6.1471353
6.193453
6.237764
6.120732
6.148683
6.2100334
6.1853733
6.1556363
6.0864835
6.0914974
6.092973
6.037772
6.0923524
6.0267367
5.996536
5.878896
5.837477
5.8526897
5.7608547
5.770044
5.8640065
5.9167094
6.02092
5.897906
5.8873744
5.940608
6.076841
5.8759913
5.9705186
5.8940644
6.041113
6.0658317
6.0085883
6.036035
6.055579
6.0313845
6.036419
5.9407015
6.013362
6.1304307
6.1084137
6.0892344
6.147738
6.0860605
6.1264005
6.198819
6.0870943
6.1077385
6.1009912
6.2419734
6.185788
6.2098107
6.2244415
6.127066
6.1633267
6.176126
6.2881217
6.2760844
6.2064567
6.211147
6.0471797
6.0442743
5.9474034
6.0992546
6.045602
6.089222
5.881852
6.008946
5.867353
5.926233
5.913046
5.880044
5.930121
5.771062
5.949396
5.82535
6.171609
5.9716983
6.214706
6.086453
6.1810393
6.0641108
6.1042886
6.008352
6.160855
6.079048
6.116843
6.0287633
6.1263647
6.064232
6.082301
6.0124907
5.976835
6.0936084
5.942996
5.944165
6.027747
6.0631204
6.055538
5.967125
6.0624332
6.128888
6.109829
6.1913843
6.1603675
6.1531878
6.2391977
6.251092
6.270126
6.176547
6.3226037
6.226463
6.293762
6.1300306
6.174307
6.1154532
6.115474
6.147408
6.1186204
6.236159
6.228347
6.275152
6.197993
6.1948323
6.0122805
5.988942
5.959701
5.910136
5.9326043
5.938546
5.8687296
5.9132147
5.8871665
5.9293823
5.933712
5.8951406
5.8459396
5.728444
5.5548973
5.6012783
5.5529957
5.465
5.5778394
5.3817835
5.375583
5.732237
5.9186625
5.735942
5.8146954
5.8752007
5.8265467
5.7473154
5.795681
5.8859754
6.0003934
6.0792537
6.137221
6.1320915
6.172154
6.0839953
6.183997
5.9591537
6.0407157
5.8478327
5.8776937
5.875774
6.1211667
5.9606533
6.1485934
6.146452
6.1570797
6.0230384
6.043289
5.980572
5.977004
5.987495
6.0635505
5.99168
5.7970834
5.556028
5.632571
5.46296
5.5024505
5.4419456
5.4635153
5.514418
5.4673367
5.5102506
5.5823884
5.6891513
5.8996153
6.1734457
6.352175
6.098992
6.145342
6.1279225
6.303486
6.096231
6.2442336
6.1248403
6.3337116
6.3848205
6.511777
6.429777
6.3830576
6.406381
6.4445214
6.3994145
6.5008717
6.2196455
6.2029376
6.2147245
6.29472
6.1671166
6.424894
5.7486243
5.662409
5.708917
5.6315804
5.685711
5.741479
5.798784
6.01001
6.2308636
5.9351077
5.953793
5.7309294
5.8207045
6.021892
5.945089
5.803787
5.8400993
5.9772906
6.2018313
6.351783
6.2260246
6.1421537
6.087065
5.8773785
5.625648
5.3293247
5.1594663
5.157797
5.20512
5.206082
5.3044324
5.4945507
5.5192833
5.7410164
5.8981266
5.534016
5.1802597
5.1962867
5.334358
5.374844
5.304893
5.230112
5.290611
5.290863
5.4858956
5.597734
5.6121063
5.7100782
5.765666
5.8202553
5.57753
5.6433387
5.5970807
5.5530457
5.66066
5.7947426
5.775488
5.810142
5.71896
5.871668
5.9491167
5.982625
6.0496044
6.049878
6.0863743
6.0380287
5.8242235
5.707994
5.502405
5.388921
5.2208447
5.2457514
5.1774235
5.3447914
5.3077383
5.336074
5.335224
5.27799
5.407184
5.456778
5.3709984
5.202271
5.2123103
5.0874896
5.051276
5.0539107
5.082009
5.1497073
5.146994
5.195486
5.120579
5.1715345
5.049523
5.254022
5.248584
5.2833595
5.299511
5.321874
5.2913237
5.255035
5.182089
5.1563625
5.2161264
5.2214336
5.146935
5.150883
5.052844
5.129093
5.074524
5.2146297
5.1327267
5.0897994
5.0579696
5.022011
5.05676
5.033673
5.098447
5.1029487
5.0040903
5.051193
5.059693
5.0164647
5.123782
5.14207
5.1766005
5.088669
4.9732943
4.981039
4.9890885
5.035966
5.0612645
5.0387936
5.0337005
5.042302
5.0048466
5.005786
4.8983636
4.9166193
4.941743
5.0528917
5.0199194
5.066905
5.083888
5.005419
4.8907466
4.8143134
4.8780975
4.98546
5.0058107
5.0454817
4.983997
5.039955
5.051265
4.98102
4.927425
4.872102
4.9116764
4.8417826
4.8683
4.918284
4.8113956
4.8817005
4.8446465
4.8523626
4.733711
4.841679
4.9328837
4.9152017
4.8180304
4.960621
4.8941665
4.910825
4.9160957
4.9112787
4.934554
4.9223514
4.9257755
4.9431086
4.972929
4.8517613
4.938123
5.004485
4.929635
4.9660597
5.1149125
5.068776
5.0905995
5.077505
5.083393
5.0498996
5.076412
5.2117743
5.04795
5.042201
5.1201973
5.098133
5.036818
5.016941
4.9459076
5.0518646
5.205286
5.0652866
5.1016517
5.1022224
5.1665535
5.0723042
5.072611
5.202686
5.0726204
5.101769
5.018641
5.118498
5.1360283
5.159416
5.129306
5.060044
5.150691
5.130031
5.1820884
5.0871572
5.1233196
5.091425
5.121828
5.103655
5.0903535
5.1101165
5.0805945
5.081076
5.0660877
5.09043
5.1129837
5.096346
5.128634
5.09808
5.0499783
5.038917
5.043807
5.0307517
5.035582
5.6605163
5.7855134
5.6759024
5.8179092
5.789037
5.883067
5.6898284
5.7995243
5.7548003
5.8585663
5.7528768
5.9519205
5.800454
5.933477
5.745576
5.8963957
5.9702935
5.880954
5.9244504
5.882807
5.870073
5.8474154
5.779158
5.890409
5.8788133
5.905569
5.903559
5.9247227
5.912657
5.8597574
5.8637156
6.0115943
5.953452
5.9628963
6.0439005
6.037009
5.983878
5.938179
5.9798713
5.9969816
6.018284
6.1182747
6.0071216
6.012606
6.0282373
5.9521112
5.9999056
6.0506487
5.9514904
5.952347
5.9663067
5.981637
5.9070525
5.9586916
5.998722
5.9796104
5.999657
6.011363
6.02107
5.9553227
6.0613713
5.954649
6.036444
6.0493
6.019244
6.0106807
6.0300937
6.1175246
6.092065
6.123306
6.2032413
6.1772375
6.1432376
6.2076645
6.226465
6.296516
6.215496
6.3064976
6.290389
6.3609753
6.345087
6.3150935
6.2596707
6.3048334
6.2441897
6.2557054
6.177513
6.240957
6.1877356
6.2116876
6.1598706
6.1868305
6.1152115
6.0864296
6.0183473
6.0733027
6.0476913
6.038389
5.987666
5.9504433
6.016554
6.057185
6.0536337
6.1842656
6.140621
6.356289
6.172593
6.2399006
6.0816126
6.0541806
5.926358
5.8471127
5.8775606
5.8805265
5.9099455
5.9134536
5.921938
5.7713776
5.865721
5.723188
5.5373816
5.3213305
5.3642235
5.3146734
5.328821
5.5681934
5.2422395
5.231635
5.3335423
5.4655075
5.356017
5.6448717
5.585582
5.6675744
5.3813624
5.68686
5.714631
5.6881075
5.969358
6.1498213
6.182895
6.2917185
6.225721
6.199473
6.1416936
5.9903693
6.2535586
6.0479245
4.169966
4.088873
4.1317234
4.160008
4.09113
3.9664004
4.112273
3.9946613
4.0968394
4.197857
4.096058
4.0091114
4.121272
4.1428385
4.150424
4.099429
4.184079
4.3416805
4.083452
4.0028367
4.0735
4.580567
4.099343
4.0787005
4.01898
4.068954
3.995535
4.101373
4.505034
4.575412
4.0790997
4.070724
4.0884233
4.086607
4.0630608
4.1548505
4.131127
4.174295
4.1150894
4.022
4.092258
4.100112
4.113128
4.2773905
4.085344
4.1894774
4.1664543
4.1020746
4.039206
4.054388
4.0060825
4.0174294
4.0394964
3.9909348
4.4043746
4.3010345
4.039275
4.0821543
4.1903887
4.010931
4.0265517
4.062606
4.029575
3.9911377
4.0439186
4.011396
3.9775827
4.1659393
4.0285625
4.2230935
3.946221
4.0263963
4.0447598
4.0283837
4.004018
4.0261955
4.1242847
4.1387653
4.068085
4.0599823
4.0636983
4.0934434
4.0480185
4.0859203
4.298987
4.13398
4.067485
4.160401
4.0474033
3.9843454
3.9875314
4.0584064
4.110272
3.961073
4.1254315
4.074278
4.066351
4.159985
4.05399
4.241603
4.0903482
4.224922
4.0855994
4.145037
4.2738495
4.1434584
4.127572
4.1428504
4.2207203
4.2485795
4.4930916
4.5793767
4.8648777
4.805232
4.7526746
4.546075
4.0703845
4.2853227
3.9707718
4.0188446
4.0185394
3.9786897
4.1896005
4.0741825
4.1095595
4.1605535
4.100569
3.9948866
4.211244
4.07079
3.9954858
3.9537146
4.080002
4.051381
4.117542
4.0197725
4.0516043
3.9667945
4.009158
4.0456514
4.051523
4.1750674
4.2615194
4.1764793
4.1782703
4.140051
4.0402975
4.020848
4.0389266
4.1702824
4.104643
4.221991
4.165143
4.1518908
4.132411
4.065264
4.107488
3.982847
3.916915
3.9976428
3.9595113
3.9211948
3.8762705
4.005164
4.100819
4.0759997
3.9701777
4.229307
3.9111435
4.081045
4.080171
6.3833537
6.346815
6.1848383
6.3058887
6.234913
6.3446
6.301573
6.332043
6.3384233
6.3395643
6.3962264
6.4166145
6.402609
6.2883587
6.4331255
6.4742527
6.36308
6.3820753
6.331855
6.353739
6.332682
6.356381
6.3053594
6.396125
6.2987747
6.3744736
6.359367
6.3327293
6.271432
6.340927
6.1956997
6.2816696
6.3463173
6.4813023
6.4297543
6.622849
6.4987273
6.444076
6.456136
6.423662
6.4729514
6.410331
6.4071894
6.576103
6.3915753
6.4162836
6.288119
6.3464804
6.320427
6.277416
6.591089
6.498159
6.6041307
6.610711
6.637239
6.6183534
6.6367292
6.409865
6.3806863
6.429762
6.388402
6.3402796
6.1887445
6.2586813
6.132452
6.221625
6.1345563
5.930159
6.0187893
5.7929206
5.8678026
5.9547844
6.1201296
6.036768
6.188736
4.2122135
4.1580405
4.3519006
4.3178787
4.210434
4.1534743
4.3611236
4.2515283
4.177899
4.3510394
4.2031097
4.2109222
4.454905
4.2212067
4.38764
4.236556
4.296704
4.264947
4.262214
4.2684116
4.339802
4.492717
4.6537094
4.62205
4.8437843
5.0674496
5.1557765
5.2065306
5.2458153
5.4304895
5.3925
5.440123
5.51202
5.5309916
5.626795
5.414737
5.38325
5.32172
5.283117
5.271368
5.2214355
5.169223
5.1204467
5.214652
5.285325
5.3738685
5.3291883
5.2399735
5.3241234
5.260759
5.115251
5.0984015
5.0571613
5.123492
5.076205
4.879293
4.9299297
4.7785983
4.8709583
4.8397956
4.912558
4.913381
5.0014777
5.0092316
4.908213
4.9488907
4.9592133
4.9862976
4.960288
5.099307
5.030182
5.118515
5.2241516
5.0306635
5.1291323
5.195689
5.0867157
5.1112194
5.176813
5.199377
5.183033
5.244605
5.213314
5.1714664
5.265264
5.357105
5.3753233
5.357548
5.3970776
5.3652973
5.4861555
5.4372444
5.4094934
5.4505143
5.347452
5.464884
5.430324
5.460355
5.454432
5.440599
5.3666644
5.352673
5.4116006
5.3527284
5.2901464
5.3238363
5.3024654
5.326804
5.2918324
5.3125114
5.344568
5.3598866
5.36296
5.2929506
5.344706
5.3151097
5.3869033
5.3509817
5.4182706
5.4219074
5.39557
5.3679385
5.4137187
5.380475
5.49158
5.406905
5.402717
5.450732
5.4847775
5.5023694
5.47991
5.489225
5.495135
5.520967
5.502804
5.5946903
5.619882
5.584694
5.616742
5.608053
5.6457734
5.555661
5.5909824
5.616043
5.585869
5.7035174
5.693744
5.6868896
5.6416345
5.6660824
5.5967617
5.552704
5.708375
5.635277
5.6158695
5.674991
5.681964
5.6665835
5.683166
5.6489882
5.6164603
5.674811
5.627157
5.648734
5.6203127
5.7133613
5.7406917
5.669589
5.741702
5.8097425
5.5588083
5.5529776
5.4689617
5.5003996
5.528885
5.5550184
5.6330996
5.533265
5.580534
5.631902
5.589218
5.649308
5.6846504
5.6502256
5.726839
5.746887
5.7611675
5.70278
5.753876
5.713457
5.7298646
5.692629
5.701663
5.681491
5.694132
5.637531
5.6793222
5.7173834
5.6625876
5.749288
5.757211
5.7195883
5.7233863
5.6800947
5.683083
5.6444144
5.666961
5.690916
5.667117
5.64067
5.7133236
5.7023997
5.6385665
5.7515407
5.684909
5.69515
5.6472273
5.6470475
5.63546
5.640703
5.589336
5.6757493
5.680177
5.625898
5.6368966
5.5966644
5.59056
5.589975
5.577825
5.5969987
5.5633154
5.5594134
5.614582
5.6114793
5.6014
5.614723
5.6350274
5.669246
5.6610966
5.6345696
5.6396165
5.645835
5.659514
5.699128
5.7173486
5.9633183
6.1449995
6.14604
6.1341553
6.13148
6.131931
6.0792212
6.0736237
6.122305
6.0844793
6.138145
6.1789656
6.062918
6.1609745
6.0798492
6.2813015
6.120026
6.4013658
6.0812974
6.318511
6.1071954
6.3475776
6.1253343
6.3912773
6.1463833
6.328358
6.163977
6.333078
6.279931
6.297561
6.36763
6.363072
6.2099867
6.325532
6.124866
6.1602206
6.2009997
6.1593356
6.176827
6.1400523
6.124946
6.180095
6.1854377
6.2531404
6.1543503
6.23208
6.1839843
6.244678
6.182342
6.226003
6.193506
6.2349596
6.1585913
6.2265153
6.1574283
6.196149
6.1078615
6.221893
6.130414
6.207808
6.137853
6.174736
6.0952215
6.1355443
6.1367936
6.1201715
6.0780034
6.14207
6.134296
6.106681
6.103339
6.0735974
6.0530505
6.04386
5.986137
5.956189
5.9414406
6.0701985
5.980866
6.1460176
6.0369754
6.1538167
6.0775743
6.134034
6.127873
6.2299485
6.142362
5.997843
5.885313
5.7996445
5.68551
5.58703
5.6012836
5.5124826
5.46376
5.3626027
5.192554
5.058108
5.1148705
5.1408215
4.968471
5.447675
5.4611244
5.602531
5.532405
5.6234756
5.667742
5.704268
5.7251315
5.650081
5.561511
5.518514
5.5054364
5.5966425
5.5822706
5.4452524
5.427499
5.398663
5.3530602
5.335996
5.5005527
5.4811497
5.7536726
5.574575
5.546858
5.6029005
5.7586226
5.612856
5.6023464
5.6498537
5.606469
5.688792
5.659306
5.60898
5.6439433
5.569024
5.6096168
5.642194
5.601655
5.6205206
5.525888
5.5951505
5.549043
5.5577807
5.530227
5.686468
5.5949807
5.664836
5.5587854
5.5486155
5.6536245
5.555256
5.620894
5.542856
5.670843
5.574876
5.72182
5.5173845
5.529586
5.70553
5.555148
5.647164
5.5158334
5.6616855
5.5519876
5.6540217
5.490513
5.6007767
5.580081
5.5454226
5.580132
5.558033
5.603276
5.553743
5.6787405
5.6265426
5.613981
5.6358805
5.5784984
5.5930505
5.633732
5.6069717
5.6268024
5.596691
5.6631384
5.6327066
5.721915
5.7230043
5.729708
5.769183
5.7198424
5.7578893
5.768453
5.832001
5.698702
5.633518
5.5545645
5.6957455
5.5239806
5.8314447
5.797717
5.499545
5.310439
5.4071093
5.0947313
5.009415
6.628246
6.538091
6.5607014
6.3143024
6.3522525
6.1879215
6.186255
6.192946
6.1498275
6.1349363
6.0127573
6.1165323
6.0940356
6.0086164
5.996561
5.9751406
5.9014816
5.939264
5.890021
5.958802
5.9077053
5.948025
5.88752
5.9466066
5.8755393
5.9386187
5.9368696
5.8706565
5.9176
5.895628
5.993989
5.816495
5.970177
5.8721304
5.916687
5.836241
5.91511
5.868306
5.9396925
5.9230227
5.819642
5.921195
5.9178047
5.9154763
5.886446
5.9414563
5.0457635
5.048644
5.0265665
5.0218525
5.0763245
4.954344
4.854492
4.8078685
4.874934
4.9156084
4.959033
4.9589205
4.9758043
4.8887124
5.0017056
5.0139813
4.924567
5.0019383
4.9311423
5.1389885
5.1278477
5.023241
5.034527
5.0417395
5.0927463
5.086723
5.1007824
5.220805
5.1690397
5.2242494
5.0475206
5.152333
5.1341853
5.0989575
5.099968
5.1604786
5.1271663
5.179218
5.1276135
5.1999235
5.130577
5.172449
5.137115
5.1926985
5.153546
5.219155
5.1513405
5.201791
5.123874
5.2213726
5.182913
5.1802235
5.155161
5.161823
5.1832037
5.057812
5.180479
5.098972
5.2260118
5.158894
5.2208543
5.2284517
5.2347913
5.3445144
5.166985
5.3644958
5.1837525
5.321254
5.1965404
5.2993364
5.1736283
5.304636
5.174814
5.3416195
5.230167
5.315589
5.2594733
5.3939347
5.22644
5.229923
5.188057
5.2177424
5.148554
5.2396884
5.0877814
5.317848
5.0800543
5.307082
5.083966
5.323598
5.121846
5.2589846
5.152122
5.19235
5.2168183
5.224539
5.1811876
5.185174
5.282247
5.2440968
5.238617
5.229561
5.2524767
5.2617183
5.2499437
5.2041583
5.202777
5.185146
5.2327414
5.2018027
5.235477
5.200884
5.2560205
5.203271
5.3189034
5.2010307
5.2651796
5.1748185
5.2073812
5.1909986
5.185435
5.18549
5.2056317
5.186407
5.2636266
5.1388717
5.225651
5.138033
5.1677256
5.1227775
5.165425
5.1469865
5.154944
5.1308966
5.159785
5.1172056
5.135207
5.1287107
5.1988697
5.1343613
5.1610556
5.0928802
5.13284
5.1190853
5.130562
5.1104116
5.1751246
5.120105
5.172034
5.074176
5.134944
5.166317
5.222629
5.2359757
5.245927
5.218477
5.2084293
5.190588
5.204748
5.182619
5.1607656
5.211706
5.156154
5.2202396
5.139984
5.2127347
5.164544
5.2337766
5.177844
5.2652
5.1725802
5.28113
5.2106543
5.227952
5.174265
5.277414
5.1757855
5.2598968
5.174532
5.1836314
5.1228952
5.21545
5.1864653
5.220273
5.1116953
5.210476
5.135462
5.225372
5.1114955
5.2132688
5.1410384
5.226794
5.144997
5.2158017
5.1323166
5.2372847
5.142297
5.232807
5.145762
5.2185316
5.160399
5.2264495
5.1732063
5.2376356
5.1743493
5.2420745
5.153309
5.2099314
5.1501055
5.2341433
5.1925387
5.2424097
5.1740828
5.259685
5.1964083
5.255846
5.2100177
6.035963
5.9867754
5.8988047
5.962134
6.0293436
5.9589596
6.0097036
6.0590935
5.916601
6.0514126
6.0128317
6.0461326
6.049477
6.059507
6.016041
6.047057
6.003274
6.059041
6.05894
6.0443287
6.0279665
6.0798697
5.9014616
6.0566607
5.914972
4.779848
4.8716903
4.8541756
4.8008957
4.8804917
4.7724676
4.822608
4.8590727
4.792228
4.8279204
4.8622
4.743133
4.776653
4.788916
4.6888847
4.7415733
4.710186
4.790871
4.6857505
4.769755
4.7254
4.8012295
4.7690744
4.606313
4.7527556
4.680768
4.728444
4.727376
4.7080936
4.758657
4.7923427
4.626907
4.7426863
4.632495
4.5375285
4.546409
4.543612
4.7131057
4.6508436
4.5995755
4.595621
4.6186943
4.5385795
4.6840525
4.6133404
4.6051207
4.569606
4.5545235
4.5718417
4.451046
4.502738
4.4703355
4.4372535
4.508856
4.492577
4.430429
4.4269147
4.3675046
4.289271
4.4498696
4.3942237
4.361928
4.3481483
4.3524504
4.267059
4.1636143
4.2739716
4.2490487
4.269054
4.174558
4.178552
4.255309
4.395189
4.257543
4.3068624
4.404708
4.610654
4.6504884
4.7739096
4.580703
4.5868764
4.777837
4.8182797
4.7940645
4.7863426
4.8428307
4.8964415
4.9760666
4.893245
4.4036164
5.0229073
5.063548
5.160404
5.1650047
5.26635
5.3125267
5.0338554
5.3594756
5.1923695
5.4436345
5.439293
5.5484176
5.5625405
5.540265
5.6309566
5.4497967
5.7523227
5.5073657
5.691415
5.593746
5.7661614
5.62802
5.780467
5.667981
5.766876
5.709917
5.7584586
5.7377796
5.74658
5.8184967
5.8116865
5.8929367
5.7492557
5.8693614
5.826011
5.8689055
5.7998133
5.8898454
5.913288
5.9459066
5.84853
6.001961
5.8680277
5.9919405
5.877089
6.0542116
5.9226556
6.110407
5.869432
6.1730824
5.993553
6.103623
6.0831885
6.25416
6.070826
6.2135406
6.1595473
6.138279
6.1882267
6.2142158
6.2344995
6.1842785
6.177989
6.059376
6.121293
6.106823
6.112296
5.962204
6.0142345
5.8128934
5.815569
5.7532554
5.652008
5.632492
5.591896
5.50271
5.482583
5.5609574
5.497783
5.5214715
5.5784335
5.5795493
5.6489086
5.639622
5.56513
5.601798
5.640748
5.643643
5.6369963
5.652662
5.633844
5.5946083
5.555852
5.578755
5.570835
5.6800294
5.5887213
5.595228
5.5947413
5.61639
5.5709915
5.5888214
5.5738273
5.696965
5.521436
5.5448704
5.5061817
5.570312
5.537588
5.54037
5.468003
5.5019155
5.5159345
5.4505324
5.509239
5.436411
5.4549217
5.391871
5.381872
5.365858
5.3974447
5.385198
5.3858757
5.3720465
5.3757486
5.4218717
5.417525
5.3733478
5.379323
5.4246387
5.4005075
5.425996
5.3683615
5.3640614
5.3394723
5.297774
5.2338552
5.2449646
5.2378616
5.2280846
5.232965
5.1895275
5.0695543
5.1250696
5.0109735
5.074602
5.037475
5.028837
5.072974
5.090121
5.086442
4.9389453
4.853695
5.0258775
5.0409193
5.0012007
5.013734
5.008511
4.991061
4.8220067
4.976935
4.917382
4.8512964
4.919047
4.9600525
5.005143
5.015465
4.909107
4.862424
4.9101305
4.9579005
4.965242
4.9150844
4.939355
4.7962303
4.866672
4.8520722
4.9269304
4.901535
4.8530636
4.9118986
4.859866
4.7403717
4.821267
4.8966274
4.8215933
4.7906823
4.694065
4.7281017
4.7772274
4.756727
4.8085136
4.7832165
4.8052835
4.8446665
4.7209125
4.8213944
4.7852874
4.395592
4.7777
4.777515
4.905125
5.0221004
5.0113573
4.9709425
4.901958
4.8898034
4.927638
4.795869
4.945452
4.909092
4.8152165
4.9133873
4.849623
4.912966
4.9831314
4.9997907
4.9886603
4.986889
4.9665446
5.0089316
5.016897
5.0094547
4.964166
4.9861884
4.9251738
4.9998918
4.988009
4.9777765
4.9395742
4.98349
4.962679
4.963705
5.0016713
4.8847504
4.9921446
4.9717736
4.8950996
4.8949933
4.8452325
4.791275
4.9316406
4.8345923
4.912906
4.9047546
4.8499
4.768593
4.8191066
4.8301764
4.7681427
4.817429
4.7890234
4.686044
4.777387
4.864584
4.838583
4.836
4.865551
4.7797613
4.780325
4.7384257
4.8317757
4.875783
4.8421626
4.8095455
4.8195996
4.801943
4.696119
4.915474
5.9607816
5.975702
5.895595
5.7867537
5.7290688
5.7797546
5.7102146
5.775809
5.7022142
5.74662
5.7275686
5.7377377
5.756395
5.810785
5.770986
5.7840176
5.778835
5.8569093
5.8287354
5.8410306
5.832256
5.865048
5.8600245
5.9675145
5.8698683
5.888883
5.937905
5.843714
6.029715
5.8360724
6.0201283
5.799305
6.0005345
5.867834
5.969726
5.869741
6.077944
5.8637695
6.0255084
5.903728
5.9908657
5.8913865
6.0104356
5.9326563
5.950859
5.912198
5.953641
5.2845473
5.2672153
4.6096463
4.9766116
5.004757
5.121961
5.1258106
5.095656
4.8407445
4.2595344
4.2604017
5.349078
5.3029866
5.4001675
5.3959327
4.662597
4.209057
4.2105236
5.0641274
5.0671983
5.11575
4.602025
4.2921114
5.02382
5.035692
4.6391997
4.360131
4.229471
4.393299
4.478683
4.3150992
4.342741
4.562517
4.4816904
4.3240495
4.514718
4.387856
5.246883
5.2257247
5.172915
5.152597
5.025744
4.7470355
4.4370165
4.471893
4.4039497
4.5172772
4.4127927
4.4563637
4.361399
4.358608
4.487968
4.5380793
4.52179
4.337428
5.151715
5.186372
4.3812523
4.4664936
4.3292794
4.968649
4.511648
4.408823
4.447572
4.4348044
5.1993775
5.2443094
4.2984476
4.8165884
4.4099627
4.3071885
4.3623195
4.4045377
4.4325895
4.346726
4.27552
4.4399996
4.819557
6.3147473
6.326516
6.213004
6.219174
6.1909056
6.21156
6.1950955
6.210182
6.2380996
6.251121
6.2269473
6.191597
6.206597
6.17682
6.22143
6.240378
6.2305326
6.2691193
6.235712
6.38397
6.2319627
6.3542166
6.3180194
6.354169
6.2684927
6.330325
6.2667923
6.331128
6.220923
6.237091
6.246262
6.4858966
6.7893734
6.931136
6.923063
6.8852963
6.840858
6.575266
6.432658
6.4858127
6.3724446
6.2761555
6.1688867
6.020399
6.083119
6.1023793
6.0202713
6.0523353
5.9251556
6.017323
5.8911037
5.957556
5.991365
5.94372
5.9271507
5.967901
5.9429774
5.994491
6.117416
6.051983
6.19035
6.2611527
6.3072395
6.3733215
6.41172
6.467495
6.4971395
6.558347
6.5106654
6.543954
6.6217837
6.611451
5.2118273
5.256684
5.291296
5.220936
5.3850045
5.2319627
5.3100166
5.1889052
5.3662643
5.2505817
5.354101
5.2149563
5.362154
5.204131
5.3555145
5.213361
5.372704
5.222718
5.380376
5.220359
5.392906
5.242059
5.3726525
5.2361684
5.389234
5.270508
5.431702
5.2590055
5.396908
5.287703
5.3206906
5.3861656
5.301777
5.3698893
5.3146434
5.381487
5.3548546
5.373422
5.269255
5.314866
5.339964
5.473505
5.4114814
5.4638968
5.4626245
5.4711356
5.517827
5.423142
5.5310035
5.528806
5.493273
5.5101886
5.576693
5.525126
5.6520576
5.650385
5.6275797
5.623784
5.717622
5.736749
5.6955442
5.7654905
5.6856513
5.7709866
5.7051225
5.78841
5.7542415
5.850005
5.751558
5.7707844
5.6347165
5.740293
5.7189236
5.746388
5.7136374
5.743926
5.6174135
5.7692785
5.71696
5.7200065
5.7176275
5.8243785
5.648175
5.708299
5.7862997
5.737609
5.8476024
5.7327533
5.8131843
5.6144876
5.73309
5.665558
5.730618
5.6288824
5.7078094
5.593141
5.6792088
5.575117
5.670576
5.595196
5.6798096
5.677606
5.7045355
5.6904144
5.7558227
5.7685547
5.7843847
5.747776
5.7912717
5.775877
5.7229886
5.718057
5.7273226
5.7094336
5.7768083
5.73914
5.7912006
5.768053
5.8035583
5.809198
5.772543
5.7538967
5.789279
5.724801
5.72702
5.695522
5.71464
5.6647882
5.6989675
5.6526346
5.732283
5.665943
5.7774386
5.675712
5.821984
5.7322083
5.7093673
5.636063
5.7647657
5.7007504
5.7781153
5.682047
5.7442393
5.6138787
5.705355
5.6105223
5.7041683
5.625968
5.724687
5.673498
5.68017
5.6337976
5.6881123
5.660775
5.589331
5.570389
5.585991
5.5619736
5.5919704
5.5622396
5.4995027
5.5325365
5.503811
5.544102
5.5357513
5.5523267
5.4718294
5.5798755
5.504524
5.5788198
5.4717665
5.501931
5.5561156
5.530904
5.5020638
5.4902887
5.5823436
5.4784527
5.5984
5.536811
5.570829
5.5028796
5.4926558
5.5108175
5.494098
5.4598055
5.4591947
5.4573207
5.506034
5.4578958
5.4067655
5.4194493
5.43452
5.40648
5.4674835
5.387488
5.438168
5.368246
5.430599
5.4981422
5.4799337
5.4242296
5.468528
5.4490037
5.425462
5.401636
5.4262075
5.5025787
5.4406548
5.4741263
5.35253
5.4019747
5.34831
5.300835
5.288419
5.3612895
5.342881
5.3621016
5.3903246
5.3893847
5.3213854
5.3693314
5.3863087
5.3564534
5.3032513
5.3343563
5.3340425
5.393241
5.341484
5.3438044
5.3243
5.3875227
5.322446
5.3261585
5.325161
5.3119073
5.3242617
5.3139267
5.345472
5.332464
5.3394585
5.388829
5.3658814
5.3668656
5.3029532
5.391425
5.408964
5.4344845
5.3644686
5.450354
5.4220834
5.472548
5.349023
5.4003587
5.4292154
5.416298
5.359408
5.4700856
5.358235
5.339615
5.3226027
5.307879
5.354603
5.3311157
5.368584
5.399239
5.4332986
5.4290543
5.4724884
5.543764
5.4577546
5.518834
5.5280466
5.502347
5.571977
5.668778
5.598173
5.6186066
5.5569286
5.6069365
5.5387716
5.603905
5.6236577
5.6523104
5.6603003
5.6671467
5.6583786
5.6239047
5.628986
5.6841707
5.639795
5.5817237
5.631186
5.597791
5.610186
5.6057854
5.6191654
5.6117854
5.6971364
5.683148
5.7007155
5.6206384
5.783287
5.679284
5.6761146
5.666107
5.6851616
5.716205
5.6960936
5.622188
5.647158
5.5254974
5.767128
5.618195
5.700841
5.584972
5.6310945
5.5977654
5.6639185
5.6223736
5.68624
5.5809884
5.645174
5.5655985
5.5874786
5.4621806
5.499025
5.4454637
5.459683
5.4452596
5.4267125
5.562989
5.320986
5.537869
5.3950944
5.587439
5.4348736
5.5511503
5.4178796
5.5862527
5.48882
5.4790792
5.525809
5.5471106
5.5817294
5.551396
5.6397276
5.639278
5.719006
5.7575846
5.731182
5.716851
5.782215
5.801162
5.873065
5.791591
5.6561193
5.7910066
5.701413
5.673961
5.7269773
5.677151
5.8357997
5.7523046
5.741343
5.766339
5.7200875
5.7418594
5.850754
5.7028155
5.809278
5.7241187
5.932968
5.8054194
5.893086
5.884245
5.8901505
5.9213343
5.96467
5.9848104
5.90106
5.912143
5.921859
5.8621097
5.9399614
5.9441137
5.866567
5.9933915
5.8911676
5.973607
5.687825
5.810544
5.7492595
5.8756175
5.8356876
5.7616835
5.8599143
5.857172
5.863772
5.7823224
5.909412
5.789139
5.9165535
5.762226
5.8185673
5.762132
5.740194
5.732814
5.732793
5.7341385
5.7832503
5.7407417
5.7714815
5.675454
5.7690454
5.6973324
5.8354
5.74635
5.819375
5.7041945
5.853013
5.699569
5.8063006
5.711042
5.7963395
5.744636
5.7798247
5.7522483
5.7534676
5.723313
5.751318
5.7559056
5.8036537
5.916978
5.731704
5.9029284
5.829873
5.869223
5.8430977
5.8431234
5.734693
5.8031597
5.7247734
5.873355
5.8411956
5.8708906
5.889401
5.853286
5.8824043
5.794144
5.8510604
5.840168
5.8635764
5.745373
5.75025
5.733976
5.776443
5.6199126
5.648439
5.7069488
5.6149807
5.6172595
5.551521
5.5755033
5.5207663
5.521965
5.561133
5.539035
5.510936
5.581481
5.4412932
5.4914675
5.4823527
5.5495234
5.519518
5.612065
5.4471545
5.603836
6.1877594
6.2647686
6.158529
6.2678795
6.2122025
6.380651
6.490361
6.477896
6.4276752
6.472388
6.619644
6.5791855
6.572297
6.5891066
6.6959343
6.7207108
6.7503552
6.9158926
6.787687
6.861381
6.7431545
6.666662
6.5120974
6.602768
6.4158087
6.386952
6.3199997
6.272207
6.299258
6.190593
6.307029
6.319423
6.394255
6.320745
6.346046
6.4450927
