10000
7.7511663
7.7336383
7.474722
7.2912226
7.1894417
6.899267
6.5796313
6.5403814
6.675042
6.906894
6.9860983
7.1260343
7.1691446
7.1728954
7.251561
7.314821
7.1587915
7.03864
7.1956244
7.199154
7.644444
7.709869
7.5958843
6.926891
6.2345257
7.2090306
7.5741596
7.577419
7.4143586
5.995137
0.31536013
0.30758667
4.4825373
4.6271696
0.26080322
0.27628142
0.36341995
0.40137547
0.43500245
3.1436465
2.1840856
4.4103208
5.4084744
5.375538
3.7767854
1.3652855
3.667258
0.6530308
2.1743126
4.6339583
5.265994
5.4140673
6.067113
5.6293025
5.2069106
0.25155458
4.5860453
4.6167383
4.3516436
4.402476
4.4236307
2.6264637
4.6691136
2.552127
1.234534
5.1969066
5.370401
5.5218697
5.151643
5.5818415
5.940212
6.1196675
6.3750362
6.678157
6.862958
7.1039577
7.675311
7.755924
7.389058
6.944842
6.0507593
4.3993273
4.9124985
4.7162085
3.3346481
4.4436216
4.013324
3.508023
3.0994468
2.2288842
3.0679178
3.283918
2.3853884
2.8549552
2.673147
2.788684
2.911853
3.0166683
3.1947744
5.274832
2.645063
3.0730503
2.9251995
4.8807616
3.3389275
2.8463285
3.3269205
2.925655
2.582122
2.8829565
2.9590445
2.9430616
7.72794
7.219322
6.9120045
6.8601623
6.9902277
7.5525827
7.746214
7.4744873
7.3204947
7.151235
7.4776025
7.890853
7.831172
7.7324286
7.615096
7.4911814
7.6209946
7.453051
6.953946
5.8657575
2.9105325
3.1095994
2.5135903
3.921134
4.256881
1.5405647
3.395446
2.9243717
2.9730306
3.175493
1.3474019
1.4553645
2.2806327
3.1280868
1.6930056
1.6361319
1.3868134
1.2997146
1.3979251
2.5311537
1.5964404
1.5704647
2.1107187
1.603724
1.0425141
1.5147389
1.3629069
1.9607395
1.3499708
1.597099
2.2084358
1.5235883
0.93564373
1.276373
1.2801372
0.80805516
1.0572339
0.827762
0.6341998
2.5707364
2.1765392
1.2029599
1.1385303
1.1683586
1.199913
1.8041618
1.6082858
2.0597267
1.4251653
0.8939966
0.83767396
0.9269546
0.95551693
1.2323018
2.7505813
1.5192974
0.8439107
2.850336
1.4137776
1.1730003
1.424163
1.5294187
1.8068246
1.6214579
3.594405
1.4474143
1.1025862
1.2694708
0.959131
0.67172617
1.1943537
1.3641057
1.573499
2.3908017
0.4785301
0.74324036
0.766995
1.3646
1.5949291
0.8712622
1.5393275
1.5665427
0.55315614
0.6615854
0.50991297
0.4640235
0.6080907
0.53543913
0.535035
1.2739367
0.6542381
0.4549355
1.0873592
0.55671024
0.4799857
1.0488749
0.6442314
0.36624986
0.33634815
0.49519455
0.71933097
0.3775889
0.71518165
0.5835849
0.38216013
0.45889926
0.59566593
0.46638918
0.5805116
0.5551151
0.39067367
0.4840609
0.37315083
0.35625017
0.3184164
0.36352375
0.43448395
0.48077482
0.35692665
0.38348523
0.36610436
0.33213887
0.5873118
0.5961865
0.31458557
0.2869345
0.2616317
0.32619056
2.6542377
0.35056633
1.7579715
0.3635872
0.28704202
0.2590664
0.30677205
0.29518783
0.3273356
0.32442495
0.3961772
0.33470637
0.33489093
1.3749136
0.33579618
2.000917
0.9669027
1.1719735
0.36596358
0.3172435
1.3537762
0.42904502
0.38133308
0.35775718
0.60163015
0.25505897
0.2503645
0.24215642
0.46087393
2.858971
0.2887671
0.27628684
0.3254885
0.43750036
0.32328546
0.32626614
0.3109503
0.36896333
0.9006009
0.35766137
0.29470962
0.2674128
0.26433513
0.33430764
0.39276966
0.27857807
0.269846
4.3678646
5.4403853
5.674094
4.9067755
2.8774853
4.8380055
4.6879854
4.5698147
4.466858
5.8164144
5.825508
5.779807
5.777924
5.7276015
5.6171017
5.8518248
5.8181386
6.253057
6.4809413
6.23409
6.3935504
6.60425
6.4120016
6.618217
6.3721056
6.486838
6.457948
6.0759077
6.022475
6.138085
6.386161
6.47647
6.7885003
6.7674284
7.1404896
7.611383
8.070877
8.124042
7.9812384
8.1996765
8.461895
8.228244
7.932719
7.691071
7.628545
7.632252
7.4766436
7.519159
7.5997744
7.4699326
7.301711
7.0525374
6.1358147
5.8620267
5.0620356
5.009526
5.5433707
5.5299034
5.795778
6.2882504
6.371484
6.1642065
6.0631533
5.9085793
5.714011
6.060265
6.08607
6.209234
5.958512
5.6796746
5.0275893
5.2979517
5.128336
5.218632
5.325466
5.2783213
2.7717018
3.124079
3.3336914
0.2823953
3.212416
3.048398
1.3361542
2.315524
0.89806783
1.2744911
1.7155454
0.8771214
3.5619974
0.7868563
2.7418833
1.2894433
0.93199944
3.1407003
2.669282
3.9487393
4.3924327
4.875178
2.9695137
4.789925
3.6267025
2.0614688
4.8055887
3.7301757
2.3560286
5.0763397
5.009535
5.3823314
5.55377
5.4535556
5.657122
5.6268864
5.754306
5.76522
5.8938975
5.855612
5.931295
5.869815
6.006658
6.075854
6.0823593
6.1506476
6.1470075
6.1421895
6.0603228
6.0851755
5.8652267
5.905511
5.8906407
5.930118
5.836207
5.8086834
5.6990876
5.3779173
5.140115
2.0206075
1.5890055
1.7116133
2.255372
3.6507783
5.3210773
5.3977203
5.2637415
5.081893
4.4072237
4.4698696
4.438554
4.382307
4.330831
4.2407517
4.09908
3.998217
4.166464
4.3283377
4.390068
4.694194
4.778669
4.929436
5.0133777
5.0953684
5.2148323
5.291292
5.1735196
4.775787
4.446534
4.532031
4.189552
3.891153
3.1704183
3.1758215
2.97132
3.2244117
3.2656915
2.6451774
2.0472314
1.8747989
0.38912073
0.6013431
0.6015194
0.7159037
0.7293415
0.7094889
1.0075032
5.3331594
5.165048
5.2321453
5.184718
2.1667368
2.0778267
1.9937239
2.5072465
2.3678763
2.0627327
0.8243805
0.86422765
0.36796275
2.1621916
2.3776464
2.119242
5.3166704
5.1794415
5.058735
5.1489983
5.078275
5.0324817
4.939233
4.644249
4.5324516
4.203279
4.1727347
4.197973
4.0897083
3.7389805
3.5509367
3.5505598
3.3935244
3.7149372
3.3804264
3.4860275
4.1267576
4.584531
4.7163954
4.8135448
5.0720015
4.8532863
4.5812697
3.8326175
4.03673
3.8809004
4.0687146
3.0604281
3.783441
3.4470003
3.3507633
3.4159803
3.5797908
3.6641986
3.741221
3.7638953
3.7912855
4.0372386
3.9731832
3.9980915
3.0433369
3.7453682
2.9501765
3.6357985
3.444233
3.462566
3.5057225
3.5146587
3.5408597
3.5997386
3.39015
3.0502937
2.4012017
2.302318
2.37953
2.4594514
3.1636171
3.5510244
3.331409
3.016071
2.717193
2.300886
2.2590976
2.1478477
3.0842159
3.396999
3.28244
3.5622938
3.3657022
3.182055
3.136556
3.0885398
3.0971434
2.9645915
2.6560829
2.8903658
3.0557656
4.2038317
2.9423099
3.1309512
3.128695
4.261191
3.3212729
4.3299084
4.480718
4.2206526
3.6749716
4.4181294
4.3077083
4.4639244
3.6595469
4.3572774
4.4114532
4.5968776
4.3967743
4.3747635
4.4142456
4.1596074
4.5057125
3.165504
3.7506664
4.0073457
3.9734578
3.9684381
4.255009
4.232415
4.1549063
4.0327506
4.2392626
4.2205048
3.9978302
3.9456866
3.6406715
3.8302689
3.7567098
4.2353377
4.936895
4.7414317
4.6964884
4.6690207
4.8574705
4.8982944
4.326075
4.0306635
4.2078314
3.9143116
3.5731153
3.607058
3.4996562
3.3704333
3.2581687
3.2724946
3.3606057
3.4603517
3.4955792
3.266145
3.0777233
3.28856
3.3382695
3.1983755
3.174174
3.31213
3.2453594
3.1961567
3.2364256
3.302954
3.3754325
3.609651
3.545548
3.7000062
3.5955215
3.5818715
3.5487483
3.7451863
3.9253688
4.174331
4.2032857
4.2671094
4.2493925
4.1154523
4.157104
4.0156975
3.8688736
3.9627347
4.066665
4.1380014
4.234566
4.2585373
4.5828123
4.7518654
4.850586
4.8711567
4.768334
4.917311
4.9757957
5.019493
5.0108066
5.080983
5.0115824
5.035859
5.282307
5.5048733
5.8108788
5.88174
5.7078204
5.783764
5.7906733
5.608667
5.668339
5.6941805
5.6631236
5.6779203
5.735759
5.8424172
5.919181
5.8856077
5.8176703
5.7965775
5.806968
5.971609
6.0046763
6.4796505
6.348347
6.536332
6.463594
6.385412
6.2910333
6.4408264
6.3732586
6.5526285
6.6217623
6.561718
6.724531
6.474807
6.5090184
6.273076
6.1753616
6.726741
6.4912786
6.4548
6.346285
6.5962944
6.326615
6.466647
6.263549
6.2293053
6.1030703
6.1420975
6.341076
6.2539415
6.037184
6.0280056
6.060642
6.2395525
6.4342537
6.488044
6.4391174
6.188136
5.9625955
5.9433227
6.099717
6.0591826
5.014021
4.851936
4.856455
4.671034
4.382663
4.016244
4.1291637
4.4738417
4.512418
4.361493
4.541725
4.504832
4.568569
4.604394
4.480505
4.699764
4.7854257
4.8746643
4.4947248
3.9640322
3.8666778
3.845807
4.0264993
4.1315117
3.903676
3.8944728
4.060566
4.2103353
4.3102484
4.2856693
4.3963437
4.3659077
4.394262
4.1711745
3.9858193
3.647376
3.7603855
3.597631
3.768819
3.8455293
3.9645114
4.156892
4.3016896
4.302226
4.1532617
4.305113
3.7095845
3.9553719
4.561984
4.696107
4.453223
5.1945057
4.8288593
4.981523
5.5190964
4.843194
5.7437205
6.308399
6.638279
6.9060593
6.882199
6.5331717
7.102819
7.1116643
7.437631
6.9221997
7.0441403
7.01377
6.805051
6.9015007
6.7838173
6.6322513
6.571074
6.7150135
6.6706886
6.4153466
6.0992846
6.0525475
6.0565763
6.2615285
6.2845855
6.4009657
6.272539
6.160718
6.1227207
6.1357374
6.467985
6.556509
6.2325773
6.592424
6.192785
6.3901834
5.456034
4.7311025
4.3919134
4.020958
4.0029755
3.7567868
4.713335
5.2979856
5.6951194
6.3008575
6.4034133
6.6204963
6.514873
6.557187
6.72701
6.7686477
6.6759844
6.4213147
6.4787226
6.619187
6.5967665
5.931828
5.432695
3.683694
3.568635
3.5392685
2.790024
3.3220465
2.3164883
2.605576
0.251888
2.6051352
3.9579816
3.004502
3.5420825
3.6112714
2.6402972
1.1267896
0.30541188
0.29767168
0.43373343
0.34825158
3.8303435
3.3019185
1.3473103
3.4316645
0.2558651
4.3940883
4.137904
4.2495275
0.86858624
2.8932188
2.2147455
3.6250708
3.353038
3.6997373
2.9859028
4.5891333
2.276279
4.4726396
4.2946544
3.973209
3.5135286
4.0356383
4.4624043
4.9742794
4.9789777
5.0921645
5.3776507
5.5064616
5.5437937
5.519284
6.1884956
6.593713
6.870184
6.9495945
6.7672215
6.541269
6.571642
6.6644897
6.7938824
6.8011036
6.7072053
6.3030763
6.28339
6.1627693
5.7145314
5.380378
5.2400584
4.930545
4.6731467
4.647267
3.0312176
3.1479132
2.9760017
2.653326
2.4655476
2.909903
2.9083629
4.130289
4.5351553
4.868668
4.9981203
5.2752614
5.150786
5.2095346
5.6791186
5.971717
6.102228
5.3895454
5.6815486
5.6369014
6.0030384
6.0558767
6.0115547
6.037371
6.1368537
6.1468134
6.0399513
6.0283685
6.116134
5.9457755
5.868499
5.755428
5.637593
5.338951
5.57808
6.180304
6.43023
6.615159
6.3047733
6.215023
5.9293537
5.770015
5.8588786
6.0632763
6.3289165
6.6215405
6.6866946
6.614434
6.8901324
6.5261354
6.5465193
6.8701744
6.367746
5.333862
5.8833475
5.8351507
5.7925653
5.8614407
5.537642
5.450982
5.480218
5.491176
5.2145667
6.0356283
6.6304054
6.5209208
6.7308216
6.5430126
6.3339753
6.1845365
6.195054
6.1485925
5.9690995
5.8164334
5.775385
5.8271465
5.842086
6.1427293
6.186701
6.202647
6.5128508
6.6923866
6.5192933
6.565362
6.8105707
6.8615665
7.2251425
7.248704
7.268329
7.2025394
7.3102427
7.3055205
7.222625
7.2989364
7.237896
7.353339
7.172587
7.2298512
6.9447155
7.019141
7.016345
6.99555
7.2418823
7.175396
7.4154425
7.3548207
7.450056
7.262872
7.1309295
7.606312
7.1198034
6.917955
4.525337
7.111819
6.815184
6.8494663
6.7825027
6.780429
6.6544676
6.4831457
6.3677034
6.1910815
6.0902023
6.037199
5.9653616
5.934928
5.8993793
6.004458
6.2464147
6.2459726
6.1314006
6.0255523
6.3234615
6.558941
6.63367
6.706209
6.7347355
6.674406
6.5872016
6.716028
6.6355586
6.4804683
6.5001698
6.5576005
6.4206185
6.4315767
6.449752
6.3713207
6.4473124
6.561614
6.69951
6.653012
6.7709155
6.6362934
6.86495
6.954522
6.9825854
7.170736
7.4379506
7.606026
7.711574
7.663002
7.7030807
7.6818213
7.4948206
7.5458345
7.3987837
7.200601
7.48338
7.5134015
7.633278
7.5446615
7.529752
7.3000584
7.25076
7.253519
7.3259006
7.115138
6.982854
6.88114
7.0655375
6.905751
6.992201
6.9786386
7.3207245
7.3931274
7.1537504
6.9786167
6.598504
6.4786716
6.670166
6.6062593
6.3251133
6.327898
6.3613844
6.453902
6.0952225
6.0413494
6.6490116
6.470671
6.073749
6.2317576
5.8841186
5.6442866
5.2097917
5.1915536
5.0539746
5.079428
5.088989
4.9463944
5.2503233
5.211254
5.41448
5.2392964
5.050431
4.7147417
5.080391
5.176606
5.055834
5.1177053
5.0773005
5.388118
5.506778
5.613764
5.7760077
5.7599964
5.7645464
5.5686893
5.6274934
5.6511154
5.6514378
5.413069
5.8968263
6.0931616
6.2398524
6.301984
6.2827497
6.279839
6.4562154
6.536536
6.535967
6.6886616
6.604088
6.638979
6.522719
6.5862355
6.3468194
6.2684407
6.1615176
5.9684978
5.8653874
5.7896037
5.754621
5.601683
5.562109
5.595301
5.6896696
5.612857
5.877715
5.7432327
5.8352723
5.502302
5.740386
5.8015814
5.75731
5.5849495
5.771976
5.739954
5.934942
5.9723473
6.142246
6.112934
6.1627436
6.1249394
6.2143817
6.3778944
6.2500863
6.171261
6.196918
6.021542
6.075848
6.303851
6.500544
6.4667187
6.3127437
6.445266
6.6773963
6.850093
6.890956
7.039109
7.004685
6.8403583
6.484204
6.3138123
6.2458005
6.102171
6.1552467
6.387959
6.380122
6.6839023
6.5916834
6.775942
6.9439225
6.986544
7.076062
7.022224
7.2022405
7.2617674
7.342499
7.3125715
7.5527925
7.5351152
7.536589
7.4938707
7.9988523
7.9555006
7.9964967
7.7542777
7.6786227
7.734645
7.587435
7.5442486
7.6049156
7.251335
6.7891736
6.6536894
6.9008327
6.8361025
6.801275
6.755344
6.5824986
6.523439
6.494262
6.584586
6.5917287
6.603886
6.650092
6.5286865
6.13222
6.1894183
5.979236
2.007285
0.7406187
2.4421942
0.9509328
1.3618442
1.5992856
1.7752382
1.8926526
0.8148409
0.73138887
0.6282967
0.66428745
0.61890256
0.6330226
0.56425667
0.7447621
0.6817292
0.67317694
0.59329146
0.47967947
0.54174083
0.6865667
1.5127257
2.2518883
3.6270688
4.144156
2.7336211
3.1456401
4.210427
1.6095291
4.4261303
4.334222
4.334279
4.403061
4.4644775
4.4570503
4.3849726
4.4462304
3.0461698
3.185079
3.9319406
4.4072824
4.6991167
5.108843
5.736603
6.7016315
6.8397393
7.1076617
7.0777674
7.2839746
7.2819695
7.1640787
6.9911823
6.8018217
6.6238623
6.428853
6.243367
6.038175
6.1288548
2.3977382
2.2828717
0.57160276
0.6779119
0.5431018
0.41992554
2.022458
2.5067904
5.7898746
6.095014
6.1733108
6.3220444
6.3120837
6.571973
7.050627
7.421889
7.736427
7.7283945
7.647108
7.5213537
7.14592
7.1066475
7.1108055
7.135364
7.1201735
7.2234
7.1197004
7.210181
7.248742
6.1512265
4.9725738
4.610904
4.3452725
4.4291015
4.0816503
4.984806
4.9377747
3.7026258
4.546654
4.0272613
2.7657928
1.0494262
0.5294952
1.2361155
1.7774388
1.5243397
2.5698314
2.2235699
0.8879403
2.8068223
2.7325673
2.791557
3.5269067
2.7012799
3.1343327
2.2322493
2.1115077
2.3745165
3.5608737
3.7669144
1.7878815
3.4200644
2.7393064
3.4087136
3.607066
3.5459504
3.5342999
3.6128068
4.1015396
4.1928716
2.3648858
2.1644433
2.1881635
0.6001583
0.50684667
1.7573582
0.87315315
0.91532177
0.37831172
0.28756025
0.6462823
0.6621162
0.5808806
0.3112791
0.73391783
0.7066482
0.78121835
0.6690182
0.7426834
0.57199264
2.196198
4.946875
5.703666
5.6335464
6.264667
6.257556
6.0197315
6.2568197
6.3767476
6.5717773
7.0393085
7.2857103
7.2443047
6.892249
6.4445105
0.44158897
0.16116242
0.1972106
0.14811315
0.16621485
0.23381254
0.19914976
0.18296249
0.16396941
0.25236768
0.29272157
0.3443696
0.3357899
0.38458222
0.5604419
0.73150164
0.940194
0.6584691
2.9830847
5.775292
6.870722
7.0174246
6.848345
6.7835765
6.654583
6.6097546
6.5679092
6.5460463
6.48376
6.398111
6.5962687
6.5434656
6.4833946
6.5507917
6.5846596
6.5952816
6.561983
6.659662
6.7102423
6.7570195
6.732831
6.7630773
6.847479
6.9377675
7.2078886
7.3432703
7.4174805
7.4292655
7.5317354
7.586032
7.5998793
7.5606375
7.564261
7.510533
7.5373306
7.538284
7.5154595
7.449296
7.563781
7.609041
7.4363875
7.4335804
7.409356
7.293459
7.2173815
7.128182
7.0034823
6.99084
6.938834
6.8853326
6.857993
6.781853
6.6970286
6.6609173
6.617206
6.507984
6.5126824
6.470122
6.4471693
6.4638133
6.5399237
6.5763445
6.632891
6.5848165
6.568264
6.5898294
6.5336967
6.6007204
6.6353855
6.6660995
6.7268753
6.835864
7.0344315
7.20107
7.272652
7.326205
7.3347383
7.40843
7.3984013
6.942648
6.9500895
6.9667206
7.0335217
6.98007
7.1900325
6.9114103
6.6443415
6.76449
6.6035905
6.459859
6.4846206
6.3637977
6.420135
6.32763
6.3740435
6.303964
6.2638116
6.2170224
6.23218
6.241075
6.438719
6.381398
6.6576166
6.631221
6.7104063
6.8534565
6.8665805
6.9026647
6.9213014
7.0537114
7.071961
7.102114
7.1147623
7.2537346
7.1823587
7.186268
7.110436
7.0636888
7.0726147
7.146273
7.197047
7.074341
7.0405664
6.878338
6.748637
6.7617035
6.4531393
6.4141655
6.1138473
5.8119583
5.5793724
5.522097
5.375843
5.63307
5.8528357
6.1040983
5.9359255
5.9597564
5.826897
5.8281717
5.6530333
5.564171
5.421224
5.5143085
5.5701632
5.6161175
5.737209
5.7790117
5.649461
5.6443152
5.7203894
5.747569
5.771122
5.9047537
5.8858924
6.063392
6.2103105
6.3795834
6.4746714
6.543293
6.6197834
6.719448
6.8152947
6.9873505
7.0854397
7.389324
7.6184015
7.5301914
7.5043936
6.735955
6.2517986
6.153735
6.5908523
7.044436
7.277338
7.105447
7.5547094
7.7228556
7.8219624
7.740776
7.5556183
7.193277
6.800813
6.4417067
5.8606715
5.702861
5.1999793
5.2343464
5.0343685
4.24021
1.2063496
5.6125174
6.248975
6.6789646
6.904591
7.00996
6.9939632
7.1952024
7.223993
7.153745
7.238703
7.006982
7.0608974
7.205517
6.8256464
6.9618454
6.9514008
6.946567
6.775655
6.8001575
6.7293386
6.9001245
7.078318
7.1710963
7.274168
7.21446
7.0504375
7.164005
7.1677876
7.279173
6.974736
7.215128
7.13558
6.7317166
6.7994294
6.8445425
6.5076056
6.5781097
6.3539143
6.481028
6.4804316
6.6456985
7.0318213
6.8835735
6.7401967
6.665271
6.6833286
6.6992974
6.579892
6.5311565
5.9432507
5.552997
4.2656326
4.046477
3.9437497
2.6911151
2.6873622
3.7488327
3.780441
3.5755467
4.16577
3.994684
3.9888928
3.1087465
4.438453
3.8208992
5.6933236
6.028731
6.1980376
5.654117
5.49086
5.758354
5.8985243
5.332303
4.4086323
4.379954
4.5771766
5.0706024
5.208228
5.1297174
5.6781425
5.9278207
6.172946
6.407399
6.614011
6.719567
6.723491
6.6637154
6.5623717
6.1276464
5.5025
5.9767456
6.413282
6.579062
7.122284
6.958615
7.171213
7.384319
7.636016
7.572209
2.8969707
2.3151624
2.2078946
2.283031
2.9333837
2.3813314
2.4480002
2.333908
0.19961308
1.5882964
2.3542125
2.1541357
2.5052066
2.4458387
6.2038207
5.5027866
6.631153
6.8291492
5.6171026
6.8590198
6.7873683
6.6698027
6.528245
6.4760303
6.2218285
5.8110375
5.772768
5.674405
5.957549
5.9280305
5.935447
6.0078816
6.024175
5.963301
5.8009405
5.4935102
5.2472258
0.2082518
1.895683
0.25601485
1.9318628
2.0467405
2.0999017
2.1654413
1.8178141
2.3685648
2.2155063
2.3126664
2.19366
2.315283
2.3097975
2.3609736
2.484313
2.2822971
0.20805658
3.108858
0.24626788
0.31310952
0.41982278
0.4779372
0.4660296
0.41508508
0.32464662
0.24219768
0.58219624
0.56857383
0.40500507
0.57480097
1.0921899
0.24633367
0.21587369
0.22906615
0.24887392
0.3232476
0.3160094
0.25805002
0.33590007
0.30475163
0.26540688
0.30607602
0.26900172
0.2617612
0.2703267
0.25058478
0.28718457
0.25843057
1.7264942
0.2824261
0.2676491
0.21735668
0.23976207
0.2731358
0.23399346
0.31328306
1.5530921
0.69957423
0.7602008
1.1741469
4.465928
1.6491182
0.5936106
4.0063953
5.894717
6.204565
6.3618126
6.3481445
6.380287
6.3421373
6.4585648
6.442535
6.5403666
6.52565
6.4833946
6.3225913
6.3031178
6.1257424
6.140005
6.196996
6.227374
6.30453
6.548648
6.4392858
6.5671673
6.555363
6.5219903
6.5813684
6.4478364
6.3879166
6.3454494
6.409631
6.476803
6.415424
6.1801004
6.2037954
6.27349
6.271577
6.2994175
6.408432
6.556861
6.865554
6.959548
6.83343
6.948204
6.985199
6.780237
6.8120165
6.7315707
6.8937435
6.779013
6.8529153
6.6631336
6.7308273
6.5996413
6.6582375
6.751452
6.8483386
6.918855
7.032462
7.012851
6.9144692
6.845831
6.745514
6.625733
6.6199875
6.589516
6.0228367
5.4176674
5.488898
5.654099
5.7055902
5.6286945
5.5845003
5.706461
5.9405003
6.296162
6.8065557
7.20315
6.8469124
6.511426
6.4778643
6.459957
6.541228
6.82687
6.851323
6.910555
6.7511344
6.7548265
6.598608
6.647264
6.7388654
6.471759
6.612193
6.6050806
6.6359415
6.8210554
6.940447
6.8327665
6.6288977
6.5644555
6.7186556
6.779803
6.9149766
6.888379
7.1621513
6.429312
5.9200373
6.1721153
6.349066
6.021068
5.8761425
5.3346467
2.6710215
2.8524237
2.80684
2.5265996
2.4343064
2.3769248
2.1899433
2.1549177
2.6989222
2.6083214
3.6125138
2.7237728
2.784449
2.9326448
3.70411
2.28923
2.9227803
4.7713904
7.250786
7.4300637
7.693673
7.526323
7.4306717
7.3634305
7.2701435
7.7079906
7.390016
7.001216
7.006385
7.1186104
7.0238137
7.1651597
7.262185
7.121603
6.8849316
6.735676
6.721651
6.7883162
6.7427526
6.479454
6.493443
6.1115875
6.1309214
5.8746643
5.6489515
5.2720976
5.0287776
5.0441365
4.7505527
4.220791
4.0824594
4.007615
4.0940647
4.105953
3.2984748
2.6151433
4.026613
4.0431805
3.166204
3.3453288
2.8838851
2.1265311
2.9393172
3.8462553
4.0845523
4.3648176
0.24429594
3.5579953
2.639267
3.2104628
0.2081335
0.17675246
0.18410219
0.15922776
0.13331254
0.32388225
0.35046354
0.16805555
0.13787095
0.1865206
0.23578362
0.14514199
0.14877307
0.09368296
0.1974253
0.13693
0.17117988
0.13890344
0.19280474
0.16947068
0.23532459
0.15015852
0.91775
0.17012718
0.23397711
0.5547387
1.4516265
0.7423985
0.23956572
0.270134
0.21392114
0.19957304
0.15993665
0.21979164
0.23032796
0.16753274
0.23853251
0.10171755
0.16182387
0.18862452
0.17623594
0.15963057
0.19277604
0.20275056
0.10700944
0.1314032
0.16951516
0.17164272
0.16103011
0.110841304
0.13339943
0.20299034
0.10714993
0.13268879
0.24037841
0.19532897
0.24603203
0.3449285
0.25401837
0.5351515
0.5208759
0.1801721
0.24878545
0.346671
0.30209532
0.25618127
0.30210918
0.23803711
0.22508073
0.22184157
0.27117833
0.2359093
0.17370689
0.15970583
0.18984619
0.23470648
0.44456598
1.0101286
2.4796867
1.6695325
2.9717994
4.0708494
4.714009
3.5075417
4.378247
4.36301
3.4791257
4.238345
4.157337
3.310032
4.178983
4.0476117
4.045779
5.0458117
4.061337
3.6644897
4.1439886
4.7141023
4.2523313
3.9550345
3.3321288
3.7872386
3.7873209
3.9362133
3.827213
3.4990609
4.2221704
3.2005284
1.3503736
4.176386
1.9252474
3.455134
0.6014848
3.7731063
3.9188852
5.4828343
5.116032
0.49838808
4.5665207
3.5778186
3.1812568
2.6066053
0.7928288
3.6793883
6.1516094
6.219966
6.5095987
6.5622425
6.406745
6.165394
5.83829
5.58869
5.7942095
6.0694795
6.142269
6.2620883
6.221336
6.235892
6.3453374
6.393999
6.184804
6.0219765
5.9628835
6.0565033
6.241514
6.511965
6.6228323
6.8257704
7.042712
6.996479
6.969974
7.1039534
7.164854
7.1627116
7.174324
7.1355896
7.1339808
7.1950746
7.1669693
7.003347
6.8008485
6.598123
6.4817033
6.597883
6.474345
6.844135
6.765198
6.896093
7.097879
7.0623474
6.9840984
6.724402
6.61726
6.6279817
6.5264683
6.5068116
6.6775703
6.883503
6.777871
6.6211085
6.7650886
6.7762156
6.6205072
6.588916
6.3362784
5.8624296
5.36536
1.1754239
1.1953974
1.1063867
1.161607
0.9843586
0.42723963
0.57620513
0.903354
1.1070482
0.7309535
0.8394667
1.1479622
1.236627
1.3263869
1.4767843
1.5375944
1.6302097
1.208647
1.1050072
2.6526067
3.3020778
1.5199522
3.2340713
3.464995
2.457651
3.7197173
3.552931
3.293666
3.4939728
3.2537909
3.462434
4.113777
4.6361895
3.1488395
3.1510334
3.245325
4.115377
3.2017047
2.9997861
3.0876877
3.376601
3.818659
3.7413664
3.8724034
3.5472815
3.6228442
3.676272
3.7847795
3.4302492
3.1716647
3.070413
3.0604215
3.270699
3.4575262
3.3171186
3.3006089
3.2673736
3.0414166
3.2631395
3.236759
3.75321
3.833228
3.7632828
3.8924208
4.062114
4.5054955
4.597277
5.182176
5.2542005
5.4610777
5.4764595
5.702257
5.436391
5.2615833
5.16944
5.1738524
5.646846
5.986206
6.078508
6.3975487
6.4846697
6.382827
6.2247686
6.144703
5.8483624
5.603424
5.590072
5.516377
5.3546896
5.3419285
5.1852226
5.474328
5.5803504
5.5305357
5.6731653
5.6784286
5.823881
5.7839847
5.8660574
6.072895
6.384962
6.4476895
6.660327
7.0082345
7.0057406
6.96772
6.6220098
6.6948557
6.5092564
6.050679
5.999872
6.007013
6.2187405
6.2917128
6.1720495
6.123108
6.2198586
6.578339
6.6189375
6.7440357
6.601876
6.614217
6.466226
6.391998
6.353828
6.4891777
6.6008334
6.6488113
6.6254015
6.648305
6.7110305
6.3540173
6.123966
6.06899
6.2038245
6.0230603
6.330737
5.7435465
5.51301
5.447204
4.9835954
5.690999
5.087661
5.6573434
6.379495
6.1844354
5.325859
5.7045164
5.7534556
5.814153
6.253111
5.9668036
6.198549
6.342644
6.4596767
6.9681253
6.920785
7.318569
7.653164
7.832946
7.79139
7.919259
7.8521833
8.068002
8.00991
7.267984
6.656644
6.5937433
6.6536164
7.006266
6.721556
6.562805
6.813812
7.012844
7.2918353
7.845094
7.7894406
7.719001
7.666229
7.6237864
7.4634547
7.15222
7.320149
7.346721
7.352912
7.193213
7.008711
6.9094768
7.2589226
7.2167344
7.323554
7.365886
7.3871717
7.2423
7.522888
7.6932955
7.777969
7.8513203
7.9353848
7.782776
7.660824
7.486394
7.4731855
7.383811
7.411192
7.2716165
7.210557
7.263802
7.1989865
7.2942057
7.4133816
7.5206738
7.2668796
6.709711
6.3365574
6.614194
6.5327806
6.6186647
7.072177
6.8921576
6.76126
6.787879
6.6629996
6.697668
6.5928206
6.746545
6.768972
6.8590436
7.0420465
7.07557
6.928993
6.9090962
6.8815956
7.056523
7.0990543
6.8600817
6.776847
6.6802907
6.8467655
7.179723
7.1277537
7.161529
7.276384
7.3654957
7.5150256
7.4171705
7.5244493
7.3001947
7.216147
7.3201385
7.1631837
7.054039
6.968431
6.8615985
6.760831
6.6476994
6.526978
6.6520953
6.6950016
6.617515
6.585678
6.427372
6.386009
6.289506
6.2789035
6.16244
6.098563
6.104987
6.130436
6.1689577
6.0607724
6.1050816
6.0333447
6.1903386
6.1552978
6.0577536
6.0236635
5.9149046
6.032705
6.008624
6.021983
5.9389815
5.973483
5.9441204
5.992186
6.031722
6.1435776
5.987624
6.1131334
6.0341673
6.0861
6.2994833
6.316312
6.314353
6.424092
6.7164536
6.715696
6.767064
6.7607985
6.7343416
6.703595
6.9529285
7.198432
7.329801
7.5193624
7.5211563
7.538705
7.4877763
7.3419676
7.353644
7.597873
7.2613325
7.2725554
7.166152
7.194788
7.0801926
6.811184
6.814523
6.725949
6.646668
6.730007
6.631787
6.649096
6.7656484
6.755115
6.7271457
6.812152
6.5820193
6.4685316
6.551765
6.51031
6.4882703
6.4038405
6.374413
6.3546176
6.246442
6.454836
6.4266925
6.4037237
6.5663223
6.7116456
7.1168585
7.1070967
7.06388
7.1314926
7.2938466
7.3224316
7.367464
7.5639315
7.597892
7.4858694
7.4949064
7.5690584
7.814499
7.799347
7.76548
7.818663
7.7149363
7.537852
7.171411
6.950471
6.7367616
6.6713223
6.5566645
6.3686953
6.281804
6.041924
5.9577947
5.9306626
5.9345465
5.971283
5.8912053
5.797836
5.783536
5.72758
5.832141
6.004297
5.9023476
6.104213
6.1131287
6.212737
6.212976
6.2374735
6.3142633
6.467729
6.637378
6.774086
7.0727215
7.409886
7.658691
7.8202925
8.0235405
8.050412
8.24299
7.9518466
7.983457
8.060259
7.8036966
7.8652678
7.678056
7.6619167
7.4929104
7.4565954
7.3280735
7.2953944
7.4058332
7.435262
7.368985
7.434519
7.488522
7.2180862
7.144721
7.09708
7.296596
7.168347
7.1797576
7.197409
7.1485386
7.195255
7.2683587
7.3584123
7.7535124
7.6883826
7.8087797
7.7972875
7.7927003
7.7356787
7.678874
7.826318
8.14585
8.096443
8.216687
8.081477
8.07397
