10000
9.127787
9.237339
9.192933
9.400251
8.924651
8.979169
9.303621
9.143334
9.288082
9.190903
9.101267
9.146957
8.96075
9.052393
9.05073
8.948616
8.835332
8.651088
8.737596
8.808561
8.737021
9.031337
8.938594
8.669904
8.637942
8.496958
8.630328
8.524183
8.505781
8.263124
8.211666
8.1558895
8.358337
8.497126
8.436264
8.527546
8.633093
8.384263
8.865999
8.652437
8.64943
8.383401
8.490876
8.619643
8.734443
8.451989
8.339081
8.744383
8.748729
8.735376
8.87012
8.829724
8.85479
8.82805
8.7623205
8.773772
8.789803
8.881706
8.794476
8.781947
8.784873
8.850273
8.7644415
8.745443
8.815363
8.720582
8.679265
8.693654
8.568496
8.687887
8.645616
8.500792
8.796103
8.675664
8.780859
8.703588
8.829639
8.815722
8.883268
8.845203
8.831345
8.834725
8.691317
8.731329
8.723717
8.620288
8.66275
8.667093
8.66501
8.72093
8.706739
8.708505
8.578754
8.590668
8.566028
8.644236
8.6141205
8.604949
8.544366
8.358913
8.467902
8.400184
8.760496
8.588151
8.45771
8.557268
8.584909
8.5357685
8.5968685
8.643648
8.582461
8.647244
8.694012
8.677563
8.766079
8.80623
8.771394
8.78038
8.623205
8.609898
8.556456
8.389739
8.422105
8.456352
8.37291
8.339344
8.470486
8.620353
8.534639
8.511654
8.535322
8.557374
8.496249
8.367115
8.434965
8.431707
8.45691
8.406258
8.49933
8.472472
8.594536
8.715666
8.7809305
8.849515
8.661643
8.822121
8.87819
8.889329
8.78208
8.750099
8.743676
8.709786
8.84445
8.744994
8.847858
8.485472
8.318561
8.265938
8.340072
8.506198
8.537747
8.727784
8.796745
8.827279
8.85061
8.707622
8.845174
8.891986
8.873906
8.818883
8.628329
8.694814
8.643448
8.565095
8.470393
8.502598
8.369924
8.504987
8.5240135
8.41911
8.414885
8.405298
8.38711
8.500768
8.466912
8.519143
8.586726
8.710473
8.562944
8.671988
8.849221
8.776601
8.71142
8.558474
8.365812
8.361824
8.357162
8.460438
8.323714
8.646438
8.409857
8.511326
8.383627
8.296768
8.128922
8.088106
8.062096
8.071298
8.117979
8.012078
7.981717
7.8286
7.8370285
7.778185
7.7531624
7.758862
7.8385563
7.828744
7.9241395
8.058422
8.142295
8.017147
7.977375
8.012466
7.833705
7.771217
7.697807
7.701039
7.6270146
7.698093
7.6940975
7.724463
7.813842
7.844394
7.9378324
7.849988
7.821801
7.8231926
7.9184246
8.049479
8.134421
8.015796
8.129331
8.053051
8.017728
7.994608
7.893813
7.9406366
7.895893
7.5256596
7.78494
7.5812063
7.8514314
7.6814237
7.8643036
7.9181156
7.849182
7.9121776
8.055623
8.03011
7.9905014
7.903394
8.086809
8.055786
7.8919673
7.9915667
8.118226
8.054339
8.091423
8.290121
8.4317875
8.381284
8.439154
8.355868
8.468558
8.27461
8.200717
8.201253
8.147504
8.219752
8.216738
8.420229
8.444971
8.4191475
8.593317
8.398229
8.124969
7.958645
7.9273634
7.9590764
7.9312916
7.9954424
7.958993
7.9782467
7.9974113
8.108925
8.018586
8.223178
8.268423
8.229875
8.261651
8.118757
8.256743
8.138027
8.042199
8.01788
7.980843
7.9311123
8.099622
8.00458
7.8270826
7.742971
7.7168536
7.874225
7.8661785
7.6263022
7.8984885
7.7424994
7.8761272
8.013563
8.200879
8.100257
8.107591
7.690969
7.463122
7.403575
7.4186726
7.505205
7.603936
7.7116394
7.6550283
7.565827
7.390774
7.5245056
7.6180263
7.544406
7.5341105
7.5524907
7.7341976
7.673466
7.5882225
7.496424
7.5214987
7.492515
7.5673404
7.684962
7.8842554
7.9745264
8.201459
8.14433
8.259208
8.327937
8.391161
8.324776
8.349377
8.252997
8.243091
8.276329
8.2537
8.1866455
8.271399
8.111681
8.133135
8.003209
8.003014
7.8991776
7.8806148
7.873359
7.6888623
7.4677296
7.5849338
7.4870377
7.271591
7.3779364
7.3203063
7.4463463
7.333854
7.388511
7.493518
7.3273606
7.5470896
7.6403255
7.6155033
7.7370787
7.7177253
7.8798738
7.9715934
8.019771
8.090391
8.054007
8.088375
8.009951
8.009669
7.9355454
7.766909
7.6930447
7.964565
7.672788
7.5845838
7.82852
7.983559
8.108878
8.252731
8.384734
8.443638
8.302247
8.247443
8.015524
7.851332
7.713521
7.4401884
7.4876156
7.443242
7.2829204
7.3644366
7.3920565
7.3861156
7.4601927
7.5508513
7.646725
7.6952453
7.663326
7.5185375
7.471901
7.491184
7.4515066
7.517384
7.6844487
7.3261547
7.457917
7.5449505
7.478554
7.6184654
7.2056675
7.2693624
7.4087753
7.160029
7.1382513
7.0877414
7.4358172
7.2032824
7.1500645
7.037183
6.901585
6.9174266
6.8019385
6.5650806
6.471745
6.210541
6.2514725
6.2496557
6.158805
6.2984395
6.2424455
6.3964133
6.4667583
6.6210365
6.7272496
6.6310487
6.630042
6.487059
6.4439588
6.3618956
6.3399334
6.4752316
6.275493
6.247994
6.4003396
6.7967873
6.6852317
7.0122075
7.2530355
7.045227
6.8644733
6.606897
6.236472
5.9598093
6.037102
5.921297
6.04013
6.4144316
6.232284
6.1798654
6.4285183
6.2614536
6.3650393
6.3944197
6.171111
6.1385813
6.1573367
6.2098656
6.1663837
5.9779906
6.2251678
6.0581436
5.8178835
5.7122693
5.5281324
5.2951493
5.142581
5.2097807
5.162008
5.304763
5.2422557
5.1745205
5.434345
5.455937
5.375205
5.4577417
5.509721
5.4159007
5.416341
5.3070693
5.243495
5.2539606
5.2294245
5.299861
5.275476
5.178911
5.387127
5.328585
5.067556
5.5873313
5.3708196
5.528117
5.2670455
5.3906527
5.1029468
5.1475224
5.298851
5.553108
5.58838
5.900009
5.970415
5.9818172
6.0636907
4.665949
5.4152145
5.092452
5.4754543
6.1824474
6.381331
6.2292743
6.0987253
6.0274024
6.0451746
6.1557703
6.1589594
6.371703
6.5025177
6.321022
6.339468
6.238761
6.4471235
6.3468504
6.5956554
6.924518
6.6925545
6.6667986
6.2618356
6.1160893
6.4632087
5.7335634
5.7039866
6.0660777
6.3457117
6.2393413
6.437144
6.2296824
6.278833
6.25871
6.331017
6.38792
6.3089814
6.0693126
6.542772
6.505804
6.7254558
7.048857
6.6946
6.449749
6.47682
6.723054
6.412212
6.231321
6.0394163
6.1409965
6.1778817
6.3241625
6.321927
6.4238
6.6063104
6.462817
6.471309
6.3570538
6.5853767
6.4933214
6.7254395
7.1099
6.821043
6.9789944
6.746105
6.84324
6.8230023
6.687869
6.507728
6.355484
6.291829
6.3094172
6.2281237
6.2685895
6.258867
6.473273
6.509906
6.4074183
6.588597
6.5968447
6.6293645
6.750592
6.767577
6.868023
6.754408
6.8679924
6.9543447
6.7589817
6.924494
6.593192
6.847919
6.8102555
6.5161185
6.546103
6.417015
6.360411
6.3325305
6.339542
6.393232
6.402167
6.3263655
6.520202
6.437337
6.733279
6.900192
7.08236
6.9284744
7.071649
6.993506
6.7275133
6.968942
7.3468595
7.032836
6.8032537
6.86766
6.867302
6.854335
6.8838716
6.9623094
7.023499
6.8791966
6.5888143
6.8388734
6.7979803
6.634925
6.838614
6.541485
6.455342
6.3925962
6.6109447
6.592552
6.797326
6.883961
6.5533767
6.290063
6.191462
6.2924833
6.0481234
5.818281
5.7114096
5.6490593
5.4375553
5.2117376
5.0981665
5.2197633
5.3843236
5.495786
5.49847
5.2725396
5.4472437
5.4826064
5.4057093
5.2524166
5.0561357
5.5465684
6.2165065
6.67622
6.9501014
6.5563383
6.0064173
5.6610994
5.370815
5.3330297
5.2053146
5.1001725
5.4445477
5.592602
5.6777635
5.9372606
5.927031
6.0235257
6.0728726
6.0613165
6.1666336
6.446782
6.781431
6.7436943
6.831822
6.7393274
6.819089
6.981353
7.1474977
7.1935177
7.0462427
6.918228
6.965548
6.8755293
6.94569
6.685942
6.6606517
6.5198092
6.18775
6.133317
6.1406612
6.353037
6.0907683
6.3960023
6.160731
6.1144767
6.2226295
6.0172567
6.047544
6.1599054
6.121171
6.119206
6.4134407
6.482329
6.459517
6.3256607
6.390212
6.485556
6.522851
6.5621753
6.756321
6.6671104
6.5067873
6.3335648
5.8506413
5.763041
5.960709
6.0952597
6.251519
6.359282
6.413286
6.4412947
6.267544
6.282529
6.1574383
6.3925095
6.345912
6.1477885
6.161072
5.73368
5.562621
5.5419006
5.7265544
5.889014
5.6013904
5.2668552
5.0513515
5.051565
4.953043
5.052152
5.305546
5.3342385
5.577408
5.4736586
5.4923143
5.609796
5.591885
5.499072
5.8422937
5.5438323
5.524748
5.3695426
5.426122
5.7545385
5.557563
5.5808587
5.6791387
5.922422
5.8440413
5.9466143
6.145297
6.0161886
6.236099
6.229218
5.8625364
5.8349338
5.7352443
6.023885
6.0658374
6.043963
5.9322414
5.892739
5.8812695
5.773337
5.7475605
5.626757
5.9816713
5.802847
6.303357
6.0538306
6.009142
5.9135437
6.0254846
6.203532
6.4311113
6.364753
6.4610405
6.536351
6.345597
6.1791053
6.3302965
6.256963
6.5292425
6.6671057
6.6757593
6.70442
6.429879
6.6720595
6.7830606
6.6295805
6.806383
6.652454
6.9167957
6.9305553
6.640527
7.018516
6.8905296
6.895336
6.9147353
7.012416
7.0618563
7.0438414
7.204029
7.314291
7.5201354
7.4432664
7.39328
7.2332487
7.5275497
7.374315
7.218301
7.110923
7.023656
7.092564
6.9696608
7.170887
7.164529
7.352885
7.077273
7.3267474
7.1845403
7.1831117
7.1857066
7.2125382
7.219816
7.1596575
7.1138816
7.0843005
7.1240444
7.127014
7.217003
7.1300573
7.2271957
7.355607
7.2470694
7.1896753
7.053775
6.923936
7.327078
6.7806883
6.716737
6.338332
6.0614643
5.989681
5.931551
5.8970404
6.1722426
6.054303
6.0147314
5.9449143
6.1808147
6.2457767
6.4416723
6.258839
6.601194
6.379765
6.779079
6.3892326
6.7193885
6.5381455
6.739786
6.7766447
6.685895
6.74523
6.943878
7.0244737
7.356104
7.068766
7.033426
6.9104433
6.9848437
6.752815
6.6827574
6.724121
6.541027
6.881613
6.847863
6.9680543
6.8241053
7.034255
6.8080993
6.956911
6.888124
6.9530206
6.8898168
6.9978495
6.913269
6.972777
6.9602776
7.04109
6.9454384
7.2070584
7.224085
7.0393705
7.18316
7.2197933
7.231489
7.268467
7.4938107
7.3427415
7.005019
6.9966526
6.7693524
6.9908895
7.2668915
7.1786103
7.1688557
7.1511855
7.0918818
7.089808
6.808148
6.5474887
6.5268745
6.681135
6.72585
6.458195
6.484846
6.4733076
6.787728
6.5521564
6.7660894
6.35766
6.4384027
6.7512174
6.906745
6.8068924
6.5218763
6.2030363
5.958794
6.216165
6.4038343
7.01496
6.991373
6.970827
6.6102505
6.8336573
7.045742
7.049038
7.0283966
7.0353026
7.0169144
6.767755
6.926461
7.1132765
7.209951
7.315049
7.120551
6.9222336
6.9920673
6.8657627
6.578267
6.644783
6.9463234
6.6862397
6.552499
6.5907335
6.68503
6.591684
6.712498
6.500271
6.8033276
6.731526
6.8728733
6.7822666
6.8607335
6.8355
6.710541
6.9683228
6.9771366
6.9862227
6.9027786
6.792574
6.5624156
6.4466276
6.319619
6.211941
6.5139074
6.51937
6.487858
6.2612853
6.4372587
6.615372
6.5508165
6.8369336
6.6291294
6.4574685
6.614379
6.7446737
6.7577047
6.8060164
6.6416063
6.4682493
6.6213026
6.5313783
6.837978
6.840557
6.872222
6.829844
6.784934
6.692479
6.856888
6.6736107
6.561747
6.7770395
6.568492
6.6678314
6.231147
6.271703
6.1945934
6.2113256
6.161565
6.268322
5.7070017
5.8664136
5.6622534
5.771465
5.628021
5.6165786
5.91919
6.475363
6.8627634
7.1431417
6.698047
6.7036934
6.737975
6.887947
6.95462
7.021269
6.907149
6.757899
6.3845673
6.029375
6.318513
6.220443
5.9653296
5.9841022
5.871197
5.8870816
6.1459126
6.0082803
6.136733
6.950034
7.184965
7.035427
6.8336735
6.6833777
6.848014
6.891625
6.9578342
6.9765916
6.9717417
6.870575
6.8704996
6.948551
6.670152
6.6581054
7.001626
6.8229113
6.5528955
6.0772524
5.603608
5.5214863
5.5035796
5.715831
5.9282503
6.0940075
6.0200725
6.1682677
6.2652245
6.298812
6.160999
6.3152676
6.1408677
6.4625616
6.719181
6.5861673
6.5197215
6.460517
6.4933014
6.5071726
6.3764715
6.505375
6.6730223
6.7180424
6.7566066
6.805556
6.8493204
7.013402
7.0127583
6.834147
6.9447985
6.8485975
6.716885
6.770816
6.751091
6.770709
6.7861996
6.697907
6.5282917
6.449563
6.303301
6.365394
6.1758914
6.1736207
6.289139
6.049094
6.125629
5.8616657
5.833281
5.939664
5.7885966
5.7226653
5.899913
5.8309493
5.960867
5.9474564
6.057045
6.5030622
7.222329
7.3469453
7.123517
7.035355
7.0270147
6.9221535
6.8610044
6.7731156
6.441947
6.526633
6.6723795
6.4817657
6.6171336
6.750897
6.68331
6.75283
6.777917
6.888002
6.842964
6.906151
6.8867927
7.0018253
6.9117527
6.774288
6.8821664
6.7713976
6.733511
6.5681834
6.6954727
6.5829997
6.6472573
6.817754
6.796436
6.865612
6.760575
6.976288
6.9021263
6.932995
6.68713
6.6372447
6.584023
6.762122
6.8722553
7.051733
6.8793755
6.892276
6.960292
6.9432693
7.023589
6.7499294
6.8023643
6.67583
6.830429
6.728366
6.7824907
6.7527366
6.96695
6.911714
6.994788
6.9960318
7.0648556
7.1649227
7.1489515
7.182625
7.2766314
7.396447
7.503142
7.3946824
7.3880925
7.487691
7.360494
7.4989157
7.4398437
7.6269174
7.50166
7.5963
7.2044773
7.3421297
7.3480916
7.401019
7.3330836
7.233574
7.1856356
7.0578218
6.8863707
7.0013685
6.914681
7.043756
6.863204
6.8236957
6.6266794
6.6273823
6.79789
6.9789515
7.301689
7.231902
7.142165
7.0641527
7.091822
7.0465765
7.0843
6.984944
7.1127996
7.0430913
7.0764847
7.14038
7.1503825
7.0969505
6.8848095
7.0949183
6.9986753
6.977254
7.0214562
6.9437757
6.8108745
6.7852683
6.7966566
6.7315154
6.7741804
6.5041957
6.6799383
6.2131476
6.359627
6.2347684
6.2435136
6.238025
6.268513
6.119298
6.0406613
6.0720234
6.07666
5.886809
5.6591725
5.294752
5.8478065
5.868116
6.0390944
6.0793033
6.228735
6.1961765
6.096458
5.881801
5.8215294
6.120914
6.120566
6.46002
6.4571247
6.564209
6.495266
6.289664
6.518669
6.4561357
6.5636735
6.4423456
6.6484566
6.4389668
6.625234
6.633165
6.507241
6.5732517
6.5465527
6.594676
6.650585
6.633326
6.0839176
5.976179
5.974777
5.852633
5.927703
6.1253724
6.229656
6.0693007
6.085073
6.070297
6.153332
6.3016915
6.317805
6.3710313
6.4480653
6.6815724
6.7033925
6.7143793
6.8575892
7.100936
6.732549
6.5021334
6.557491
6.6947207
6.6493034
6.4874206
6.468396
6.57437
6.562414
6.622805
6.4693503
6.469139
6.4536033
6.4714518
6.6015115
6.7521925
6.8021493
6.7119837
6.612458
6.33414
6.412794
6.3588967
6.7217484
6.678168
6.82708
6.897803
6.770535
6.5516906
6.440786
6.48459
6.5534697
6.603662
6.513756
6.5364127
6.371826
6.6440897
6.722645
6.6202493
6.5746593
6.6387653
6.3103285
6.313876
6.3646836
6.2214165
6.327283
6.1304536
6.2220635
6.5535207
6.27973
6.3905554
6.427609
6.286131
6.119825
6.3049994
6.3122168
6.314606
6.3613353
6.0865836
6.0535116
6.105529
6.1468973
6.3211656
6.4028125
6.3535495
6.2507234
6.1913404
6.408087
6.475265
6.6065865
6.4457984
6.3555703
6.3260093
6.1190104
6.1270046
6.027625
5.909831
5.8498015
5.813595
5.764958
5.7654343
5.8691134
5.8190536
5.7454214
5.77522
5.695279
5.6729484
5.805318
5.759824
5.700824
5.628234
5.3379817
5.1681695
5.039297
5.128481
5.1113873
5.0601597
5.167902
5.335994
5.6875234
5.969404
5.8970995
5.9702883
5.8281016
5.8708763
5.884206
5.749591
6.2454996
6.354761
6.221444
6.058598
5.9573555
5.608996
5.550726
5.512681
5.5726395
5.61607
5.8044043
5.485731
5.5392203
4.9574184
4.9532356
3.241684
4.8341646
3.4116256
5.803378
5.386705
5.2369714
4.929425
5.0623775
5.1415267
5.267875
5.4252048
5.5109196
5.4191885
5.3768845
5.453853
5.5540338
5.484052
5.416952
5.3428135
5.168245
5.17214
5.2404995
5.125617
5.0618467
5.1279187
5.179958
5.135941
5.203196
5.0025997
4.926626
4.816923
4.846987
4.455028
4.4601984
4.454747
4.6081347
4.5543513
4.9855022
4.9157853
4.971309
5.0077972
5.055521
5.095339
5.0005956
4.792088
4.4312735
4.951041
5.0027204
5.0844564
5.2094717
5.2286835
5.1249156
4.8815866
4.6289396
4.466592
4.350879
4.128723
4.197628
4.288757
4.287342
4.297269
4.5557055
4.495131
4.4182167
4.61098
4.745573
3.513131
4.848886
4.8484464
2.9219596
4.9486694
4.643284
5.0012827
5.0987988
4.713824
4.976078
4.921322
5.140745
5.142492
5.573333
5.393137
5.6238246
5.462211
5.4701667
5.3862076
5.5395856
5.4339557
5.3509545
5.2327375
5.4046936
5.261483
5.429746
5.457509
5.4900565
5.2157884
5.1432705
5.060238
5.036955
4.6969767
5.0268435
1.4837775
4.963196
5.000177
5.0429063
4.9231524
5.2471848
5.2398815
5.235098
5.2936234
5.246015
5.292167
5.3125362
5.2947874
5.0668235
5.031255
5.0339203
5.2293177
5.3144383
5.4443874
5.7255926
5.9450555
6.1583257
6.0331583
5.9407234
5.706412
5.3167863
5.262017
5.3709784
5.2969623
5.1566854
5.1258736
5.3766866
5.558355
5.9638534
6.103949
6.0263658
6.023117
6.1124625
5.8623757
5.9781446
5.8700457
5.7928
5.7971134
5.9539456
5.8844867
5.81901
5.6417027
5.9313307
6.3139687
5.9898276
6.0791874
5.756276
6.036412
5.9324
6.037256
5.7507668
5.79042
5.614389
5.79455
5.933055
5.9569683
5.8608413
5.861535
5.944533
5.9282
6.0137253
6.0404854
5.908599
5.9101367
6.0855765
5.991321
5.846457
6.007642
6.0826564
5.71109
5.615012
5.761063
5.9713416
5.875804
5.9482565
5.8613386
6.109982
6.3708277
6.5345087
6.614991
6.5472
6.3911633
6.609423
6.8591948
7.345249
7.338981
7.243598
7.2139955
7.055693
6.696453
6.845484
6.71498
6.574234
6.432936
6.6118927
6.7636423
6.5930066
6.3082128
6.1109843
6.0443444
5.922083
5.951721
5.7950606
5.770483
5.6528497
5.5717263
5.664717
5.541313
5.4555354
5.5637555
5.6235986
5.830082
6.047769
6.08926
6.109915
5.9159617
5.781203
5.6717443
5.8011255
5.8665867
6.11375
6.19781
6.147982
6.0269175
6.447264
6.729837
6.764675
7.1355596
7.3166075
7.36891
7.572692
7.731396
7.8898005
7.6424217
7.1552296
7.14149
7.1326957
7.3063765
7.088055
7.054473
6.808445
6.8865976
6.82835
6.8750134
6.9396405
6.5954556
6.5389423
6.362329
6.1895466
6.1331615
6.1561885
5.9990234
5.896589
5.840023
5.8062415
5.455242
5.4925733
5.5855927
5.731867
6.0122733
6.20058
6.5864987
6.464827
6.6884966
6.9220986
7.0173826
7.1505346
7.1522784
7.292801
7.5587482
7.6059113
7.6041083
8.002241
7.9358644
7.7394753
7.2904615
7.2325296
7.3019056
7.478426
7.562762
7.8157554
7.7549725
7.679299
7.6102414
7.5105295
7.6117935
7.439118
7.5212626
7.2015524
7.2688484
6.919005
7.0748205
7.0859346
7.1148777
6.8057694
7.0892324
6.698996
6.6952767
6.4310274
6.4273047
6.2010627
6.384852
6.6880054
7.0941944
7.1373415
7.3676357
7.075414
7.0180883
6.8781576
6.6822944
6.7483263
6.81666
7.067304
7.195619
7.083022
7.24139
7.4187517
7.7363763
7.973309
8.156037
7.907087
7.5886307
7.3747225
7.3513665
7.691531
7.8464947
7.8021755
7.5918574
7.660625
7.5711184
7.528669
7.3660564
7.284711
7.1931553
6.8623447
6.900682
6.6034875
6.736656
6.2625484
6.4816127
6.222085
6.262363
6.1045055
6.2779174
6.1576686
6.1166434
6.3296947
6.2620564
6.6835217
7.1164045
7.048591
7.176359
6.8847184
6.85585
6.740277
6.7912498
6.6512365
6.6336946
6.738
6.6939483
6.405408
6.1802526
6.2493963
6.1847515
5.996437
6.0880547
6.2277412
6.547223
6.7721953
7.190831
7.2591457
7.282361
6.8705177
6.5619206
6.433561
6.278734
5.9656606
6.2133694
6.3942
6.7664094
6.4070487
6.6037064
6.3948765
6.750013
6.9793606
6.922991
7.0848274
7.0952673
7.049039
6.859761
6.973389
6.882543
6.9938626
7.031147
7.0811605
7.059377
7.145536
6.9314938
7.011245
6.8773613
6.640032
6.591953
6.452465
6.6400194
7.095751
7.127241
7.347437
7.4267364
7.6149473
7.7619977
7.781013
7.795179
7.848384
7.844714
7.685167
7.885201
7.757058
7.8200026
7.9667296
7.724946
7.64344
7.915186
7.768399
7.773145
7.5628176
7.723485
7.5997124
7.7307463
7.5890484
7.6283407
7.5678806
7.4524503
7.40249
7.444331
7.376763
7.234416
7.0962124
6.965663
6.873754
6.8309603
6.8711157
6.8644137
6.624945
6.50101
6.4114003
6.3808317
6.261966
6.498542
6.777833
7.287932
7.0730186
7.4987254
7.237597
7.596714
7.39912
7.6219673
7.709659
7.800809
7.868691
7.798502
7.978271
7.9375734
7.9591136
7.9968033
7.848797
7.5694957
7.158711
6.9973483
7.21499
7.1099854
7.229037
7.1015806
7.0846953
6.977646
6.700916
6.7853804
6.587213
6.740109
6.466462
6.5992527
6.272601
6.1670103
6.5145545
6.4171543
6.511206
6.8531227
6.833045
6.5845747
6.6612134
6.3772388
6.5016284
6.628781
6.582282
6.8258896
6.852928
7.099012
7.015181
7.425507
7.3830786
7.5788565
7.7050676
7.6296606
7.5803456
7.4799414
7.417941
7.26921
7.392686
7.097225
7.0390153
7.230156
7.2786694
7.1385617
7.1677213
6.858711
6.8760505
6.7940316
6.8412294
7.1245317
6.988729
7.22375
7.0277095
6.948981
6.7286234
6.729869
6.6337633
6.5343027
6.4381266
6.4578147
6.2839527
6.503577
6.527383
6.3637466
6.3202963
6.046701
6.006239
5.9687033
6.086143
6.4120636
6.362485
6.7271075
6.6536984
7.360113
7.0005655
7.37174
7.5535097
7.171385
7.2546897
7.279569
7.213311
7.2417955
7.4827504
7.15076
7.0996556
7.327381
7.2669463
7.2211823
7.020975
6.9261537
6.871914
6.642392
6.6207438
6.481967
5.963321
5.816381
5.87796
6.048687
6.1500673
6.020736
6.117848
6.373638
6.156746
6.119445
6.083536
5.8869634
5.7808642
5.82003
6.1894293
6.1155696
6.5510497
6.933679
7.14674
7.1394725
7.3011274
7.3321953
7.68537
7.603553
7.8472815
7.657652
7.878541
7.77964
8.120567
7.69138
7.694524
7.466977
7.6282105
7.598176
7.3630953
7.2772417
7.017588
7.1557503
7.165764
6.7672625
6.5355363
6.4337006
6.272472
6.0168242
6.1175857
6.0658474
5.872859
5.8417897
5.5610447
5.513185
5.529223
5.2405586
5.3419123
5.3744774
5.388171
5.522542
5.6556916
5.9825277
6.293396
6.525473
6.683676
6.7396417
6.76029
7.004888
7.150921
6.861893
7.6380773
7.468906
7.7026486
7.6014395
7.532916
7.7256165
7.7574306
7.7663713
7.369542
7.374249
7.240177
6.983533
7.0701294
7.035352
6.896957
6.947882
6.8823733
7.0149083
6.8345428
6.824088
6.814814
6.8525295
6.885537
6.8717027
7.134923
6.903577
7.236791
7.141776
7.076093
6.839445
6.957715
6.368309
6.4257107
6.080206
6.189103
6.22441
6.3358946
6.4194775
6.7153616
6.795417
7.0155535
7.1952114
7.4276648
7.3081527
7.160067
7.6272774
7.537022
7.3585405
7.7370872
7.2249465
7.1618085
7.094774
6.9680634
6.169867
6.3978577
6.2966886
6.3416767
6.1500273
6.5439568
6.3865013
6.27129
6.5528736
6.5359225
6.4413204
6.432706
6.0558414
5.995284
5.96117
6.1553307
6.22264
5.990128
6.0442076
5.857022
6.0509305
6.065822
6.2403016
6.4227424
6.577332
6.777078
6.679688
7.0042906
6.8428383
6.843972
7.025564
7.0734797
7.0131164
7.038505
6.945462
6.4383564
6.453884
6.455009
6.6219974
6.5468197
6.4336724
6.4282465
6.4747734
6.401251
6.2392473
6.010816
6.129724
5.8723335
5.553417
5.7567673
5.7943916
6.158775
5.960585
6.037616
6.1695814
6.266248
6.3778315
6.4274473
6.633128
6.6334033
6.785534
7.098172
6.8409634
7.026873
7.0857906
6.977787
6.950854
6.9430633
6.9587603
6.9475102
6.9344316
6.989586
6.2647653
6.667543
6.5240946
6.40516
6.3700113
6.330628
6.127199
6.159795
6.0890174
6.0023794
5.8945055
5.994307
5.7975683
5.6214585
5.8373094
6.0319376
6.0434465
6.2455606
6.0448966
6.1118493
6.162922
6.2959356
6.0132446
6.0432186
6.0211673
6.1057634
5.692171
5.9951715
5.6676407
5.3415728
5.1381845
5.6910725
5.8629775
5.8380713
5.844794
6.2385163
6.1786976
6.2410426
6.137568
5.89761
5.9959526
5.7204795
5.6196213
6.183001
6.0577435
6.4381833
6.5580387
6.556761
6.5878778
6.6827083
6.3343525
6.3503027
6.645191
6.275742
6.3847437
6.2631893
6.214007
6.2929497
6.2764845
6.51285
6.2208714
6.5674
6.325869
6.721432
6.497955
6.4740114
6.374923
6.301686
5.984959
5.8378487
6.0962358
5.802588
6.0080223
6.2837734
6.5264874
6.5703735
6.8937025
6.935479
6.8466096
7.2492995
7.425696
7.5101633
7.314286
6.9529033
7.0670705
6.32384
6.547784
6.3480086
6.360521
6.962678
6.7137804
6.693098
6.500445
6.2504234
6.544408
6.510629
6.5012
6.246119
6.0376134
5.431021
6.0884953
6.2162557
6.6681204
6.5758867
7.0764675
7.2488775
7.1787515
7.1161427
7.0345516
7.1653914
7.160525
6.9474635
7.348157
7.220368
7.208244
7.0155506
7.016207
7.456782
7.060129
6.840292
6.4530144
6.3497853
6.1974916
6.8695006
6.859009
7.2060585
7.533554
7.3340235
7.2354927
7.206179
7.2484765
7.1565905
7.135546
7.343224
7.2559447
6.8077283
6.9840035
6.871812
6.990665
6.774561
6.893411
6.9384646
7.053064
6.8905373
6.787635
6.7987804
6.8190837
6.7447095
6.7421026
6.86284
6.6922555
6.912612
6.6873574
6.694591
6.66009
6.7486873
6.647126
6.8258944
6.5745125
6.8620076
6.745432
6.636225
6.6252694
6.752538
6.817058
6.6078978
6.944665
7.2156034
7.196286
7.206078
7.202702
6.8102307
6.7714343
6.8162265
7.0524864
7.04466
6.5857863
6.872768
6.5334888
6.3588095
6.5799913
6.796898
6.5448723
6.4344587
6.3850174
6.3358717
6.1377687
6.1102133
6.205049
6.1757755
6.132071
6.1032434
6.1141977
6.1651087
5.92258
6.34486
6.521901
6.3256426
6.049426
6.089464
6.2564926
6.557325
6.624375
6.922494
7.0119534
6.9645123
6.9684978
7.206494
7.197941
7.1434097
7.2340693
7.0745487
7.246018
7.5525923
7.5079618
7.152319
7.0080814
6.8548317
6.6668835
6.3968005
6.654045
6.577405
6.379994
6.226136
6.0765524
6.0556693
5.9806275
6.035235
6.0314693
6.264388
6.115033
6.0518227
5.9824705
5.8607955
5.8070335
5.930407
5.9112096
5.7393174
5.7713327
5.73976
5.6442814
5.4049263
3.7874014
3.2995934
5.2613
6.280986
6.8038063
7.056673
6.921754
6.8055058
6.658196
6.7851744
6.6515822
6.7850537
6.6971054
6.130189
5.825818
5.9185066
5.877468
5.693977
5.678076
5.5720663
5.7884707
5.5097656
5.599445
5.5258665
5.5142136
5.7007885
6.0219975
6.071658
5.980097
6.2379637
5.841549
5.552911
5.046915
5.1371937
5.0458074
5.066582
5.250798
5.562891
5.3356676
5.1141877
5.184449
5.248379
5.219686
2.802773
3.17871
2.229676
2.542713
2.788473
3.0527327
2.8950825
2.776941
3.1695316
3.2383857
2.3173351
3.7200353
3.013581
3.3996763
1.6535716
1.6609477
1.8470134
3.0704637
2.9449294
2.00827
1.4688504
2.8861656
1.6880876
2.1890407
1.9469092
3.1543434
3.2418146
2.6176488
3.2601075
3.2682967
3.0324078
3.225041
1.6845219
3.0042813
3.4196444
3.3482678
1.8055358
1.4679947
3.2286391
3.4761446
3.716268
4.1660438
4.070976
3.841712
2.0087016
1.8932854
2.845653
3.6370108
2.9125483
3.8608317
1.3632795
3.6256542
3.5164247
3.949222
3.8465147
3.7376518
1.7588445
3.2835436
2.9336653
3.2741811
2.6167696
3.1555035
3.2805412
1.6839321
3.4872003
1.8007978
1.6252431
3.2401745
3.064884
1.3743098
2.7899683
3.341689
1.7844789
1.9468607
3.265226
3.301933
1.6040313
3.2313752
3.2653582
3.4130583
2.3560686
3.3851318
2.8840218
2.75913
3.187206
2.1431134
3.4323156
2.7254326
2.9773161
2.4886854
1.3124849
2.4731133
3.4289136
3.7240663
3.5897207
3.7621257
3.7042007
1.7144455
1.9121501
3.7093992
4.2038884
3.9755108
1.6312107
1.5181164
3.612426
2.5980284
1.5222254
3.4480247
3.4126592
3.4024134
3.1303668
1.9573581
3.4791455
3.3810606
3.1062922
3.22669
3.1719327
3.4207911
3.4378588
3.3943374
2.2926025
2.167813
2.6656938
3.0627143
3.198787
3.3131723
3.3797655
2.2006485
3.0896816
3.8906639
1.4119083
4.19263
4.039933
3.8151228
3.180411
3.9972389
2.4106073
1.6128383
4.3078084
4.325041
2.6826885
2.5343351
3.6370664
3.728521
3.4453404
3.4071565
3.0255694
2.6016982
2.885317
2.990092
3.169634
3.111954
3.2158754
2.6533086
3.8253777
3.7391953
3.4482577
3.6045303
3.4623194
3.729036
4.082022
4.3537116
4.2957754
4.7224307
4.5350413
4.46564
4.187708
4.655444
4.3151517
4.989881
5.030633
5.020539
4.819074
3.1405082
4.459424
4.4064207
4.22051
4.560884
4.6423683
4.3247166
4.4377384
2.4705987
3.2182872
4.6922736
4.686342
4.8732147
1.4563355
2.149076
4.980874
5.1823735
5.0999146
5.1636486
4.919216
4.8978486
4.797576
5.1005
5.050464
5.1233377
5.001029
5.0049486
4.814274
3.9583433
5.032905
5.0631695
2.8798141
4.7233195
4.722234
1.6399065
4.7545676
4.4925747
4.380185
2.787306
3.6163342
4.2713966
4.075193
2.5814133
4.2871904
3.619862
4.2126436
4.0911665
2.0931451
2.3948033
4.240857
3.9216073
2.3936443
4.628318
4.52592
4.822604
5.0316734
2.7235196
4.8054867
4.7670054
4.686714
4.684565
4.712908
4.7713194
4.381053
2.6580558
4.727212
4.7199326
1.6765351
4.636996
1.6013769
3.8703957
3.565899
5.018426
5.3927884
5.5920925
5.634689
5.6829395
5.7603307
5.7659535
5.7018695
5.731778
5.7156863
5.714535
5.81846
5.719848
5.706499
5.547633
5.7906394
5.7853417
5.666477
5.485135
5.5944004
5.6473923
5.5067167
5.73324
5.5200324
5.569128
5.5057883
5.570066
5.686147
5.5284243
5.609188
5.593836
5.624853
5.701549
5.6523647
5.77165
5.8345914
5.703909
5.791967
5.795293
5.756089
5.8023024
5.8508053
5.9203644
5.8419304
5.7774677
6.0048685
5.7729473
5.9524646
5.5721245
5.733567
5.549928
5.5727487
5.209805
3.6830158
4.8535905
1.9969381
4.718799
5.0317407
5.0333867
5.0813594
3.11993
4.921606
4.875222
4.846975
2.241929
4.7570724
4.7674303
4.943836
4.887377
4.551705
1.7086501
3.1088862
3.523416
1.6049861
3.4379268
3.7353547
4.0049524
3.645862
4.1471043
3.3168273
1.684277
2.8323002
3.2664318
1.9466094
2.870114
3.2939594
3.3805141
1.5820577
3.368839
3.651053
1.3752655
1.9426023
1.9138355
4.719599
3.6621287
4.7814727
2.4483492
3.2698786
2.0076902
5.6253004
5.614238
5.2081604
5.181055
5.1209636
5.059718
4.7981734
4.4552946
4.245635
3.9466786
2.3327987
2.279374
3.8768787
2.2723598
3.2468307
1.6204846
2.270201
3.3773685
3.0353487
3.8598435
3.8616729
3.5859575
2.6175127
4.480125
2.8999643
4.4089446
4.137321
3.9742298
3.6582527
2.6877763
4.002568
1.946701
4.3182583
4.360765
3.2754405
3.6233225
2.098222
3.8211489
2.6962574
3.5989203
4.115507
4.7976923
4.9664044
4.126834
3.878718
4.920335
5.4088755
5.34936
5.2078815
4.7751727
4.09947
5.540809
5.553855
5.5502996
5.551874
5.6689262
5.740254
5.687192
5.851283
5.6595707
5.550557
5.713631
6.098312
6.130358
5.998773
5.925897
5.4956555
5.502289
5.65658
5.6608677
5.555219
5.474519
5.6478605
5.406599
5.538188
5.308893
5.1988077
5.0078945
5.0839386
5.074725
5.105779
5.150841
5.2452297
5.261035
5.3940086
5.1074915
5.001213
5.0996556
4.9822783
4.985385
4.9790287
5.2573156
4.96482
3.038038
4.5760717
4.666686
4.686153
3.0666008
2.0011277
4.7659125
4.6695795
4.697161
4.6394973
4.590194
4.5735435
4.528998
4.082121
4.4513335
4.545196
4.598527
4.873497
4.9540443
4.83646
4.8131204
4.909682
4.8855476
4.8723035
4.8125696
4.0413504
4.718231
4.7651815
4.7057104
4.5878987
4.814906
4.9891376
4.5518794
5.13521
5.235522
5.2807317
5.2548065
5.343684
5.184774
5.085522
5.0432587
5.0541506
5.0792785
5.111492
5.153649
5.181668
5.23506
5.2560472
5.1646876
5.1322255
5.2782974
5.165887
5.117888
5.139682
5.1702275
5.0659595
5.075578
5.171711
5.1663747
5.3409324
5.269206
5.0952415
5.141874
5.1022644
5.27465
5.441371
5.338304
5.244954
5.104778
5.1068783
5.2757363
5.432189
5.364929
5.0879955
4.840454
4.8243604
4.6757164
4.6876936
5.060731
5.037745
4.7896204
4.7943864
5.0231214
5.043789
5.1386337
5.118886
5.2782135
5.574663
5.5556784
5.7442026
5.5944657
5.4957457
5.2636156
4.886638
4.6656995
4.5061016
4.369437
4.2410502
4.084123
2.645164
2.5365314
4.684674
5.0441403
5.0343685
4.9347515
4.851992
3.4171898
4.7954845
4.889221
4.7735767
3.607577
4.8020506
4.8842983
4.4022512
4.823781
5.019626
5.084293
5.0527434
4.6544027
4.529886
2.1918824
4.382918
3.4026444
4.1378617
3.7110415
4.2306304
4.103117
4.3498096
4.3748446
4.2777243
4.077513
4.595067
4.7088933
4.5479813
4.1930294
4.2441735
4.2084684
3.7591665
3.861547
3.909825
4.122349
3.9761317
4.0533466
3.7511857
3.0641549
1.8783731
3.8576264
3.7810853
3.9906144
3.958088
3.8718624
3.6677241
3.492723
3.8365107
3.7932215
3.9433215
3.6742966
4.4098434
4.7952204
4.5480595
4.4183598
4.643346
4.6237984
4.916844
4.733028
5.2493954
4.8527265
4.335583
4.4952064
2.4992049
4.994952
5.2804403
5.554764
5.604992
5.650297
5.567569
5.528967
5.134531
5.0556297
5.234646
5.1845117
5.8671856
6.203604
5.8122196
5.8491483
5.8723655
6.1515136
6.2934237
6.190322
6.266445
6.5277576
6.7695436
6.6736217
6.6746416
6.600342
6.6409655
6.8193836
6.4444475
6.332244
6.3473587
6.400881
6.3073907
6.159627
6.1872787
6.081691
6.074682
5.812901
5.9127645
5.9753256
5.979714
5.8589
5.73458
5.9062867
5.901804
6.0341086
6.086699
6.0825524
5.8282137
5.7024546
5.7510467
5.887471
5.8141656
5.80463
5.5827
5.9886045
6.031336
5.9910765
6.1130466
6.2713165
6.267568
6.3368974
5.87855
5.9947305
5.7734804
5.77388
5.4163895
5.7566247
5.257215
5.135843
5.230866
5.162241
5.1825037
5.3246136
4.843783
5.0961733
5.126455
1.4780076
3.751054
4.734365
1.463919
1.444024
1.4779366
1.4768653
1.5193573
1.4961635
1.5053762
1.3304967
1.4792205
1.3234602
1.4594247
1.4987602
1.4426402
1.508056
1.4012108
1.4276226
1.4433484
1.3534738
1.5290089
1.4533111
1.5174927
1.3932612
1.4475778
1.5227032
1.384427
1.4394445
1.3657179
1.3446332
1.5026883
1.5606288
1.5563775
1.4457248
1.5652989
1.4323606
1.6543636
1.5172437
1.6760081
1.5747893
1.6063901
1.4986284
1.4574517
1.4543792
1.6331403
1.7255131
1.7950537
1.8318145
1.8324027
1.9108438
1.9220593
1.6225019
2.092401
2.027093
1.8840839
2.239401
2.1344736
1.8248502
2.1000304
2.250273
2.4573076
2.3015895
2.4135659
2.3082411
2.1366198
1.9148313
2.02315
1.7784069
1.9499131
1.9734143
2.5699549
1.804383
2.0624852
2.706545
1.8554835
3.3860567
1.7812588
3.243453
3.3793552
3.1872966
3.2952204
3.0491583
3.0161433
3.0633962
3.3327713
3.2007577
2.6691313
2.9112213
2.8958223
2.9004009
3.0260596
2.6438277
3.1471317
2.9946485
3.1577291
3.1004503
2.9464457
3.1595511
3.3622088
3.3451674
3.0495555
3.4792147
3.275238
3.2987027
2.9968245
3.4973922
3.4014888
3.517821
3.4070172
3.6191983
3.2690053
3.2984295
3.2791154
3.4922209
3.490395
3.685923
3.5896025
3.4002953
3.6996284
3.2764895
3.582432
3.3711524
3.6233168
3.4418945
3.6345248
3.744394
3.17474
3.3823748
3.8052487
3.5507326
3.737616
3.5961375
3.6798785
3.5644462
3.4512985
3.3985243
3.436559
3.3994036
3.7193065
3.6830726
3.6027095
3.630179
3.6129715
3.6771557
3.4840446
3.7297695
3.6541166
3.72816
3.6105618
3.654654
3.720253
3.5773578
3.610053
3.619063
3.5259266
3.6744783
3.400975
3.4341033
3.6866233
3.716412
3.8542218
3.7745104
3.7466724
3.6400852
3.8877628
3.903593
3.806522
3.7783213
3.6473765
3.8592916
3.878281
3.9791133
3.695291
3.6473625
3.5781846
3.5078993
3.468925
3.6364024
3.7965178
3.7272117
3.6661012
3.3400846
3.7954636
3.694116
3.8180153
3.623409
3.588134
3.643353
3.6920798
3.5495243
3.4323936
3.5830107
3.36692
3.4234226
3.6467435
3.6965153
3.6110005
3.5599508
3.5001671
3.5380542
3.6151495
3.5927124
3.7318957
3.6820996
3.7855663
3.5562248
3.6653795
3.4629498
3.707278
3.6895926
3.8268175
3.5768723
3.6731706
3.751465
3.7325747
3.8524568
3.905714
3.7958913
3.7843852
3.8428032
3.8762383
3.839538
3.393355
3.7947571
3.7651663
3.8988655
3.9847028
3.6806417
3.8775759
2.9152267
3.603313
3.749569
3.378992
3.6643558
3.5873778
3.833757
3.4824498
3.7004275
3.7596593
3.906734
3.734343
3.6073647
3.580358
3.7032619
3.8385181
3.681244
3.7476773
3.9549003
3.8532755
4.0073304
4.1867876
4.03176
3.9217536
4.1419587
4.46941
4.266798
4.571259
4.303244
4.489992
4.441939
4.5047297
4.6224575
4.642681
4.7999096
4.4234915
4.3739142
4.4853697
4.588285
4.6286807
4.7822294
4.9977484
5.221283
5.1666756
5.2779465
5.768518
6.0389385
6.307569
6.664986
6.8866463
7.178219
7.4166336
7.2511225
7.2647486
7.2858896
7.262015
7.0524135
7.0526724
6.866711
6.917966
6.826319
6.8924417
6.967721
6.744383
6.718803
6.5420523
6.505189
6.426337
6.345209
6.0761294
5.8727927
5.7290225
5.265028
5.1321654
4.677046
4.19088
