10000
9.8511505
9.834777
9.782578
9.812406
9.76192
9.796145
9.769922
9.749731
9.728027
9.620703
9.579989
9.557969
9.542392
9.457875
9.4832325
9.416366
9.435967
9.337927
9.245485
9.212638
9.223399
9.252915
9.129723
9.022023
9.120194
9.086432
9.110327
9.016135
8.935704
8.921912
8.812959
8.815256
8.709957
8.710612
8.612625
8.611822
8.503709
8.385298
8.297807
8.352648
8.370878
8.200481
8.099693
8.055515
8.045305
7.891269
7.7724857
7.814763
7.6156807
7.5389814
7.2750583
7.494079
7.326608
7.152876
7.072456
7.007287
6.9899297
6.8531275
6.944154
6.9551253
7.03723
7.003436
6.939082
6.7843566
6.9450874
6.8482285
6.826847
6.851305
6.8888493
6.9573727
6.936126
7.007557
6.9577284
6.948197
6.997325
6.978159
7.1082115
6.9913287
7.060894
6.798157
7.0504584
6.896987
6.9789815
6.8521614
7.0043535
6.845365
6.902947
7.0265203
6.9575496
6.9584866
6.9730043
7.231446
7.4053974
7.399754
7.4907036
7.562598
7.587807
7.8347635
7.949045
8.24276
8.159418
8.207594
8.182027
8.03866
8.0880575
8.238555
8.300389
8.274783
8.231146
8.502655
8.4023075
8.329932
8.299692
8.227019
8.177335
8.122082
8.115594
8.192221
8.135277
8.112391
8.052787
7.974377
7.9109707
8.049897
7.981878
7.975433
7.983378
7.9042077
7.855192
7.780813
7.7483697
7.652966
7.5956693
7.6487904
7.5629783
7.5862255
7.5042496
7.616468
7.5600805
7.5631576
7.609325
7.5907826
7.550303
7.5667133
7.500439
7.5802927
7.5284224
7.558011
7.609459
7.543255
7.503542
7.609645
7.493757
7.4950614
7.416792
7.412148
7.393707
7.415191
7.280926
7.3273325
7.372456
7.336855
7.2995806
7.3935237
7.3211484
7.2611923
7.2610707
7.340755
7.354303
7.338005
7.3717446
7.398917
7.508572
7.5382752
7.318186
7.3887057
7.3032045
7.2736793
7.3167677
7.265753
7.1667457
7.127184
7.1142583
7.1241336
7.033365
7.105106
7.102654
7.0871577
7.1214066
7.0124397
7.1858068
7.0506287
7.0187216
6.917584
6.8718386
6.7942653
6.7783628
6.6738687
6.5295067
6.885114
6.598232
6.6966796
6.555714
6.5695415
6.5589175
6.365027
6.3668685
6.4126425
6.387534
6.2515225
6.336208
6.255637
6.5286746
6.4319735
6.596734
6.223607
6.4619575
6.604164
6.627709
6.6948733
6.5034776
6.6585145
6.5326796
6.8279004
6.6969924
6.7249866
6.48505
6.794486
6.592382
6.7727227
6.734492
6.6922913
6.658495
6.673414
6.7085714
6.6976833
6.6277676
6.5603437
6.6720467
6.7050943
6.568284
6.642543
6.4544787
6.742358
6.6347065
6.850448
6.4775248
6.8606906
6.7910132
6.7334347
6.7401977
6.366424
6.659008
6.5492425
6.555528
6.505155
6.6030636
6.5631
6.755071
6.743754
6.5556293
6.5062637
6.686398
6.6143827
6.716869
6.636626
6.5950317
6.7601686
6.790236
6.6321225
6.7011943
6.681801
6.633874
6.569306
6.67908
6.468074
6.616707
6.8186116
6.683428
6.584141
6.7322264
6.724459
6.6647415
6.64662
6.5365205
6.6344547
6.5119886
6.701176
6.6927433
6.6081715
6.561352
6.568246
6.454973
6.439652
6.6369452
6.281976
6.429126
6.5071654
6.3178196
6.4280095
6.2585044
6.343719
6.4511957
6.1581097
6.31117
6.180129
6.5182266
6.424832
6.426123
6.380329
6.4059563
6.518997
6.47398
6.3786964
6.5364614
6.5990443
6.608964
6.231255
6.677667
6.475513
6.5620856
6.454314
6.5622215
6.36864
6.6164827
6.5516458
6.536046
6.4560113
6.506259
6.441692
6.5468283
6.3598475
6.5755243
6.286794
6.5209002
6.3057904
6.519129
6.5284986
6.356475
6.4044476
6.4281135
6.502177
6.4454894
6.373257
6.288161
6.2879596
6.359147
6.379856
6.3678923
6.3125124
6.4389606
6.3514915
6.355631
6.200261
6.467162
6.4584
6.4940805
6.5378375
6.61103
6.519665
6.5245457
6.5961375
6.5966473
6.6742105
6.921751
6.8479156
6.874314
6.814501
6.8872204
6.8603783
6.8458824
6.887947
6.911016
6.941843
7.126249
6.9443364
7.115895
6.9473205
7.0131707
6.857563
6.9052677
6.932619
6.954963
6.836417
6.7979155
6.9139194
6.966109
6.850081
6.891147
6.8022285
6.8075495
6.8001018
6.704016
6.6800675
6.5885124
6.6320558
6.6437674
6.7192063
6.7026634
6.606151
6.885297
6.586327
6.6941977
6.6625586
6.6636367
6.4949694
6.5989404
6.6477723
6.529648
6.5589633
6.6558166
6.5733385
6.6678367
6.706128
6.7005754
6.7708755
6.7366533
6.6336203
6.6829667
6.651336
6.827996
6.5871325
6.6451817
6.633703
6.6562233
6.6583138
6.7672677
6.60208
6.6455517
6.7299075
6.7892523
6.6395473
6.797221
6.895107
6.8193564
6.715531
6.6345515
6.7005496
7.0111217
6.888404
6.815466
6.8720284
6.965854
6.8291426
6.8885803
6.941314
7.0111914
6.936379
7.1340675
7.024025
6.90043
6.8111467
6.8892813
6.9077063
6.717273
6.796827
6.9288883
6.8869305
6.8823075
6.9016232
6.85303
6.985053
6.7749934
7.014931
6.8165827
6.8422904
6.8968115
6.7188883
6.9378138
6.779316
6.658261
6.90541
6.925018
6.746266
6.824758
6.851491
6.8422956
7.0558877
6.764371
6.8618994
6.8176937
6.936267
6.7160463
6.9345455
6.8192344
6.955831
6.898033
6.971198
6.9676924
6.903742
7.0596743
7.0230336
6.948044
7.0922146
7.0309772
7.1723976
7.288394
7.0069532
7.408155
7.3022814
7.2692046
7.2283173
7.324689
7.184551
7.2791924
7.1788073
7.3960514
7.378168
7.4543557
7.4154606
7.4337997
7.3434258
7.1625824
7.206652
7.1148577
7.3481407
7.3887115
7.4046226
7.2389154
7.146108
7.205427
7.3832464
7.1233144
7.1530113
7.141057
7.1039076
6.92734
6.9893394
6.987212
6.983072
7.000313
7.052446
6.9956903
7.156547
6.9201283
6.9336143
6.9256215
6.933285
7.0479164
6.968277
6.905565
6.9273887
6.9002323
6.9323487
6.9848256
6.932477
6.9935136
7.01225
6.9159446
6.877146
6.783889
6.9275036
7.021886
6.960068
6.8568187
6.8491516
6.873974
6.8059134
7.023214
6.976781
7.1620846
6.9855523
7.05943
7.172688
7.117074
7.084336
6.9840565
7.0516496
7.081856
7.133219
7.246179
7.2531333
7.4447136
7.2477016
7.385886
7.38811
7.348056
7.3549666
7.306961
7.2952213
7.4084363
7.407219
7.3240805
7.1349263
7.140264
7.348747
7.3269496
7.386066
7.3014207
7.3528337
7.167405
7.154195
7.3115263
7.2287064
7.327611
7.3202477
7.2325873
6.8604712
6.957321
7.0647845
6.9903274
7.0710015
7.042184
6.949784
6.856211
6.7020097
6.8624487
6.8348594
6.7967515
6.854108
6.842979
6.716636
6.9649367
6.8804054
6.7631817
6.8924365
6.9221582
6.867422
6.8756685
6.750001
7.0340586
6.8797755
6.842782
6.8998976
6.9315333
6.935755
7.0191703
6.7884626
7.026791
6.9332333
7.0574355
6.8728156
6.9653935
6.949018
7.072982
6.8139896
7.2045717
7.198939
6.8946376
7.1456637
7.285034
7.214945
7.18039
7.1903687
7.2219014
7.0842924
7.2787523
7.461212
7.2996225
7.3470774
7.334878
7.2516265
7.4111176
7.562929
7.238182
7.414886
7.379905
7.461579
7.1681685
7.387059
7.4742894
7.2105722
7.400641
7.0926943
7.2982903
7.2424746
7.1140566
7.238614
7.4234314
7.225811
6.9695287
7.27741
7.1752954
7.069743
7.024984
7.069898
6.848375
7.0679307
6.9176483
6.945851
6.91378
6.8493657
6.6752405
6.8352075
6.7847323
6.6673765
6.852968
6.908759
6.822324
6.8256955
6.6718616
6.895079
7.0389867
6.9423394
6.895693
6.9024115
6.7002788
6.9331427
6.9757576
6.8877254
6.933169
6.7963405
7.045502
6.905897
7.0414257
6.802535
7.034432
6.9754896
6.8580446
6.9868526
6.8923764
7.0447135
7.052372
7.0256968
7.0992293
6.929252
7.1801386
6.9961505
7.2298813
7.1912327
7.043307
7.12803
7.067063
7.081236
7.3984585
7.0413494
7.394638
7.085925
7.394379
7.3293343
7.369886
7.4510126
7.184352
7.3205814
7.29696
7.224059
7.314758
7.227781
7.147295
7.1639557
7.219093
7.1032495
7.0997725
7.137274
7.1497293
7.216674
7.2247286
7.150959
7.2114964
7.0298996
7.118914
6.9387836
7.1144223
6.9217253
7.051463
6.9409704
6.9824176
6.864597
6.8616996
6.8134427
6.645631
6.711896
6.7460012
6.8812957
6.91623
6.884622
6.7420306
6.8368616
7.0856943
6.868598
7.175079
7.16279
7.1122074
7.1094255
6.847866
6.5628257
6.4609733
6.637058
6.6050377
6.1914034
6.006914
5.75697
5.2556267
5.391477
4.853677
4.613301
4.472682
3.9057806
3.6804066
3.5046835
3.1904337
3.9062366
4.1036196
3.8438048
3.9035797
3.854808
3.4222403
2.9420264
3.827814
3.9673746
4.0139637
3.9352365
2.9369836
3.8265455
3.593023
4.04496
4.433849
4.617051
4.037745
4.066367
4.1073585
4.1195545
3.127518
3.8750777
3.2147024
4.5120883
5.434891
5.918234
5.849256
5.43108
5.521329
5.407773
5.662616
5.777
6.478689
6.637687
6.9080496
6.7971888
6.6256366
6.9114695
6.824047
6.789982
6.858816
6.93075
7.041814
6.9040947
7.1460385
7.0161123
6.9987187
7.1390805
7.2962713
7.0769653
7.1064425
6.9990773
7.0399284
7.2019367
7.162225
7.1532197
7.1437645
7.055574
7.143024
7.17434
7.129583
6.9278107
6.990151
6.9197707
7.1315255
7.082577
7.219598
7.1100774
7.2789197
7.315789
7.3919888
7.114002
7.4529133
7.3145685
7.448216
7.416406
7.242332
7.570049
7.498905
7.590034
7.609515
7.5738335
7.503832
7.615347
7.544967
7.439999
7.5571094
7.5061073
7.591185
7.493763
7.5408897
7.499911
7.569428
7.6324425
7.525421
7.4083977
7.3565345
7.436474
7.3698945
7.51007
7.2915187
7.2603965
7.475761
7.1954284
7.225798
7.2450504
7.4229965
7.362437
7.1591334
7.2758822
7.3016458
7.290968
7.406756
7.374261
7.32534
7.2372503
7.2973814
7.4463882
7.494552
7.542546
7.365281
7.633783
7.406393
7.5148373
7.4294133
7.555646
7.56978
7.4551206
7.477616
7.553168
7.468974
7.4670744
7.5667152
7.4928637
7.648321
7.5767183
7.6490884
7.66735
7.817033
7.6470857
7.6548567
7.877057
7.8952413
7.7220383
7.769204
7.669682
7.7183604
7.6472845
7.695123
7.423334
7.533577
7.595482
7.5627165
7.5167336
7.416876
7.5046253
7.4240556
7.5546656
7.468587
7.324114
7.3551826
7.3178477
7.2783947
7.2746153
7.4975896
7.319653
7.077008
7.4626956
7.214178
7.385268
7.4740696
7.3028336
7.3469024
7.3828998
7.2837915
7.242276
7.4498205
7.2297773
7.2360334
7.4450755
7.3254333
7.4697666
7.350136
7.634334
7.5036
7.4270573
7.56502
7.6654215
7.530361
7.532372
7.5123487
7.6201377
7.6755733
8.009833
7.685961
7.8067737
7.6803875
7.761649
7.8134565
7.7597523
7.945568
7.7127743
7.5955977
7.4989967
7.5809417
7.4813194
7.7551346
7.6548367
7.650264
7.7208443
7.585316
7.636452
7.546332
7.5171947
7.562232
7.3034525
7.3905244
7.472451
7.3645396
7.3767643
7.464122
7.4396496
7.4436913
7.445834
7.4977236
7.7492166
7.308911
7.4462385
7.4664717
7.558258
7.6189604
7.548115
7.466342
7.757641
7.713145
7.8339105
7.8087597
7.934641
7.7496314
7.6832924
7.7489953
7.744023
7.8557024
7.7544575
7.902363
7.797031
7.8464246
7.7926407
7.6545377
7.825306
7.659828
7.5836306
7.7200418
7.5211315
7.777272
7.6560435
7.5357475
7.6269217
7.5897017
7.618558
7.5511837
7.4475856
7.4362144
7.502273
7.3431396
7.500455
7.4268823
7.2733727
7.4263625
7.5179014
7.464403
7.424453
7.2141743
7.327864
7.5571947
7.4454193
7.3663135
7.354311
7.7708516
7.6071663
7.8377047
7.6678896
7.6831093
7.7886
7.8681893
7.787356
7.9181843
7.8531218
7.9572625
7.8488126
7.914914
7.7464514
7.6784544
7.8515186
7.753545
7.390438
7.7786274
7.7699966
7.652993
7.6560946
7.537744
7.520984
7.6631403
7.320529
7.537469
7.5761504
7.429736
7.5109186
7.3565245
7.562507
7.3799505
7.2530823
7.401947
7.4241905
7.366334
7.4802923
7.2895346
7.4055386
7.388703
7.5061045
7.5746593
7.675679
7.6682916
7.5649114
7.6849566
7.7798233
7.9385514
7.892162
8.010035
7.923316
7.9791284
7.751295
7.823229
7.9928794
7.8932657
7.8415313
7.9181232
7.71017
7.754066
7.6574216
7.691946
7.563057
7.4444685
7.4587927
7.452843
7.5088596
7.4893594
7.319506
7.256732
7.329247
7.3493924
7.249731
7.364136
7.333127
7.5511184
7.335092
7.257437
7.4747376
7.4221945
7.275671
7.5068903
7.482061
7.5504365
7.642995
7.546297
7.576746
7.7732935
7.5624456
7.6143346
7.6881423
7.71334
7.5493836
7.7490926
7.622148
7.6430807
7.584773
7.4250755
7.6848125
7.406661
7.389328
7.4457555
7.0995507
7.3369126
7.2130237
7.025075
7.3027587
7.132074
7.2384663
7.2999744
6.972703
7.261491
7.0743284
6.9957385
7.2562165
7.0753903
7.3705597
7.2015424
7.3252254
7.3517714
7.312386
7.6003275
7.535785
7.3204117
7.5879374
7.2633142
7.573595
7.5134664
7.6610856
7.6099977
7.7162113
7.9417133
7.4638915
7.5772457
7.554435
7.686732
7.5798645
7.5041537
7.3512807
7.3278837
7.5847807
7.1463733
7.0464735
7.3496895
7.0848513
6.9907613
6.984288
7.055153
6.711733
6.946545
7.0569777
6.9890237
6.926428
6.8205647
6.9718833
6.9841404
7.050542
7.0305443
7.091447
7.0962467
7.1332707
7.300528
7.133418
7.21192
7.5459547
7.4158897
7.6697173
7.5118494
7.366173
7.468238
7.58403
7.363209
7.589929
7.2442875
7.1148863
7.268852
7.192879
7.05848
7.1762767
7.115153
7.206231
7.0786753
7.0333695
7.2746553
7.2178082
6.9146037
6.7925096
7.0981283
7.0389166
6.8512363
6.7394867
6.9869094
6.7950478
6.8251023
7.153415
6.998587
7.255367
7.0510035
6.816879
7.099148
6.9476027
7.0520267
7.1354146
7.257163
7.342506
7.292589
7.444717
7.56674
7.2581134
7.5669427
7.0804086
7.143535
7.348897
7.3778133
7.0697594
7.2575274
7.493305
7.2995396
7.1720943
7.050779
7.1041737
7.1736145
7.1677475
6.872796
6.6237674
6.8737583
6.9508834
6.8775826
6.816668
6.752004
6.834303
6.7564344
6.657078
6.6935945
6.721342
6.787768
6.903393
7.0557885
6.902814
7.0524554
7.0837173
7.160633
7.0193086
7.252634
7.2086535
7.1266494
7.042689
7.034895
7.210931
6.836248
6.731226
6.7515936
6.876575
6.7584844
6.768459
7.2127776
6.7324247
6.7576804
6.429406
6.754808
6.661688
6.407725
6.572817
6.466352
6.6938047
6.812106
6.3866816
6.6010785
6.6478443
6.654929
6.79572
6.8283696
6.6792593
6.8996058
6.868321
6.859412
6.9742007
6.9985437
7.1067057
6.8578205
6.747215
6.787278
6.7859893
6.693408
6.552879
6.6548142
6.6045485
6.4491324
6.756531
6.5866404
6.3610077
6.5051656
6.424455
6.4620404
6.404051
6.230141
6.3345585
6.1540246
6.1211715
6.2377615
6.1277027
6.271446
6.285078
6.095045
6.3199778
6.4809856
6.0684614
6.3065705
6.101325
6.1875114
6.1451874
6.2012415
6.376223
6.269981
6.1221275
6.3305955
6.3899946
6.3110375
6.3203964
6.468934
6.4920697
6.210626
6.379134
6.248763
6.1633105
6.279792
6.307544
6.3627253
6.285339
6.2917275
6.3607793
6.1176057
6.236153
6.172554
6.17655
6.2797036
6.140069
6.1388836
6.1008906
5.8286943
5.91451
6.112949
5.8893604
5.750918
5.9318404
5.8793945
5.7530704
5.927109
5.8639393
5.8741345
5.9928956
5.780875
6.0127287
5.8785768
5.764056
5.8675904
6.1023445
6.3162875
6.0960026
6.049245
6.273463
6.1381016
6.11547
6.176482
6.172827
6.056484
5.9627113
6.2404237
6.3184714
6.161852
6.3475404
6.4442115
6.191761
6.043599
6.2916837
6.241098
6.492995
6.424342
6.3538685
6.4368806
6.368861
6.4732084
6.459093
6.3142033
6.47833
6.360001
6.235897
6.427254
6.2241063
6.59114
6.401212
6.4834256
6.347801
6.4727435
6.4418306
6.3482714
6.6071773
6.4800277
6.414228
6.465871
6.445286
6.5306735
6.4158883
6.556779
6.266864
6.215441
6.158261
6.14757
6.455002
6.4599447
6.5155435
6.408534
6.4889603
6.5633225
6.4415803
6.4504905
6.506419
6.696528
6.377723
6.5111217
6.351964
6.422504
6.576461
6.2825627
6.2977495
6.310133
6.5809107
6.665379
6.541715
6.6904187
6.634051
6.3351893
6.531264
6.514496
6.618175
6.356439
6.6160326
6.643566
6.759088
6.733474
6.7348976
6.760776
6.5591044
6.617662
6.7668324
6.721497
6.5364957
6.3664064
6.6030254
6.3910675
6.4307866
6.300265
6.2461033
6.54263
6.299294
6.4598165
6.6766315
6.7621007
6.586335
6.621172
6.501517
6.5785933
6.4203696
6.5899963
6.5685315
6.595827
6.8523827
6.8639507
6.7777157
6.826821
6.8371425
6.7553544
6.9108434
6.9474463
6.84713
6.824218
6.6832685
6.877792
6.760873
6.911027
6.8013783
6.95994
6.845963
6.778973
6.7729793
6.678772
6.635022
6.7341824
6.62923
6.7234507
6.427104
6.6465774
7.0098524
6.787973
6.9349008
6.7932277
6.7932377
6.6491003
6.7987237
6.817453
6.8186846
6.6863112
6.802729
6.9461536
6.626693
6.931594
6.9019575
6.8492775
6.5329294
6.5981417
6.440993
6.594344
6.7404547
6.787551
6.641862
6.4957085
6.5354524
6.576757
6.4740963
6.180586
6.133909
6.243939
6.0054917
5.7858486
6.0117292
6.011126
6.0052223
6.1765466
6.059085
6.1997805
6.1053987
6.0473948
5.9871616
6.0041976
6.071531
6.0571213
6.2373285
6.033999
5.937233
6.0645766
6.020907
5.804076
6.127968
6.154286
6.069037
6.0211477
6.1581326
6.047836
6.3192883
6.011755
6.256139
6.1149254
6.0564423
6.087405
6.218313
6.0806327
6.0543866
6.0665545
6.187906
6.219923
6.101211
6.0734696
6.036089
5.9301443
5.969538
5.9230285
6.0480204
5.8888736
5.963028
5.8132553
5.9475307
6.0001335
5.79895
5.9156895
5.9801307
5.771002
5.8037863
5.801457
5.7409143
5.9005218
5.911403
5.7886543
5.778241
5.908061
5.763368
6.066134
5.902474
5.742884
5.9075527
5.904802
6.109452
6.0008974
5.8913946
5.730744
5.5733614
5.8341393
5.9130855
5.785434
5.745166
5.8176975
5.888434
5.9438376
5.8481293
5.8093204
5.784738
5.9085183
5.986014
5.9266515
5.749747
5.815604
5.927256
5.9925723
5.922247
6.0577607
6.032295
6.087225
6.1168175
6.160099
5.9347525
6.0742316
5.751216
5.87883
5.885704
6.1227713
5.815365
5.9376106
5.992815
6.011939
5.9747086
5.69687
6.1241384
6.04125
5.96387
5.61112
6.1117086
6.186039
5.9323683
6.0080314
6.141724
6.1593876
5.8231897
5.899836
5.9654
5.9269753
5.855283
5.8319845
5.836125
5.9520082
6.090542
5.9372735
5.850463
5.9826355
5.7008843
6.1752033
5.846249
5.677397
5.83148
5.6556244
5.8106627
5.7275815
5.894663
5.8139114
5.802402
5.726902
5.562216
5.9075894
5.749481
5.829874
5.896971
5.7926464
5.85013
5.862525
5.836865
5.8975196
5.6862574
5.919196
5.669071
5.748028
5.5957127
5.65057
5.665925
5.5273848
5.7312274
5.5041656
5.7172165
5.2625785
5.6233215
5.383609
5.6644316
5.4522705
5.4070888
5.380451
5.1844506
5.666545
5.439617
5.568823
5.460551
5.588293
5.3206034
5.569034
5.467065
5.586282
5.3141255
5.5856953
5.3480473
5.579586
5.6723156
5.4033847
5.6338887
5.6800365
5.553649
5.635861
5.6527824
5.5496507
5.424449
5.635331
5.6271048
5.6247272
5.3499117
5.769585
5.528959
5.2638454
5.5217566
5.5493994
5.326565
5.443658
5.612497
5.4149995
5.3674636
5.1564856
5.4328237
5.3394737
5.2351217
5.361365
5.125454
5.261731
5.3035183
5.3820233
5.0814285
5.5289297
5.328845
5.2363515
5.205133
5.4424024
5.757051
5.5972633
5.31509
5.427024
5.7022295
5.4826508
5.684421
5.3893886
5.525958
5.335357
5.347974
5.273939
5.465654
5.5192823
5.4620023
5.4176054
5.291555
5.420817
5.3941765
5.487645
5.454331
5.135709
5.435
5.4912195
5.117793
5.398094
5.183763
5.2946196
5.357715
5.324225
5.1914635
5.2685843
4.9576945
5.0367365
5.293082
5.099751
5.220809
5.239494
5.319354
5.295002
5.16989
5.2938232
5.1897955
5.131154
5.247402
5.365567
5.3033857
5.3018017
5.1398253
5.0965405
5.328193
5.346525
5.087198
5.1723614
5.3106503
5.2527866
5.039362
5.035806
5.1866145
5.315518
5.3011813
5.290124
5.1501317
