10000
8.855925
8.894522
8.842512
8.898587
8.876266
8.818639
8.897623
8.863003
8.824477
8.865965
9.019688
9.002464
9.009519
9.023256
9.070306
8.941676
8.815331
8.837641
8.878685
8.887012
8.89477
8.971702
9.032063
9.059419
9.0974
9.073157
9.134813
9.136303
9.157341
9.156444
9.135529
9.143045
9.054917
9.007448
8.942007
8.964034
8.935296
9.023968
9.00778
9.04377
9.060867
9.128103
9.135676
9.127192
9.068688
9.139687
9.132026
9.06319
9.007679
8.935916
8.90552
8.902407
8.962897
9.05513
9.091387
9.189315
9.191882
9.193496
9.202212
9.152608
9.094902
9.039874
8.9852295
8.968887
8.978762
9.048559
9.022432
9.0541525
9.029931
9.042386
9.002441
9.062552
9.02754
9.062149
9.04587
8.999342
8.993869
8.949216
8.966642
8.931801
8.784878
8.762955
8.7700615
8.805954
8.760654
8.783473
8.860563
8.82933
8.874748
8.789043
8.877847
8.873372
8.934473
8.881399
8.913094
8.911775
8.921003
8.942304
8.851841
8.837885
8.839083
8.810007
8.795844
8.819386
8.821524
8.81052
8.814131
8.868125
8.783412
8.867227
8.827831
8.930559
8.887432
8.870677
8.860879
8.851772
8.871677
8.858451
8.920183
8.942293
8.813359
8.876251
8.816049
8.839981
8.915874
8.827238
8.840492
8.835609
8.828819
8.899776
8.851951
8.9405365
8.922427
8.918554
8.873632
8.837209
8.853264
8.810194
8.868844
8.891921
8.970707
8.925608
8.89366
8.827148
8.850313
8.750453
8.778215
8.734157
8.719488
8.70932
8.698684
8.759759
8.669928
8.800426
8.712626
8.771016
8.724002
8.685224
8.606507
8.546899
8.493783
8.4119
8.416206
8.420818
8.610739
8.564964
8.521005
8.507247
8.448598
8.350358
8.282508
8.249126
8.124141
8.148713
8.001355
8.026135
7.896625
7.8699255
7.757572
7.6591473
7.3286214
7.1149373
6.784612
6.4439735
6.031232
5.4215617
4.9192905
4.40752
4.360299
4.5124474
4.698307
5.128105
5.32252
5.5718374
5.6679893
5.8242445
6.219268
6.443817
6.6429586
6.8984604
6.9582543
7.143725
7.292517
7.3628364
7.5405264
7.544252
7.479253
7.4819317
7.622674
7.66722
7.857447
8.070494
8.109886
8.038745
8.104226
8.14044
8.069603
8.074015
7.9273453
8.003807
7.8789973
7.9084516
7.9263344
7.9384475
7.91153
7.9737043
7.9825172
7.9958677
7.9743953
8.026899
7.9564652
8.104603
7.947204
8.071242
8.001001
8.005407
7.9766607
8.066349
8.088207
8.053691
8.025608
7.99541
8.107663
8.072361
8.101861
7.998183
8.042216
7.978229
7.9795513
7.9951572
8.003101
8.015849
7.9501967
8.07153
8.103015
8.092514
8.096938
8.108939
8.110271
8.108076
8.245991
8.237891
8.238506
8.260468
8.2543745
8.266086
8.272633
8.261518
8.279913
8.251525
8.300958
8.3553
8.347105
8.350718
8.313888
8.350556
8.320014
8.354021
8.310337
8.325334
8.316654
8.317632
8.333616
8.342085
8.3323
8.3628235
8.358388
8.396642
8.312083
8.378988
8.421546
8.466295
8.535155
8.483926
8.503574
8.426226
8.351435
8.282132
8.374681
8.380856
8.467222
8.454294
8.487368
8.476199
8.4934635
8.503545
8.480709
8.474652
8.468167
8.45257
8.457873
8.483736
8.4812355
8.44988
8.47988
8.473792
8.449305
8.438095
8.43366
8.39584
8.351042
8.297236
8.275702
8.277517
8.250803
8.337872
8.309273
8.382882
8.316435
8.382719
8.334608
8.399707
8.423463
8.377552
8.453181
8.412008
8.489692
8.389006
8.415692
8.380858
8.3758955
8.36587
8.38017
8.375167
8.408758
8.415041
8.397668
8.437926
8.34514
8.278355
8.398332
8.329412
8.330005
8.255625
8.274432
8.245147
8.266266
8.2884
8.276444
8.305453
8.277042
8.2573
8.272471
8.253806
8.289535
8.284339
8.260363
8.232658
8.23317
8.373134
8.440319
8.514791
8.522304
8.47866
8.472455
8.505042
8.4317465
8.463401
8.452885
8.459425
8.469259
8.417674
8.461772
8.327649
8.386108
8.285405
8.274441
8.25612
8.259669
8.240879
8.246053
8.235369
8.2216425
8.259074
8.204038
8.307554
8.186564
8.295067
8.1944475
8.259965
8.227953
8.25552
8.214087
8.263325
8.187183
8.306013
8.170117
8.320061
8.26717
8.400265
8.256271
8.347918
8.271468
8.2963505
8.281218
8.312699
8.298525
8.424083
8.334824
8.376486
8.349461
8.488115
8.357441
8.491147
8.359103
8.410155
8.239455
8.234944
8.044789
8.1934
8.12415
8.314503
8.4069
8.535477
8.445681
8.551667
8.453596
8.556347
8.448183
8.5521965
8.40363
8.384777
8.146416
8.185316
8.0859995
8.161761
8.119447
8.241144
8.171568
8.3479395
8.210203
8.363776
8.184158
8.22152
7.975302
8.038959
8.013893
8.100597
7.942539
8.028812
7.9474173
7.850626
7.968358
8.009403
7.9185057
7.9238834
7.917539
7.9704275
7.8928475
8.011991
8.002464
8.048204
8.003696
8.0125885
7.9837966
8.130899
8.074685
8.167569
8.221116
8.201483
8.122106
8.07916
8.103344
8.123568
8.085463
8.036472
8.121899
8.159696
8.157804
8.121778
8.091701
8.179125
8.242824
8.156977
8.274894
7.9132557
7.861063
7.6440744
7.478136
7.5015993
7.3609285
7.0942545
7.124117
7.0982604
7.029148
7.0264807
6.968832
6.827388
6.6628833
6.331012
6.249215
6.390168
6.2112403
6.0578322
5.7936215
5.513906
5.2180185
5.2349524
5.0526576
4.8520966
5.140875
4.6752167
4.6127634
5.0102825
5.2123604
5.7571034
5.4742975
5.2522807
5.1220536
5.0554132
5.495319
5.467787
5.425146
5.0002446
4.4940023
4.835819
5.337043
5.401102
5.0775
5.3170958
4.7859745
4.722522
4.9699407
5.034968
4.9921856
4.7791595
5.2397623
4.784756
4.961629
4.8048944
4.879975
4.9306917
4.7477484
4.598527
4.353428
4.452707
4.5919294
4.4260125
4.437703
4.348032
4.393123
4.534928
4.720186
4.719319
4.2002044
4.1723785
4.2254915
4.436749
4.3572884
4.66442
4.019042
6.865221
7.232622
7.2697554
6.919175
6.7089167
7.097824
6.969839
7.2665076
7.4242096
7.5394025
7.7007384
7.6130714
7.4765797
7.430181
7.6312733
6.9674377
7.3480725
7.400133
7.393894
7.642885
7.1981144
6.8944564
5.7934203
4.432549
3.6095045
3.9482007
3.6257255
3.0255861
3.8999407
3.6356525
3.4829774
3.3689895
3.5408185
3.4555054
3.4574835
3.4747996
3.5541463
3.5622814
3.6154566
3.699835
3.8201163
3.9033635
3.9798045
4.026355
4.1799874
4.096751
4.0061893
3.5965912
3.4313538
3.506428
2.9572737
3.536975
3.6169438
3.2146292
3.5416994
3.372245
3.0453286
3.5481498
3.3709917
3.4905443
3.2020135
3.6110463
3.4718544
3.6032267
3.4455357
2.81046
3.6939492
3.825432
3.3556776
3.40238
3.7571244
3.6581063
3.4033484
3.5939946
3.6310024
3.5757983
2.401222
3.0240574
3.5702682
3.5024376
3.6089861
3.7188964
3.7247307
3.6694293
3.7464576
3.7322812
3.8176405
3.4872205
3.9270747
4.0710983
3.8105626
3.934887
3.9894326
3.904374
3.8439426
3.8367388
3.8160162
4.063706
4.141654
4.0986614
4.1023145
4.1170406
4.0395246
4.0826883
4.005382
4.1948195
4.1496577
4.0442796
4.0504613
4.0596137
4.0620313
4.2227974
4.219725
4.297284
4.3020787
4.3635826
4.356035
4.3958116
4.264851
4.2758703
4.0979524
4.216703
4.1876664
4.071145
4.048805
4.0711117
3.902924
3.8575237
3.985877
3.9813626
3.9164224
4.330322
4.5818543
4.2883196
4.024684
3.869675
3.4339933
3.5819547
3.3412788
3.2465413
3.4113705
3.600788
3.9630737
4.370569
4.3056636
4.0129848
4.019237
4.059934
4.5007973
5.064084
4.606839
4.4206457
4.3332653
4.6493773
4.4684725
4.2081475
4.464877
5.209529
5.505204
5.3101196
4.8272743
4.525593
4.4008827
4.222787
4.4326487
4.537525
4.838274
5.0712175
4.933239
4.643695
4.3859425
4.283426
4.312679
4.5705433
4.73349
4.5987587
4.7686176
4.940338
5.0169806
4.8726115
4.3970847
4.0493364
4.4415064
4.366538
4.5575914
4.465329
4.4476323
4.540344
4.4235454
4.6430106
4.499804
4.5131307
4.6578503
4.652589
4.5336604
4.5677795
4.636753
4.683446
4.7165713
4.461089
4.4935894
4.3510756
4.3365536
4.22426
4.3529377
4.129654
4.3221874
4.075104
4.0477552
4.180908
4.004175
4.03458
4.0660915
4.0086575
4.100601
4.0032706
4.035755
4.0080504
4.0029755
4.039669
4.0054054
4.0299444
4.045701
4.095139
4.1210113
4.174567
4.1810884
4.307977
4.305666
4.4298716
4.30658
4.3495674
4.2774262
4.375694
4.2187314
4.465762
4.35106
4.339661
4.3207064
4.409109
4.2385173
4.2295313
4.385232
4.3141184
4.378468
4.2291512
4.38934
4.241248
4.2931967
4.292131
4.367808
4.1096835
3.9709349
4.1722474
4.089641
3.9327812
3.8690104
4.345269
4.423367
4.630849
4.5824723
4.375812
4.276241
4.1516414
4.061883
4.00929
3.992581
3.7641137
3.6159358
3.5669613
3.560934
3.6272779
3.5975094
3.61268
3.4278579
3.591897
3.559044
3.5762851
3.6117096
3.5597901
3.6177232
3.562068
3.5796695
3.5879264
3.6086693
3.6151848
3.5730019
3.6500835
3.633148
3.568717
3.6444054
3.5442908
3.6014326
3.591714
3.5986223
3.6462443
3.6418808
3.5802917
3.6218529
3.6157825
3.7867782
3.8240068
3.766148
3.8016357
3.8035848
3.7141495
3.8359876
3.7113278
3.8853102
3.839508
3.8537612
3.836862
3.8669014
3.881012
3.8491483
3.8809848
3.839807
3.8407836
3.8871696
3.906848
3.8184776
3.8868518
3.8527892
3.8700733
3.858009
3.8910468
3.899652
3.9466848
3.8526266
3.9733622
4.1426573
4.0833516
4.028637
4.118057
4.12772
4.0897865
4.2275944
4.0954885
4.1290574
4.001953
3.9227834
3.840304
4.018718
3.9193182
3.9242525
3.999322
3.9445524
3.8736444
3.8415606
3.616416
3.5894608
3.5444303
3.6328235
3.4356205
3.2203612
2.9403872
3.0716906
3.0274193
2.9977028
3.9977891
2.7050638
2.6942167
2.706839
2.6441689
4.223476
4.4167356
4.3082805
4.2891474
4.2704525
4.2369246
4.114808
4.1406
4.390587
4.373215
4.4944606
4.5963964
4.536543
4.543976
4.2978754
4.4731264
4.6651692
4.5508485
4.4584846
4.3736167
4.4287515
4.596545
4.528118
4.3545356
4.1139708
4.024409
4.084655
4.3821163
4.564869
4.622834
4.5084095
4.4864507
4.6386085
4.5023017
4.513553
4.2211714
4.2245526
4.2997866
4.58788
5.043352
5.3223863
5.280757
5.189795
4.9746637
4.7183895
4.6364613
4.237946
4.2689443
4.3350163
4.525943
5.055325
5.4206085
5.418544
5.679044
5.3697586
5.2678404
4.9295125
4.6298246
4.5109043
4.622859
4.9069347
5.12322
5.2121882
5.628497
5.670572
5.519784
5.2603807
5.2171526
4.965085
4.6962194
4.551773
4.378528
4.3281264
4.925411
4.788801
4.831394
4.714714
4.489794
4.290751
4.2110715
4.309741
4.4918823
4.5986223
4.2308574
4.310007
4.0445385
4.222058
4.299391
4.136081
4.0349216
4.0470486
3.7615128
3.8238983
3.6797566
3.4004452
3.3586988
3.2702847
3.1706839
5.0907297
5.1224623
5.08241
5.120366
4.898923
4.7862825
4.7333636
4.7849903
4.7584023
4.6743126
4.6589565
4.579133
4.5382566
4.5892844
4.6195383
4.5894804
4.549099
4.5629845
4.5007577
4.6494513
4.5129724
4.6369147
4.543276
4.4845767
4.475074
4.8423047
4.833002
4.919644
5.0204973
5.0426903
5.051936
4.979478
5.035963
5.017669
5.1491146
5.1061563
5.0321527
5.1113796
5.070659
5.047554
5.0288243
5.0972548
5.255403
5.3605413
5.305249
5.363964
5.367686
5.4644175
5.3643184
5.3773165
5.3046293
5.3649817
5.348896
5.2849245
5.259081
5.259188
5.276125
5.1862693
5.2561326
5.3787293
5.2219768
5.405843
5.245466
5.401376
5.3020053
5.3906507
5.419994
5.2190533
5.375067
5.2296376
5.3436966
5.152786
5.2391257
5.1375175
5.0513268
5.0174904
5.028223
4.9340425
4.9243546
4.811002
4.8886766
4.935393
4.9984574
4.9341726
5.032337
5.0375323
5.0433702
5.0328383
5.0616713
5.0977893
5.0341606
5.0929937
5.0570726
4.9673424
4.9975786
4.9666524
5.002824
4.9776254
5.0117006
5.0516996
5.014966
4.987159
5.031037
5.0327177
4.952927
5.0360565
5.0861044
4.895914
4.924637
4.9474645
5.0085955
5.0718584
5.1606317
5.226131
5.2138557
4.973732
4.934577
4.9667916
5.130099
5.1445174
5.117947
5.133864
5.132843
5.374428
5.09402
5.145411
4.971385
5.269852
5.368189
5.130663
5.2658415
5.1163025
5.2207355
5.0614448
5.0653033
5.0340867
5.0601606
5.0421534
5.025223
4.999379
5.1036606
5.0788126
5.1319847
4.97714
5.10393
5.108029
5.069682
5.1003313
5.2040544
5.1808667
5.0793204
5.152588
5.035682
5.0775495
5.187775
5.0922194
5.17684
5.177587
5.18716
5.2250977
5.2750754
5.3827214
5.361067
5.425835
5.342452
5.3492527
5.4110603
5.4732585
5.503374
5.4595118
5.3495536
5.3558745
5.4420576
5.4971695
5.3677945
5.4248333
5.3516445
5.341595
5.2437773
5.3016357
5.3918657
5.4265776
5.5678105
5.4021554
5.3133764
4.989077
4.9277506
4.944539
4.972269
5.054352
5.031785
5.217037
5.0115504
5.1404366
5.140773
5.087243
5.162326
5.097105
5.0536613
5.1354055
5.177494
5.1759725
5.258081
5.2578917
5.357201
5.4075966
5.256518
5.3530064
5.2915754
5.2265997
5.2476273
4.6554413
4.279549
4.159049
4.0287323
4.1399407
4.611873
4.34548
4.4496374
4.630106
3.9921446
4.8374524
5.1498733
4.6254086
4.7078876
4.43624
4.231162
4.5926895
4.551354
5.0120854
5.223959
5.125181
5.0453787
5.0864654
5.1079435
4.944979
5.08835
5.4936767
5.8303833
6.0174723
6.3284254
6.379105
6.3537645
6.2724
6.2402124
6.272172
6.3308268
6.3438344
6.330283
6.3596115
6.455753
6.529777
6.611569
6.56102
6.487673
6.5127664
6.4935384
6.510316
6.474386
6.3097095
6.3977723
6.366658
6.463493
6.2347136
6.264799
6.20299
6.2714396
6.170747
6.19384
6.296665
6.461491
6.518524
6.3654246
6.4593787
6.3368616
6.2846727
6.172324
6.193057
6.1023445
6.186289
6.0747986
6.1868196
6.4718504
6.429747
6.62236
6.6247888
6.5782123
6.1845303
5.8828506
5.5187364
4.8448143
3.4419384
3.2696426
3.6260254
3.5905862
3.5815985
3.254922
3.4982347
3.941644
4.127967
3.6422465
3.8233392
4.094917
3.3751192
3.289877
3.4275475
3.9861057
2.8476133
3.0674632
3.299246
4.3573527
4.294231
4.214815
4.1720366
4.1466646
4.247309
4.1619377
4.1076193
4.046844
4.06778
4.0551515
4.1833196
4.4590387
4.359038
4.490751
4.5479755
4.583191
4.5475416
4.5594444
4.6238875
4.4417653
4.467625
4.2485805
4.3950725
4.3506293
4.3467455
4.3178315
4.2717586
4.211822
4.255316
4.1949778
4.117564
4.180059
4.2127542
4.172588
4.236995
4.189393
4.2147636
4.2413826
4.2560034
4.24281
4.2551093
4.2324386
4.305018
4.286945
4.252124
4.251913
4.285894
4.2653503
4.3600783
4.164355
4.3703623
4.229482
4.341117
4.231948
4.329182
4.273009
4.360211
4.2519736
4.4473243
4.3285646
4.3355875
4.267192
4.3079133
4.3819246
4.3855863
4.3644757
4.3952403
4.332098
4.3761044
4.412331
4.340626
4.4054446
4.338499
4.4069777
4.368931
4.3757377
4.3562403
4.421707
4.3825207
4.3705907
4.3873787
4.3131976
4.403755
4.22418
4.2846003
4.2543654
4.3456087
4.1907043
4.273811
4.243229
4.260973
4.278013
4.2739944
4.2618456
4.2890487
4.2303224
4.270613
4.286355
4.1763215
4.306283
4.1862497
4.335194
4.1605015
4.348471
4.2571306
4.239918
4.333125
4.328149
4.283435
4.2857914
4.312773
4.3232846
4.2980394
4.327537
4.2898984
4.30203
4.401129
4.2898393
4.444422
4.332482
4.442929
4.315551
4.4117956
4.3308167
4.3855977
4.4368215
4.3293996
4.39674
4.4002213
4.2629795
4.4094896
4.2773485
4.3266816
4.3261914
4.371912
4.243154
4.3249655
4.3257537
4.2623606
4.311803
4.2963715
4.3389454
5.7463503
5.7124243
5.9215465
5.815525
5.830432
5.848608
6.050909
5.781642
5.849647
5.761753
5.9277625
5.837996
5.974257
5.866799
5.9420643
5.8018594
5.9637613
5.871675
5.915598
5.854813
5.884208
5.8945713
5.88087
5.7426505
5.781042
5.8720284
5.6611495
5.9416947
5.8482957
5.8642282
5.950376
5.916099
5.879655
5.950176
5.8613477
5.877748
5.8454165
5.990385
5.86324
5.817049
5.894182
5.821573
5.7593465
5.861572
5.821927
5.69021
5.9239798
5.9595857
5.759822
6.052355
5.8290644
5.96047
5.856503
5.7355857
5.983205
5.8123035
5.9181213
5.818926
5.8816605
5.7808127
5.9653506
5.754385
5.9736276
5.7140827
5.962451
5.717257
5.9249563
5.803954
5.761911
5.8967247
5.675437
5.850044
5.830453
5.6877675
5.739923
5.765786
5.749366
5.771189
5.806533
5.785466
5.858258
5.764828
5.865864
5.8576064
5.9030724
5.861224
5.896144
5.8513975
5.9142156
5.864939
5.92283
5.8866134
5.823078
5.8537636
5.958093
5.8644543
5.917371
5.842987
5.824908
5.679172
5.67429
5.7246213
5.7845
5.804805
5.6252594
5.5106926
5.4068193
5.3068147
5.325478
4.9274807
5.167941
5.4229546
5.3302827
4.5066323
2.984824
5.42824
5.4971805
5.7443485
5.642006
6.046846
6.4291
6.6055627
6.642562
6.370626
6.326707
6.5535645
6.59724
6.5333757
6.546879
6.566483
6.4148464
6.3772454
6.2563267
6.223606
6.1011558
6.346854
6.8634686
6.4768543
6.3946157
6.691284
6.4365573
6.4898224
6.655579
6.834021
6.5930653
6.214216
6.3855658
5.9664717
6.134901
6.68224
6.826796
6.797473
6.296956
6.3853674
5.834971
6.233609
5.594544
5.4979258
5.1577654
5.3126864
6.1032314
6.04944
5.935958
6.236922
6.096432
5.4110327
5.719304
6.1811595
6.294717
6.7494116
6.452803
5.944952
5.60883
5.884922
6.102598
5.7948904
5.556285
