10000
5.1389556
5.139011
5.02818
5.2145824
5.151083
5.1871276
5.124645
5.1697946
5.173108
5.1061816
5.089721
5.1032467
5.155025
5.1046586
5.155289
5.140472
5.148159
5.2429047
5.2666445
5.2171073
5.1449237
5.0918493
5.268745
5.1767178
5.204055
5.261315
5.1942954
5.1827507
5.2407737
5.2120004
5.2830243
5.1913176
5.2131286
5.2388344
5.142761
5.244183
5.276556
5.170318
5.231492
5.1707354
5.1801414
5.190693
5.180417
5.2144866
5.1760674
5.190421
5.2544975
5.2149644
5.152479
5.2304506
5.218476
5.2346826
5.004692
4.9120617
4.8330007
4.7444777
4.906389
4.8945107
4.8713427
4.758808
4.9440603
4.8026743
4.701488
4.8115144
4.6389985
4.817724
4.7970915
4.8018217
4.8736258
4.8982058
4.823668
4.900008
4.76398
4.762514
4.7193484
4.7071056
4.652469
4.7328744
4.6753554
4.6451178
4.7622914
4.7531805
4.5894275
4.67192
4.637241
4.6863422
4.700204
4.6508446
4.657378
4.5705748
4.574928
4.552369
4.592049
4.6410847
4.7108464
4.758093
4.6024194
4.464509
4.6133056
4.6815076
4.632277
4.6066346
4.608031
4.5697813
4.600485
4.555613
4.60262
4.7241015
4.6342316
4.6515546
4.6046085
4.6334963
4.5638638
4.4983673
4.6172557
4.331437
4.353455
4.4622254
4.29801
4.2111855
4.2966437
4.0825768
4.116313
4.054765
4.056174
4.097863
4.04278
3.990407
3.9608574
3.8779879
3.881302
3.7966397
3.6679797
3.7683058
3.699874
3.3909733
3.730767
3.5531166
3.5988688
3.5613446
3.5771961
3.422142
3.5731106
3.5148077
3.497425
3.6069958
3.4366791
3.4046168
3.586873
3.3446474
3.6168745
3.3590174
3.5747004
3.3634772
3.721541
3.1282058
3.2052124
3.2481675
3.655233
3.1836507
3.1450849
3.0459714
3.4360669
2.9743786
3.0185678
3.2448444
3.1839886
3.803957
3.1463878
3.1019232
3.6387858
3.6349216
3.2219648
3.2855802
3.2135358
3.8115993
3.243132
3.2101839
3.4927697
3.7836664
3.3095405
3.3214746
3.3409636
3.2352448
3.2239716
3.2436945
3.1966305
3.8107433
3.2050338
3.1662974
3.2292018
3.2548692
3.2362382
3.3114877
3.8804862
3.2827966
3.266502
3.2878132
3.5706775
3.2505393
3.2775383
3.263408
3.2937202
3.3024297
3.2916918
3.2865014
3.7054977
3.3379092
3.690877
3.314919
3.7232356
3.288074
3.6756217
3.2283623
3.2736435
3.2379746
3.2564418
3.262712
3.2932477
3.302571
3.276696
3.2923672
3.6746163
3.2597778
3.276574
3.24171
3.2578576
3.5526843
3.296372
3.288053
3.319982
3.3279128
3.3044171
3.2639096
3.306871
3.31711
3.3207157
3.3401885
3.333707
3.2684135
3.2540574
3.2630591
3.2603488
3.2207365
3.2476454
3.1719065
3.2460766
3.6236374
3.2432785
3.257318
3.2803419
3.27582
3.222393
3.2754421
3.218442
3.2306876
3.2966723
3.2851882
3.223775
3.2335017
3.2754912
3.229747
3.2750204
3.2625031
3.2436025
3.2757006
3.2545588
3.2547078
3.262407
3.2158442
3.2346852
3.2648332
3.1410718
3.2494347
3.2957113
3.2770624
3.25751
3.2708948
3.2505598
3.2397838
3.8569205
3.2675402
3.2982428
3.605805
3.2756088
3.7639284
3.2882576
3.2782211
3.3070297
3.2252555
3.2314675
4.5792193
4.5224233
4.608985
4.6452265
4.65302
4.5128675
4.558446
4.5397596
4.5961866
4.61477
4.638109
4.552264
4.4914107
4.656581
4.536396
4.543646
4.6183786
4.5408354
4.591569
4.618931
4.607167
4.521163
4.56324
4.5480742
4.425945
4.5281053
4.413439
4.36841
4.6561823
4.5875587
4.6098714
4.7341876
4.665295
4.638184
4.5877533
4.619945
4.6006646
4.5400696
4.6197395
4.5871387
4.590072
4.557445
4.5834026
4.5478606
4.6381845
4.5965185
4.6023283
4.517624
4.2810287
3.9796448
3.4912834
3.6332455
3.583769
3.535379
3.6027918
3.5623198
3.528972
3.4689229
3.4457316
3.4992273
3.5096202
3.5583463
3.599591
3.5615706
3.4977643
3.598876
3.5285068
3.5228252
3.5527632
3.6170359
3.6864514
3.550862
3.65981
3.5541103
3.5635679
3.652752
3.5870547
3.648926
3.65639
3.6767554
3.675026
3.7576585
3.6871533
3.2656698
3.1042376
3.1261594
3.605638
3.1434224
3.2140493
3.2162783
3.1935
3.5501795
3.8160193
3.2576962
3.665503
3.1988006
3.6560225
3.7032146
3.2960582
3.740761
3.4506242
3.4792695
3.4600048
3.1407697
3.1299872
3.148472
3.112425
3.1196716
3.1613772
3.1622722
3.20886
3.1753893
3.2169645
3.693945
3.8162386
3.18747
3.137754
3.1751962
3.1755276
3.5897634
3.1286254
3.1053658
3.1107688
3.1573744
3.410041
3.3829763
3.3918183
3.1838589
3.1222522
3.1755342
3.0806596
3.6995
4.10944
4.1411104
4.160842
4.1690674
4.1746783
4.1946726
4.2429633
4.2615705
4.3206024
4.213538
4.1447506
4.0441914
3.6580825
3.6439946
3.6834903
3.5636342
3.1955643
4.2818537
4.20235
4.244274
4.003221
3.5116081
3.361413
3.0596275
2.8296626
2.7801483
2.8436968
2.79837
2.978961
3.8980527
3.3110545
3.2923272
3.4851441
3.4428282
3.421356
3.1679213
3.263995
3.6440716
3.5678675
3.4654846
3.5367155
3.5567648
4.060061
4.1519675
4.2902737
4.4757857
4.4929123
4.4715505
4.599451
4.4575825
4.5418477
4.582408
4.614525
4.6989074
4.7525387
4.803334
4.6939535
4.725931
4.7121224
4.7748957
4.693903
4.6327863
4.7108064
4.659937
4.659752
4.668009
4.71231
4.632982
4.7212343
4.6922784
4.7382374
4.629678
4.5923567
4.56712
4.6078215
4.555448
4.6512337
4.6442795
4.6365223
4.5990067
4.6736326
4.584914
4.6329455
4.533153
4.5893955
4.545166
4.614323
4.545127
4.559471
4.556291
4.555595
4.551632
4.5678816
4.445897
4.497314
4.4168057
4.4493976
4.3518977
4.1674104
4.1104403
4.1470594
3.9543064
3.8204348
3.7575219
3.6307833
3.619562
3.760007
4.1825056
4.3070173
4.437914
4.306149
4.481982
4.6266465
4.6362524
4.720855
4.8674226
4.8977766
4.796014
4.478241
4.522355
4.571468
4.5246286
4.553084
4.6647286
4.546768
4.302984
4.018392
4.218576
4.0313797
3.9335215
4.0346146
4.0973673
4.120676
4.1922007
4.339469
4.5348697
4.5836844
4.6959195
4.6540017
4.7030663
4.6201315
4.666101
4.659438
4.6628556
4.6514983
4.6947246
4.6793356
4.6199007
4.668615
4.6498528
4.734905
4.6772027
4.667391
4.6529775
4.6875453
4.6998105
4.7316713
4.7320585
4.712863
4.7218246
4.703554
4.654714
4.6246185
4.6311517
4.657353
4.6594086
4.64189
4.6352763
4.610914
4.7019415
4.6659265
4.737565
4.6998186
4.6651297
4.70372
4.683478
4.676426
4.5392776
4.4523735
4.44654
4.444688
4.5905623
4.58806
4.6629767
4.554389
4.568039
4.4463124
4.502432
4.3773346
4.430998
4.3831863
4.390869
4.4143825
4.4094715
4.2640452
4.1294956
4.0942674
3.886103
3.7690217
3.8331175
4.0263634
4.2517695
4.220544
4.0801783
4.030051
4.229417
4.181049
4.220397
4.1665354
4.2887845
4.225617
4.1698437
4.074543
3.9819965
3.7702923
3.711939
3.9269207
4.081703
4.2908525
4.0563374
3.8402083
3.8687482
4.0068393
2.1788778
2.251372
3.4786515
3.7846732
3.738987
3.8456078
3.2875035
3.0309718
2.9623723
2.9295366
2.7017019
3.2823787
3.241456
3.3150966
3.3907566
3.3251152
3.3565485
3.328774
3.312211
3.2853265
3.3113852
3.3250525
3.3189147
3.3338401
3.365259
3.3514867
2.7742033
3.3673115
3.2827458
3.2813182
3.3485188
3.250069
3.313175
3.3489041
3.3524582
2.8470695
3.271164
3.344255
3.3178554
2.7055821
3.3134506
3.36045
3.3380036
2.65805
3.3218174
2.4981618
2.821018
3.0211887
3.325809
3.3505025
3.303073
3.6000376
3.2997832
3.5734382
3.5349183
3.9354072
3.727636
4.004676
4.0927396
4.2832117
3.9212215
4.0241413
3.9162467
4.132943
4.158066
4.2009497
4.1816125
2.6923041
3.721919
3.7922966
2.4455342
3.5350702
3.5041595
3.6261754
3.5881443
3.6842127
4.0636873
4.359871
3.934279
3.7482753
3.5011413
3.2758958
3.4248567
2.5878675
3.4056344
3.2526553
2.4881713
3.1880999
3.0263066
3.337721
3.474958
3.66839
3.695211
3.426551
3.5438573
3.4731174
3.8012304
3.7958107
3.955274
2.8484092
3.9165854
3.6890402
3.5309305
3.6953707
3.4917388
3.079214
2.8122756
2.907573
2.774669
2.901099
3.0337007
3.1158204
2.9976628
2.8679886
2.6355762
2.3754325
2.600475
2.3815777
2.5296414
2.6913865
2.6775575
2.5698323
2.6476912
2.5952582
2.7327433
2.7099988
2.7700977
2.7753584
2.8155098
2.8610556
3.1418045
3.297404
3.1369894
2.9521742
2.943331
2.8892832
2.8993971
2.847099
3.0518713
3.1108315
3.2271228
3.3857307
3.45919
3.5064855
3.3192606
3.2716486
3.1134686
2.7585905
2.8589432
2.8366957
2.8997507
3.1734076
3.3003387
3.4096792
3.7472463
3.7158592
3.4250667
3.3010435
3.094676
2.9286256
2.7263546
2.8697305
3.0616705
3.077966
3.249311
3.5044894
3.5152419
3.5470073
3.6817431
3.482605
3.4174051
2.9808378
2.954782
2.5359585
2.7155907
2.6416008
2.8488579
3.1956654
3.529237
3.4608994
3.7110152
3.9157174
3.646619
3.319056
2.7740507
2.720895
2.1362555
2.5392132
2.216525
2.5197341
2.7102902
3.0072482
3.1808863
3.278802
3.4316382
3.2413783
3.197929
2.9156194
2.3351831
2.7066226
2.3164968
2.3816824
2.565226
2.5566967
2.8398542
3.0132854
2.8396747
3.1868384
3.1994917
3.2065947
2.905708
2.7847652
3.0183563
2.9030435
3.0282855
3.2086987
3.018464
2.9868805
3.1531258
3.1586497
3.1967454
3.0155747
3.1943111
3.2095418
3.0289896
2.6884255
2.7817335
2.7479572
2.7391846
2.8014133
3.0655859
3.4047513
3.6365466
3.56312
3.7258255
3.6002598
3.702464
3.29556
3.0253928
2.9626718
3.0147943
3.0555413
3.2122338
3.056098
3.0786176
3.2894478
3.3618188
3.4018016
3.5370564
3.7091084
3.4650788
3.1827788
3.0004258
3.0304215
2.9534912
3.0507643
3.106154
3.3567178
3.0375495
3.2754948
3.577238
3.3537974
3.614987
3.7702267
3.4018958
3.0341232
3.0352523
2.8231916
3.1197636
2.9812148
3.1484942
3.1479259
3.090393
3.3266854
3.5389037
3.2435234
3.158904
2.8537087
2.6872635
2.8600118
2.7117872
2.7757223
2.8793464
3.0862372
3.0101635
3.1685286
3.2237608
3.302613
2.8906476
3.0374234
3.055223
2.6315649
2.6618085
2.6720145
2.7046432
2.5570376
2.6730993
2.775021
2.9952636
3.078609
3.1992993
3.1375082
3.0939605
2.7572498
2.6836047
2.5562737
2.6917949
2.6858068
2.6944122
2.651045
2.8375757
2.8414145
3.13386
3.265616
3.2064242
2.9854028
3.0376375
2.7650933
2.5826383
2.6681576
2.638874
2.7235198
2.613214
2.7792923
2.8948858
3.0541055
3.2645407
3.3756948
3.1093004
2.6992445
2.5871744
2.6467776
2.7757137
2.913811
2.9452462
3.2318845
2.916693
2.6470194
2.9240978
3.0250342
3.2368946
3.1370602
3.077766
2.6394534
2.7139494
2.731602
2.7537556
2.727704
2.8463137
2.9553275
3.1496365
3.0250835
3.391978
3.5173068
3.0393748
2.9859009
2.8580294
2.6112652
2.3404517
2.3856363
2.7974985
2.4720047
2.620775
3.5910554
2.5366344
3.560861
2.7601774
2.73112
3.5533977
3.3595269
2.7780092
3.0319822
3.4259386
3.566504
3.5361447
2.797235
3.6008563
3.5066285
2.825966
3.367946
3.5057564
3.5234623
3.4089708
3.4810596
3.5268726
3.0684235
3.5345197
3.5236526
3.4374819
3.4957256
3.3555062
3.3984904
2.9058084
3.5563917
3.435094
3.4022894
3.4925432
3.4529827
3.5338898
3.5192256
3.5071669
3.4008932
3.4617333
3.391817
3.3322768
3.196804
3.1923795
3.2155206
3.1066282
3.2029572
3.1958816
3.2877028
3.3314052
3.383986
3.3833542
3.4214802
3.4711199
3.3934274
3.3971734
3.4715645
3.5292587
3.6605597
3.170549
3.4838824
3.5111165
3.4661207
3.4492965
3.1956863
3.3953578
3.3833396
3.3599963
3.3269672
3.1860304
3.1383002
3.4523618
3.221203
3.4980187
3.5087845
3.4031227
3.1713104
3.4665833
3.1365225
3.4687839
3.2012563
3.4487834
3.1586008
3.1771467
3.2090814
3.1288254
3.1067986
3.2252681
3.1576314
3.1817598
3.1330845
3.1297135
3.066516
3.0939407
2.9673383
2.8188
2.6984284
2.7533257
2.6918766
2.6811976
2.6017442
2.748629
2.9851222
2.9678125
3.011113
3.0788856
3.0859094
3.1646538
3.1040926
3.102926
3.1288712
3.1757073
3.1393971
3.294362
3.212541
3.4456067
3.1774652
3.2811582
3.22603
3.2021656
3.1736774
3.138635
3.1883059
3.189769
3.1539295
3.2505088
3.187356
3.2210674
3.2222
3.2547839
3.2513435
3.2530532
3.2265465
3.193544
3.2225769
3.1980667
3.1550891
3.106934
3.0858984
3.026804
3.0304494
3.0417554
3.1243463
3.14532
3.1783671
3.1544404
3.2379022
3.1464896
3.1435506
3.2395842
3.058669
3.0962286
3.4587524
3.453717
3.1352446
3.0379682
3.0385427
3.1602397
3.2143118
2.8244138
3.1600044
3.164308
3.184834
3.4001105
3.214028
3.4484367
3.3538227
3.233039
3.4421568
3.3478684
3.4469075
3.4480116
3.3949373
3.4675696
3.3425288
3.5311794
3.239328
3.449535
3.4197135
3.4856744
3.4629245
3.4367547
3.231183
3.369826
3.1951802
3.2809613
3.3893676
3.751838
3.6390376
3.6458135
3.6668644
3.568006
3.199732
3.4370081
3.4298677
3.5385296
3.4555955
3.4666047
3.4741902
3.5468636
3.5095742
3.5136328
3.442958
3.4548433
3.516853
3.4539883
3.4242291
3.5018063
3.3990338
3.5214274
3.4890592
3.30388
3.473834
3.537106
3.4376173
3.3910189
3.4067082
3.3920045
3.4699442
3.4465458
3.4506607
3.5692997
3.285557
3.3104
3.2288218
3.0510237
2.6762772
2.5792398
3.096266
3.0776281
3.5485883
3.949295
2.6724381
3.8326793
3.6697464
3.455244
2.6321983
3.303972
3.0456057
2.5905778
3.4895122
3.417799
3.2448323
3.4224277
2.7371876
2.4608595
3.5008845
3.5040295
3.5419607
2.601002
2.6012983
2.5034966
2.618906
2.5194411
2.615747
2.5457723
2.570194
2.6698754
2.64154
2.7460208
2.7969198
2.7269483
2.6540647
2.7162707
2.5411959
2.897066
2.6695738
2.6017685
2.9651644
2.7602978
2.5597944
2.7582572
2.659011
2.690125
2.6677165
2.690131
2.5551577
2.665462
2.6127162
2.686866
2.623312
2.6303995
2.670236
2.5760818
2.654451
2.676248
2.6353452
2.687043
2.708009
2.6733487
2.7176285
2.6841252
2.693166
2.6681912
2.6543603
2.7195673
2.8126037
2.840939
2.948545
2.722804
2.8427567
2.7177238
2.7396364
2.7291534
2.7426887
2.6134133
2.6819806
2.533328
2.5983713
2.5151362
2.5464382
2.6680074
2.708836
2.6658244
2.6378675
2.6086845
2.6671515
2.6380363
2.5488088
2.518318
2.6134028
2.6536381
2.6838837
2.6991014
2.7619781
2.696356
2.7886171
2.760996
2.7653399
2.7877269
2.7956347
2.6041203
2.7516413
2.6480186
2.7471154
2.6849318
2.8873887
2.5111408
2.7310386
2.4842052
2.61403
2.702066
2.5657892
2.7924986
2.699376
2.6075802
2.6738997
2.7888584
2.7234383
2.5686908
1.9165888
2.3612094
2.431399
2.4746308
2.6362362
2.4510643
2.4790478
2.4752965
2.474214
2.5778244
2.3971474
2.5862017
2.1119342
2.6084561
2.2335045
2.2467375
2.5173852
2.5386333
2.5563037
2.573651
2.5465047
2.6637034
2.5473573
2.4549646
2.5620947
2.5033922
2.4206913
2.5718222
2.5432484
2.135565
2.2293859
2.4230578
2.8134708
2.1233087
2.8366518
2.6541486
2.5691838
2.617558
2.6684291
2.6324775
2.4908211
2.8860774
2.3730092
2.6227934
2.40803
2.471837
2.5639973
2.7776756
2.615954
2.6027462
2.5830371
2.6457462
2.4149003
2.891159
2.4144952
2.484976
2.5014064
2.5163016
2.5566368
2.865613
2.5058017
2.8347654
2.784131
2.7254288
2.7571888
2.5422442
2.5144184
2.6613243
2.6981342
2.4819236
2.6135273
2.7027533
2.5496845
2.0481288
2.1388624
2.7458773
2.7285438
2.673892
2.456205
2.675385
2.7330697
2.581312
2.6066422
2.5463905
2.736278
2.5390058
2.614523
2.5377946
2.7736208
2.6223319
2.6958177
2.7306437
2.6385908
2.8534958
2.400739
2.669973
2.2261777
2.5404518
2.5733309
2.5957735
2.5487142
2.5042977
2.5953488
2.6158462
2.3621156
2.3376641
2.7074966
2.6224005
2.5733788
2.478601
2.5579422
2.4717686
2.3646388
2.6026466
2.3563442
2.6285205
2.5116355
2.6968918
2.451383
2.6918418
2.6877744
2.7272646
2.695902
2.7000794
2.5952547
2.6050527
2.7064004
2.9263468
2.6301446
2.7755654
2.7536385
2.740556
2.6923625
2.775803
2.6748574
2.716828
2.7888784
2.6625316
2.6843061
2.7792385
