10000
10.0774555
10.079941
10.049231
10.071203
10.025461
10.0563
10.0091095
9.983187
9.964537
10.016411
9.870792
9.937592
9.966063
9.842214
10.04439
10.020393
10.003422
9.948048
9.969493
9.83537
9.976323
9.961644
10.035625
9.881906
9.990878
9.992186
9.959295
10.009891
10.078893
10.044316
10.110452
9.85366
9.84826
9.93181
10.064311
10.105289
10.062949
9.93776
9.763362
9.625558
9.396134
9.150436
8.832907
8.668956
8.269226
7.5345306
6.6511974
5.9643617
5.499481
4.371993
4.4959774
4.786975
4.5681186
4.761592
4.5503354
4.7395406
4.617534
4.7387314
4.491456
4.574662
4.7108254
4.8284283
4.576579
4.4115734
4.388196
4.5090017
4.6238613
4.528895
4.550942
4.4417305
4.6040583
4.6167765
4.6830974
4.6799088
4.883303
4.6657124
4.2007656
4.246679
4.1074886
4.2343154
4.0179167
4.2293277
3.9672482
4.7568808
4.1405277
4.028354
4.001897
3.8770785
3.9304843
4.1214814
4.0004845
4.326996
4.7642746
4.372863
4.5117593
4.299094
4.776304
4.5971775
4.2065945
3.8926365
4.4301186
3.1166806
4.9902925
5.059322
5.330905
5.6308484
5.8827233
5.4407244
5.005679
5.7265882
5.4142094
5.7503138
6.0537386
5.5579014
5.557699
5.457219
5.1274214
5.539641
5.316537
5.250805
4.0968347
4.0191555
5.3830814
5.6567416
5.396549
4.200429
4.505333
4.613675
4.1228447
4.450981
4.297164
4.2020273
4.146385
5.0462265
4.913022
4.9369
4.1757274
4.814216
4.676445
5.263385
5.51296
4.9925327
4.173858
3.4465127
5.2013474
4.7360888
4.6028185
4.7745056
5.235356
6.1766844
7.430174
7.048154
5.7587023
4.4782376
4.1235876
5.244722
6.154374
7.411087
7.0704126
5.8243847
4.733438
4.953868
5.458828
5.7421303
6.344303
6.204183
5.14576
4.249818
4.7136116
3.8770466
3.7505422
3.9185948
4.238493
4.4184484
3.7826002
4.7977905
5.9362555
4.929286
5.267023
4.427425
4.3740363
4.3948045
5.056549
4.9818096
5.2624683
5.2450447
4.3193545
4.134532
4.8108954
4.764247
4.9121346
5.2237267
5.990359
6.4669356
6.06554
5.8799963
5.3985224
5.514434
5.935883
6.466915
6.506678
6.313667
5.9158244
5.442462
4.9304895
5.488037
5.892275
5.9986043
6.0297914
5.522888
5.190343
5.0062504
5.1472483
5.6455183
5.8001633
5.7192106
5.2368145
4.72671
4.7070765
4.0056787
4.711565
4.526716
4.667671
4.1451697
4.096375
4.0797825
3.782516
3.8005023
3.8427677
3.9154747
3.8634255
4.2501135
4.4777284
4.7815285
4.2407575
4.435816
4.103451
4.3199115
4.6587696
5.244558
4.086204
5.1474175
4.109037
5.721364
5.7360554
5.5467362
4.400009
5.3572183
5.3135424
4.339561
4.807681
4.4128428
4.3065
4.6466503
4.3891635
4.5354137
4.1789804
3.8719292
3.6949005
3.8130593
3.525044
4.0581517
4.198572
3.4564471
3.8942964
4.2557125
4.5162024
4.6401668
4.8532057
5.223206
5.2048388
4.9935455
5.3489237
4.761739
4.012999
4.612189
4.1198797
3.9738917
3.558762
3.456697
4.4011946
4.3738146
4.4980106
4.8556585
4.572503
4.9243355
4.531636
4.1750913
4.0472693
3.987578
4.82504
4.475066
4.0624523
4.74532
5.2025104
4.570003
4.298826
4.6421113
6.0187836
6.286787
5.4471707
3.4325862
3.778913
4.127868
3.9094932
2.9441051
3.6248064
3.726703
4.434149
4.358429
3.6078808
4.3664308
4.794225
5.14345
5.2619104
5.391565
5.358563
5.2277493
4.982545
5.3762345
5.7776923
5.6591434
5.930368
5.844145
5.9528103
6.3971996
6.417102
6.2845054
6.4530025
6.8836107
6.6518745
6.395274
6.414375
6.3781834
6.1281166
5.851448
5.5524917
5.4640074
5.864935
6.0271063
6.1220875
5.8523207
5.5864487
5.2221355
5.8155413
5.90331
5.361355
5.2158813
4.5190196
4.464674
4.754088
5.0517616
4.9129047
5.0931907
5.450531
5.7175674
5.688876
5.5861616
5.507126
5.6913643
5.3119903
5.360562
5.133874
4.5885487
4.8628435
5.0341096
4.8355193
4.617802
5.0270333
5.462682
5.247405
4.802614
4.9875464
5.592637
5.6771135
5.440032
5.141924
5.476849
6.173606
6.647475
6.298433
6.007642
6.049398
5.642389
5.9720407
5.888939
5.891094
5.92387
6.2325506
6.302016
6.538495
6.5027347
6.296356
6.420503
6.5743585
6.7498636
7.109106
6.6591425
6.0145373
5.3428407
5.2539654
5.2266126
5.4048157
5.9034925
6.3206663
6.660331
6.4572153
6.5367794
6.575762
6.6498203
6.74644
6.267717
4.0220613
4.3255463
4.481792
4.578237
4.4449883
4.511074
4.692332
5.09465
5.6813064
5.5729303
5.3525224
5.373841
5.511398
6.2245045
6.8827415
6.6606026
5.3586226
4.414614
3.3342252
2.2454078
3.2892492
3.0896459
3.7475624
4.241061
4.881776
4.387129
5.9205146
6.4855614
6.4900475
6.5046277
6.3125644
6.0210705
6.161459
6.3023252
5.9930286
5.753586
5.5037737
5.1338687
4.9613323
4.97458
4.8756304
4.427175
4.6239676
4.9613705
4.5988684
5.1680837
5.50911
5.469245
5.2220755
4.951082
5.209238
5.1442003
4.933199
4.660741
3.1572082
3.6606908
3.3778908
3.6881797
4.5190783
4.512043
4.522838
4.397505
4.6734104
4.4332223
4.5827007
4.326226
4.3494186
4.4072275
4.502081
4.243139
4.4856915
4.5292954
4.852911
4.7009983
4.659618
4.9998913
5.289403
5.8341765
5.978864
5.8277116
5.704206
5.67504
5.6241627
5.90489
5.848178
5.7722316
5.6990795
5.686145
5.534295
5.379324
5.684129
5.271566
5.160328
5.1190257
4.3023453
4.5652323
4.319862
4.4934244
4.614238
3.967693
3.6835775
4.413002
2.8971732
4.550573
4.2503023
4.3698277
3.8218927
0.8058707
1.8166625
3.8935316
4.520815
5.139908
4.3503118
4.5003376
4.443718
5.1746387
5.573746
4.1176624
4.51373
5.0980244
4.78815
4.5771394
5.3643103
6.307255
5.3747263
4.64711
4.051773
3.2126832
3.2437642
3.4593265
3.1474397
3.2256203
3.2861629
2.599921
3.239956
3.4580011
2.8713548
2.9546254
2.8549411
3.8073037
2.6986322
1.500387
2.6928892
1.9381137
1.3298684
1.3824793
2.8762012
3.458368
2.3897877
2.134104
2.8420992
1.7599328
4.4924517
4.0795164
4.7430677
5.213528
4.9382234
5.4774446
5.459596
5.582415
5.4941883
5.46548
5.337522
5.450355
5.4481077
5.462139
5.771787
6.0485306
5.9444375
6.094799
6.324603
6.234975
6.0085073
6.250143
5.7689095
5.5643673
5.4655933
5.369739
5.2451406
5.4668164
5.5301747
5.9023023
5.697447
5.3408747
5.3128614
5.442874
5.321377
5.7079334
5.887024
5.5412445
5.7366343
5.84621
6.024373
6.1128073
5.7391224
5.578016
5.104273
6.0105333
6.1055098
5.247277
5.6651273
5.7931557
5.60739
5.5471187
5.5006185
5.5009255
5.818292
5.4093213
4.844782
4.8087387
4.998408
5.0155334
4.4749923
5.1158867
5.0843134
5.4058495
6.047139
6.1887197
6.053111
5.9456577
5.576955
5.592454
5.346131
5.282753
5.5008025
5.578567
5.801827
5.9139156
5.803375
5.883088
5.9277334
5.981412
5.9432893
5.835081
5.7430305
5.7630153
6.176544
6.4025073
6.3973
6.3553634
6.3151264
6.2483306
6.1058335
6.112013
6.139385
6.1417766
5.9371233
5.8873825
5.743643
5.7194066
4.665492
4.816387
4.887586
5.0016317
4.981779
5.0282216
5.154495
5.0103526
4.987912
4.96083
4.8722377
4.684944
4.439441
4.5095873
3.6809316
4.1910276
4.232175
4.2684603
4.2788825
4.257338
4.341013
4.4150243
4.4613886
4.58164
4.317191
4.3399615
4.7226324
4.2755823
4.7024493
4.3109603
4.536033
4.202335
4.2395153
4.6525598
4.999473
4.6620107
4.653083
4.708782
5.100144
5.560626
5.510763
5.539643
5.441415
5.3806934
5.5682707
5.601438
5.6601734
5.530325
5.648487
5.686899
5.392324
5.4277134
5.2794027
5.4601593
5.356433
5.314097
5.347796
5.256653
5.4359426
5.2991533
5.0063257
4.392571
4.6018934
4.632515
4.473917
4.5037746
4.740098
4.832844
4.795918
3.8495953
4.0446453
4.3611546
4.3806567
4.5925393
3.764199
3.9048252
2.947876
3.4740708
3.512568
3.5761764
3.4246745
4.031579
4.221259
4.3589506
4.4972878
4.4394817
4.428535
4.2689743
2.212425
2.626739
3.1085277
1.8148214
2.5292983
1.3410481
1.1063838
1.7057464
1.7925166
3.3095856
3.1800656
1.254506
2.5357468
2.0807664
3.3250895
3.918767
2.921267
3.2113483
3.8564923
2.8027377
1.8806199
3.6429143
3.3532426
3.4191608
4.8816166
4.9451127
4.6649647
4.551408
5.237589
5.185273
5.254877
5.2858095
5.0923753
5.5106497
5.332637
3.421233
3.5110214
4.6638775
4.9283085
5.0356255
4.888051
4.607337
4.6731806
4.7533174
4.6364408
4.808131
4.685897
4.697914
4.440034
4.4083753
4.2248096
4.2969
4.0622425
4.1525803
4.314474
4.330698
4.2441278
4.464615
4.3597236
4.3667974
4.354496
4.189218
4.352031
4.234777
4.3030496
4.325825
4.1893325
4.2818403
4.316478
4.2162642
4.1438904
4.1885695
4.009625
4.3670726
4.297301
4.493285
4.2418356
4.4371085
4.268216
4.2154617
4.1727986
4.406847
4.3463593
4.4813643
4.2908273
4.436775
4.3505926
4.283548
4.2040935
4.288175
4.079605
4.2526145
4.087803
5.0716434
4.561881
4.584481
4.7039084
4.527596
4.4808335
4.6289077
4.4647636
4.6272244
4.9460726
5.1658554
5.152838
5.3874164
5.4088335
5.17065
4.761553
4.4781523
3.2911193
4.3482523
3.7305117
4.756111
4.715007
4.7567377
4.835684
5.000682
5.0973783
5.102772
5.0536685
4.927511
4.949434
4.855204
4.809991
4.8197603
4.6431227
4.855356
4.8061347
4.675651
4.7419357
4.458367
4.324943
4.214146
4.477768
3.2799513
3.4692338
3.2462435
3.220909
3.113689
3.4769301
3.2921824
3.2247858
3.5071464
3.73607
3.3045378
2.7504115
3.2084956
3.5308692
3.9077425
3.8096387
3.9337635
3.996751
4.375092
4.234153
4.18801
4.220466
4.1307926
4.529329
4.156182
5.9293146
6.087343
6.0446486
5.869667
5.993329
5.976209
5.9850802
5.6987104
5.8282585
5.700456
5.6801696
5.650285
5.4776444
5.65101
5.7401266
5.81165
6.235832
5.759125
4.4634786
3.8825498
5.118097
5.150965
5.1128874
5.1985474
5.0437098
5.0902414
5.1079044
4.9943943
5.050231
5.0758667
4.81256
4.8384514
4.8852134
4.920126
4.6745806
5.5234447
5.6310477
5.4132257
5.612707
5.746481
5.6284533
5.4719553
5.5316277
5.5496645
5.5408916
5.4073257
5.375165
5.387658
5.2014127
5.2924104
5.5284824
5.3318243
5.393276
5.454228
5.3199935
5.365074
5.5092607
5.4724774
5.3807516
5.356258
5.3601117
5.475081
5.2137294
5.5045047
5.4711833
5.450867
5.3440137
5.5478334
5.334604
5.3552403
5.301361
5.320892
5.3526955
5.249025
5.4289913
5.4677143
5.50962
5.371088
5.4433346
5.170445
5.237954
5.2306447
5.210169
5.138364
5.321058
5.297804
5.3449984
5.6024256
5.621264
5.6264243
5.4049506
5.472762
5.3514414
5.478739
5.426129
5.538184
5.735388
5.5585346
5.598672
5.6950374
5.216982
5.389797
5.35764
4.468529
4.4468493
5.0421557
5.233309
5.3355966
4.920594
4.952032
5.18413
5.4536514
5.557039
5.571005
5.3525195
5.5715957
5.3657174
5.306924
5.3859105
5.308687
5.2825146
5.592195
5.5770903
5.4788446
5.6932187
5.705474
5.7436323
5.87624
5.779485
6.201678
6.428164
6.4527287
6.363268
6.5267644
6.47407
6.4463778
6.410259
6.0904036
6.150941
6.148306
6.203541
6.002646
5.92514
5.7197866
5.7568235
5.734111
5.596735
5.492898
5.66957
5.6875
5.577961
5.46474
5.432328
5.4497905
5.4160237
5.4634495
5.362279
5.266077
5.4020076
5.3433585
5.4973826
5.642338
5.534391
5.421224
5.6075506
5.5809145
5.6052647
5.579977
5.737884
5.6214485
5.8954325
5.7464924
5.323347
5.2972293
5.272215
5.151968
5.095558
5.1524677
5.127196
5.1168423
5.2671056
5.255034
5.2967396
5.3142753
5.4287634
5.42101
5.429472
5.427615
5.60081
5.678329
5.4945707
5.568899
5.5037374
5.5992475
5.50891
5.445961
5.2917843
5.2882166
5.380422
5.3808775
5.385472
5.313321
5.2818365
5.1943684
5.2401457
5.1352816
5.1277475
5.2142115
5.3199034
5.308603
5.3678803
4.9855604
4.944231
4.938451
4.8738823
5.2900696
5.251272
5.1025496
5.0328546
5.1092134
5.108206
5.1142793
5.2799644
5.2691426
5.2350087
5.266259
5.2377777
5.3161483
5.252822
5.2870317
5.246996
5.366199
5.1188545
5.205658
5.3094616
5.3650756
5.1912885
5.347185
5.1088996
5.110143
5.177902
5.095565
5.136606
4.9592814
4.6110396
4.6766095
4.600171
4.9470778
4.9754653
4.9487696
4.9792356
4.8330064
4.977619
4.9744096
4.735327
4.945439
4.939527
4.938571
4.824427
4.443466
4.634574
4.585715
4.5453405
4.5770082
4.8122616
4.8729324
5.029934
4.90842
5.0219307
4.8025413
4.8868637
4.8335977
4.97112
5.0843186
4.752824
5.758293
4.998668
5.122798
4.956078
4.947278
4.9736404
4.8303533
4.99743
4.984613
4.9851065
4.8875084
4.956071
4.9549375
4.9314404
4.8208566
5.0424128
4.862221
5.057433
4.8951607
4.9658866
4.8164716
4.892528
4.803221
4.8947334
4.8305264
4.9525604
4.873286
4.9510593
2.2391481
4.3741446
4.092529
4.3273087
3.5734494
3.7675755
1.3905941
2.0277386
2.7134175
2.7685156
3.2291431
3.2765803
2.0874732
3.467516
3.2466745
1.5817505
1.5976048
1.6055884
1.5960815
2.6355774
3.067192
3.0776713
1.516405
2.6529422
3.4912074
2.7456203
3.2652059
3.5182838
3.1619105
2.540724
4.2203794
4.2529526
4.105419
4.1803813
4.095011
4.2078114
4.165352
4.2830048
4.2131686
4.2465906
4.30152
1.395227
2.40685
1.499584
1.0897849
1.2272886
0.9732659
1.0350404
1.0154753
1.2506974
1.2924168
0.9416856
1.2616262
1.2828135
0.98121065
1.0843018
1.3530295
1.2323769
1.3099768
1.2420422
1.3826666
1.1127094
1.8011569
2.3874986
1.2923145
1.1290853
2.0050902
2.2771697
2.371637
1.9383309
3.978399
3.8565319
3.0517519
4.5961976
4.660783
4.5636044
4.403722
2.0628743
1.0789113
3.1198173
3.3204923
4.354184
4.788229
4.462199
4.5437617
3.3227563
3.47021
2.6324272
2.7658734
1.6913563
3.2199464
2.860784
3.7537162
3.8479595
3.4741287
3.1406274
3.4099426
3.143631
2.5250664
4.0424104
4.2743087
4.1030135
3.856978
3.8873436
4.1042566
5.217521
4.9852986
5.205477
3.2594352
4.8910656
4.702118
4.5005903
4.5134726
4.4608574
4.4860473
4.6195583
4.7000422
4.944805
5.1795964
5.047823
4.958338
4.375516
4.42811
4.526018
4.694846
4.8565598
4.2224317
3.2920673
4.2640767
4.014042
4.2810535
4.082762
4.1919117
4.0098443
4.012003
3.6655147
3.5692935
4.411354
3.8526447
4.126181
4.3890896
4.105674
4.4930396
4.8409705
4.4873595
4.419025
4.1863813
4.346716
4.231742
3.5058415
4.5881023
3.6574574
4.4511404
4.97479
3.1069012
4.8225784
3.89109
4.8068876
4.163289
3.269374
4.108935
4.07333
4.0490203
4.334998
4.9642034
4.2738614
3.490143
4.2100153
4.180585
4.3218994
4.355783
4.272124
4.3837667
4.16856
4.2518454
4.3735666
4.192323
4.4392333
4.268333
4.0331445
5.7045555
4.711874
4.50222
4.0311
4.084019
4.1388087
4.431982
4.22807
4.5919642
4.215986
4.197922
4.5573883
4.6632423
4.575837
4.71224
1.9109231
1.2832128
2.4113615
1.0970347
1.2559551
1.2985866
2.8086927
1.2723361
2.568098
2.4643734
2.6793675
2.9311051
1.5069431
3.6677706
3.7128992
1.1722548
3.5725083
3.6075637
3.4841645
3.33573
2.589253
3.3342223
3.7648754
3.858323
3.2638116
3.5189297
4.3080173
4.145623
3.1509304
2.3500865
3.316233
3.6621435
3.344708
2.8365068
3.515758
2.7834272
2.213433
2.9773393
2.0558963
2.0494487
1.7352043
1.755481
3.226438
2.4044297
2.3368623
2.284178
2.1700418
3.2175188
2.6635416
2.1295288
2.8700447
2.8816173
2.9657454
2.3141308
3.0161724
1.5647777
3.1768754
1.1614338
1.1853825
4.489229
3.9459817
1.9234076
2.7236986
3.9568496
3.3721542
3.361747
5.291639
5.310341
4.7882614
4.787225
5.144283
5.4155707
5.1622996
4.492754
4.2168646
3.851375
4.209953
3.8694055
3.6374831
3.1404886
3.847111
3.6022573
3.557968
5.4366846
6.3909116
4.157027
4.6422806
4.509548
4.190407
4.5900335
4.634934
4.6644635
4.6597075
4.669437
4.4879794
4.708024
4.4597588
5.0419264
5.443232
5.50674
4.7017927
4.7987537
4.4245696
4.081405
4.16636
4.390774
4.2469034
5.3978086
5.116866
5.276487
5.129878
4.3870955
4.145984
4.625796
4.6360035
4.203154
5.401376
4.193578
4.192973
5.4314575
5.1898427
5.055116
4.8510146
4.5474467
4.6870546
5.092054
3.850278
4.050313
5.0031857
5.077699
4.788882
4.9276037
5.342574
4.618488
4.9050145
5.2936983
4.6835384
4.3196907
4.2546263
5.577583
5.6592107
5.579887
5.3598557
4.4333544
4.22722
5.461692
5.5988846
5.6137657
4.7248535
4.5499597
3.9732444
4.3806615
4.4670787
4.401269
4.295573
4.3458652
4.516931
4.2750382
4.2302885
4.4012976
4.1119585
3.2895055
4.2214694
3.2452364
2.2021494
2.9702587
3.0058904
3.361693
3.768404
2.5128565
2.9654062
3.5396605
3.5127056
3.5610776
4.782605
4.686373
4.700798
4.8095655
4.8573937
4.8542366
4.927877
4.8736005
4.882959
4.5459127
5.079943
2.8713374
5.480567
3.4404945
4.673828
3.955764
4.8294125
4.4926815
4.7252874
4.775077
4.5749984
3.7474298
3.890652
3.750191
3.8371508
5.1449466
4.865256
5.1178946
5.1536393
4.8524437
4.9284
4.9322357
5.3468404
4.549059
5.2231083
3.2815692
3.7712874
3.3631108
3.7183926
3.8835402
4.5945745
4.2572074
3.9194756
3.6781645
4.3122797
4.6081986
4.4882755
3.4505367
3.761895
3.1495833
4.7446
4.4483366
5.039857
4.687303
4.660448
4.1347017
6.6868305
5.43428
3.5313008
3.2285194
3.0336053
2.905587
4.270918
3.6583555
4.132429
4.000251
3.690305
4.312848
4.4299383
4.5410867
4.5834813
4.5512013
4.382964
3.8897493
4.9817533
5.049591
3.6156836
3.4181516
4.4093666
4.475333
4.554125
4.48876
4.4171305
4.535949
4.3172126
3.179087
2.3488262
2.9471116
3.3400955
3.604867
3.5571291
3.6629336
3.266215
3.5371604
3.4575963
3.4856703
3.3472767
3.076639
3.6511743
3.5096493
3.3390212
3.303017
3.2631993
3.471462
2.9118526
4.269166
4.5117264
4.5412354
4.002484
4.6530843
4.586585
4.3430696
4.3149705
4.357419
4.3772717
4.4743204
4.34834
4.424612
4.227132
4.414128
4.421229
4.5722523
4.6769156
4.480109
4.490346
4.40459
4.4754114
4.505333
4.583192
4.09501
4.2647347
1.9293885
2.403574
3.28689
3.862515
3.5636685
3.9001756
4.118273
4.1619997
4.1491537
4.2758217
4.386842
4.3869553
4.338314
4.316194
4.0642905
4.0784717
3.1036978
3.3594704
3.0682988
3.7307794
3.9593403
3.6403263
4.2148185
4.4082365
4.517772
4.603505
3.1536756
2.7225258
3.3802915
3.273606
3.115735
3.8426013
3.6561675
3.3043094
2.6074877
3.3900998
3.9544194
5.3894815
4.722931
4.271421
4.142104
4.117401
4.3205423
4.4244037
4.652252
4.739694
4.4091244
4.587962
4.691521
4.611994
4.529335
4.6097145
4.8620615
5.0138516
4.8819895
4.95901
4.7356796
4.726885
4.5467486
4.5574307
4.380871
4.0896244
4.477371
4.522435
4.5436606
4.570552
4.707469
4.9212275
5.0739117
5.187026
5.1385603
5.0981646
5.086679
5.112806
5.216648
5.005464
4.8244724
5.0060377
4.939455
4.9398627
4.9057655
4.754004
4.9427137
4.951749
5.009403
4.8213997
4.642925
4.6363
4.4606104
4.5569997
4.6167936
4.6116514
4.658026
4.5469613
4.6761613
4.5310802
4.655358
4.5242453
4.5461807
4.672411
4.5841045
4.403544
4.2670636
4.292614
4.195588
4.1202445
4.417502
4.3880196
4.318838
4.420533
4.3648343
4.385838
4.469176
4.405958
4.304924
