10000
8.140532
8.108928
8.080445
8.041018
8.038591
8.01784
8.259633
8.223283
8.107399
8.12573
8.039448
7.907103
7.6199603
7.613842
7.6880794
7.6767683
7.701493
7.72135
7.7710853
7.6664977
7.5606427
7.482044
7.6484256
7.5684767
7.57293
7.5242305
7.419966
7.495433
7.4820933
7.315903
7.264918
7.4749527
7.638648
7.7908664
8.016549
7.958919
7.9586864
7.93077
7.9839716
8.022494
8.019041
8.031999
8.215643
8.190545
8.130582
7.8946795
7.7404327
7.594961
7.385171
7.397575
7.418802
7.478552
7.46976
7.62855
7.6369996
7.480758
7.483694
7.387839
7.4718723
7.3237386
7.4012628
7.422696
7.322823
7.299554
7.4313817
7.289565
7.1845865
7.3969784
7.5363803
7.7417316
7.840174
7.807626
7.7060804
7.7652354
7.850699
7.829516
7.869854
7.813193
7.8646345
7.769022
7.688496
7.679153
7.5539856
7.379464
7.3248014
7.3547487
7.459166
7.4113345
7.4859157
7.3548217
7.4402366
7.3426943
7.422607
7.2865233
7.4801025
7.6404967
7.505053
7.3939404
7.4052477
7.3100476
7.19691
7.1839743
7.311209
7.5829964
7.5484195
7.7866783
7.828595
7.8168836
7.8093877
7.8229184
7.8162127
7.8710938
7.925422
7.86166
7.7793283
7.7532635
7.7405057
7.700761
7.6156116
7.4145184
7.546275
7.6113944
7.750362
7.750876
7.996688
7.87152
8.03054
7.8996687
7.894549
7.797628
7.7432175
7.7543383
7.7304096
7.5116296
7.4074173
7.162074
7.114897
7.187867
7.413213
7.6690216
7.8244624
7.9662867
7.8875947
7.7894173
7.846164
7.9918365
7.8977027
7.7748375
7.923604
7.904881
7.7036605
7.7282867
7.654689
7.601247
7.397877
7.394128
7.488056
7.6365633
7.58907
7.654492
7.7626724
7.7936482
7.808654
7.8114204
7.73518
7.67661
7.8173933
7.827098
7.8097987
7.703636
7.7089276
7.4563923
7.2692375
7.3330956
7.594198
7.623922
7.81684
7.90059
7.871478
7.836937
7.778752
7.760864
7.822422
7.7396693
7.8301067
7.8646283
7.7528157
7.6841984
7.624798
7.4680743
7.424746
7.549578
7.620408
7.769771
7.792801
7.8459244
7.8298616
7.83344
7.89173
7.786931
7.8446703
7.7170615
7.876354
7.856418
7.802541
7.590256
7.411294
7.224756
7.1350074
7.363388
7.559161
7.693541
7.8397055
7.8547735
7.8401904
7.903752
7.942039
7.898446
7.835554
7.8994527
7.87425
7.800769
7.699295
7.5704103
7.461345
7.36311
7.3593607
7.490923
7.5160255
7.589622
7.709005
7.664167
7.79183
7.7867765
7.7555766
7.7667866
7.8023686
7.7302094
7.754909
7.7812467
7.5723467
7.5693746
7.5384865
7.274748
7.14983
7.3425236
7.6448526
7.8552275
7.967694
7.8672113
7.721802
7.687302
7.6877856
7.7147856
7.658774
7.7649326
7.868041
7.955959
7.8337507
7.8167973
7.6970186
7.7105956
7.4223685
7.525782
7.553531
7.651659
7.5427175
7.662638
7.4996467
7.482037
7.5639596
7.4487195
7.607142
7.446888
7.577417
7.329535
7.392678
7.4067287
7.329218
7.1664762
7.131227
7.2601767
7.6015477
7.6853437
7.672632
7.6844416
7.516554
7.473598
7.4809484
7.5663605
7.634636
7.76628
8.0042095
7.8305607
7.8321404
7.7039866
7.5638175
7.471311
7.356039
7.409609
7.4781523
7.503546
7.503583
7.519725
7.4773345
7.421687
7.703672
7.506375
7.6542854
7.7164345
7.5449195
7.6301603
7.4636345
7.455113
7.308605
7.2032146
7.1587057
7.378989
7.624397
7.5809727
7.703576
7.7034698
7.553299
7.5380087
7.5974503
7.630847
7.8347225
7.702092
7.9742975
7.7703032
7.6936755
7.3945723
7.405154
7.3344984
7.445167
7.5162163
7.607227
7.560381
7.608513
7.6086493
7.7275577
7.723737
7.4899397
7.691012
7.5755453
7.5549836
7.4990573
7.2919483
7.226761
7.2559404
7.128605
6.938102
7.0743775
7.374499
7.5558424
7.600158
7.5593886
7.4846334
7.4996986
7.4505196
7.477186
7.5224695
7.6729035
7.5890145
7.7133813
7.6602836
7.7137513
7.579523
7.4198523
7.2012053
7.284311
7.3211937
7.362211
7.336962
7.1846676
7.3216057
7.392326
7.5287576
7.3592496
7.3777723
7.218104
7.4233184
7.5477123
7.3887477
7.3261805
7.210241
7.20835
7.171546
7.18055
7.508323
7.5087075
7.6072083
7.651058
7.5365553
7.4762397
7.4000373
7.475172
7.5231547
7.5589075
7.521697
7.653774
7.5239286
7.5265536
7.295053
7.1942196
6.8851748
6.95932
7.110466
7.1906614
7.160311
6.924228
6.991232
7.155478
7.3780007
7.4699087
7.3988757
7.438314
7.2062836
7.2776756
7.1837807
7.2481694
7.0597024
7.192108
7.096599
7.0655103
7.0480967
7.2407727
7.2894325
7.3920956
7.3482466
7.3707247
7.271012
7.3264265
7.317191
7.352431
7.4108553
7.437859
7.5512786
7.5181646
7.5313
7.451213
7.280248
7.182515
7.321325
7.410984
7.517234
7.3129935
7.2819614
7.3465347
7.5948863
7.6971803
7.6219134
7.616175
7.6294327
7.6874495
7.55527
7.472036
7.447122
7.432145
7.4361672
7.3484263
7.3513947
7.5527053
7.6648855
7.7217197
7.720666
7.731322
7.678897
7.68574
7.6518984
7.775681
7.724716
7.8607836
7.789267
7.7329707
7.660939
7.5921283
7.458458
7.2321334
7.207597
7.201063
7.3179164
7.4129896
7.2084193
7.438322
7.1703806
7.418741
7.3120956
7.5277996
7.430632
7.5150957
7.4876585
7.5980797
7.5359507
7.480569
7.3235617
7.441745
7.3987846
7.467262
7.7388344
8.057313
8.070761
8.076653
8.103812
8.19126
8.153283
8.200888
8.321779
8.279313
8.147519
8.235865
8.120706
8.029411
7.816239
7.6866317
7.693714
7.6263876
7.9206142
7.9076095
7.871395
7.8871207
7.8331213
7.8696074
7.9793315
7.995806
8.012248
8.08484
7.954458
7.931158
7.9155865
7.843693
7.7693443
7.6020947
7.5962844
7.777542
7.8467693
7.9220705
7.9931393
7.9901724
7.980697
7.9662037
7.936778
7.975972
7.9395785
7.9157515
7.8796625
7.8154507
7.8074236
7.8472843
7.798174
7.7878494
7.770279
7.610849
7.6422
7.735057
7.7794266
7.764708
7.7482376
7.636364
7.754745
7.7826033
7.77823
7.7300873
7.7701244
7.5766525
7.6393414
7.6035247
7.6875114
7.7330904
7.768056
7.8816695
7.9273624
8.018888
8.007079
7.9680796
8.070426
8.033084
8.006285
7.927374
7.8506236
7.8316402
7.7694306
7.744742
7.7478895
7.830657
7.7766876
7.7597837
7.738442
7.6525536
7.598612
7.761976
7.7432637
7.747909
7.6211777
7.554371
7.5659146
7.7434993
7.7260485
7.762309
7.726201
7.723223
7.6424775
7.621352
7.665275
7.755844
7.7888885
7.917357
7.9378953
7.970254
7.9149036
7.9924145
8.002681
7.8194513
7.848892
7.728771
7.6413193
7.571947
7.647768
7.5496655
7.5022707
7.595453
7.577928
7.5471997
7.6096225
7.578664
7.5549364
7.6583
7.709252
7.6413126
7.6999607
7.528829
7.5269995
7.546051
7.716498
7.7445736
7.7245564
7.8048725
7.6476603
7.6884685
7.751461
7.838219
7.881641
7.845008
7.8878126
7.8439035
7.7661304
7.766899
7.6696463
7.5794454
7.730638
7.634159
7.5689635
7.5998135
7.482396
7.4703684
7.380321
7.420185
7.5516877
7.5151515
7.5759788
7.623494
7.514248
7.636097
7.7371807
7.774674
7.574621
7.349251
7.320445
7.419953
7.474236
7.50731
7.5434065
7.536621
7.481949
7.3082943
7.3610706
7.497801
7.5983553
7.682411
7.740851
7.6113825
7.530264
7.663817
7.654998
7.416642
7.3971643
7.2239795
7.2490435
7.182722
7.1384764
7.196166
7.2257347
7.2620473
7.2512307
7.220777
7.2665668
7.3590655
7.5508122
7.4612193
7.642159
7.648902
7.7834687
7.5601974
7.2884955
7.3867908
7.5488186
7.44674
7.5404572
7.707664
7.66815
7.6836524
7.486092
7.333748
7.5149703
7.601229
7.6447387
7.7589993
7.623599
7.469207
7.215077
7.251406
7.2410994
7.1503816
7.218574
7.220277
7.270561
7.2202463
7.208686
7.299722
7.3089657
7.381487
7.204585
7.0977535
6.9817414
7.218277
7.3278694
7.4337473
7.4963355
7.551875
7.4122477
7.5091505
7.463685
7.667425
7.6093016
7.517083
7.58413
7.5763807
7.607529
7.586289
7.313163
7.2421293
7.358032
7.386279
7.264744
7.1775265
7.107045
7.0068545
7.092062
7.059332
6.871675
6.82053
6.810886
6.865258
6.943507
6.798857
6.7841835
6.8486023
6.8121123
6.8142567
6.7558756
6.956353
7.0274
7.0358305
7.1136622
7.3988748
7.53431
7.2898936
7.3877497
7.5788674
7.512451
7.500484
7.426702
7.4800906
7.3694644
7.3986855
7.2822986
7.2156324
7.0219297
7.0240226
6.9630013
6.8118877
6.7025933
6.515664
6.5037813
6.643721
6.7247634
6.4512224
6.6284966
6.426722
6.346773
6.394946
6.465955
6.4633384
6.5386586
6.574212
6.8266287
6.8185487
6.8352466
7.036213
7.164617
7.031677
7.1065326
7.1842036
7.2576294
6.954121
7.246287
7.295997
7.1984367
7.100207
7.271549
7.2781725
7.3460655
7.082147
6.8973093
6.7243557
6.7006435
6.6739764
6.6254797
6.4768343
6.3745613
6.048452
6.5067697
6.384037
6.3912444
6.3891487
6.2679777
6.2860804
6.4273114
6.4588375
6.743536
6.486019
6.6760936
6.703494
6.624303
6.6030865
6.581069
6.526502
6.647971
6.688256
6.815523
6.574359
6.720974
6.935727
6.968459
7.01125
7.08302
7.0340185
7.0935793
7.0635304
6.8337398
6.778548
6.8436604
6.675085
6.8975563
6.792212
6.714584
6.575964
6.4868393
6.7557573
6.619803
6.54139
6.4201274
6.6024265
6.488374
6.6605787
6.6063433
6.7813697
6.8925767
6.828199
6.6332664
6.5172095
6.606428
6.8544216
6.8199425
7.117236
7.1770005
7.229355
7.077092
7.0573254
7.2670436
7.248017
7.231334
7.249247
7.2047133
7.1987085
7.2096562
6.8820252
7.0344667
6.9817486
6.974064
7.0225306
6.999403
6.9693403
6.903412
6.869806
6.8714275
6.7991886
6.789334
6.714877
6.718603
6.809088
6.8826075
6.938709
6.960143
6.932256
6.9213986
6.824501
6.879101
6.7958074
7.1096687
7.2298627
7.4107757
7.423023
7.2367916
6.931325
6.700764
6.808069
6.63668
6.584338
6.7986465
6.9399457
7.0589623
7.040533
7.076675
6.809885
6.8880234
6.758015
6.6215663
6.5842905
6.605394
6.6187463
6.665279
6.4636045
6.4475036
6.3435335
6.3487473
6.292041
6.463583
6.6423893
6.6437964
6.7483273
6.6008973
6.523521
6.4660997
6.626246
6.457446
6.5307646
6.65519
6.814649
6.780235
6.564773
6.561514
6.6651015
6.5704174
6.5445905
6.4638996
6.3549476
6.4342074
6.3910623
6.511427
6.445207
6.3715253
6.274388
6.070476
5.9035854
5.982834
6.109132
6.2739215
6.1794014
6.032696
5.9254346
5.954534
5.9480515
5.981832
5.923392
5.8812404
5.8581924
5.8061304
5.9086885
5.718701
5.8385477
5.871801
5.942312
6.0425105
5.934257
6.074497
6.004315
5.9423456
5.9860687
6.0368576
6.178096
6.158783
6.2156253
6.2781386
6.2952538
6.317497
6.307488
6.375716
6.3371305
6.3326564
6.2387033
6.2777557
6.3945427
6.3598485
6.378844
6.4899244
6.323297
6.403349
6.515976
6.420836
6.4157248
6.3437653
6.3333807
6.4727545
6.339297
6.573597
6.4406624
6.5735683
6.5858684
6.568034
6.504061
6.573976
6.3122463
6.2498603
6.154849
6.1724544
6.20499
6.1335235
6.286087
6.072796
6.201596
6.090975
6.271628
6.2899795
6.429347
6.457468
6.540327
6.4871707
6.5745125
6.5283256
6.561859
6.5578237
6.437068
6.2038865
6.3493614
6.2965317
6.4678907
6.213697
6.267505
6.2263045
6.1819663
6.1469464
6.273485
6.2092266
6.173613
6.0680184
6.1024714
6.063636
6.0525117
5.8418417
5.795598
5.8140965
5.750102
6.0083475
6.058868
6.1420484
6.2415295
6.2609644
6.242349
6.2038507
6.3294816
6.287896
6.448827
6.345627
6.4169803
6.4064417
6.325216
6.4773417
6.1798735
6.2141247
6.1693335
6.0833216
6.035772
6.016794
6.16499
5.9923487
6.057314
5.9231086
5.893332
5.900606
5.8660946
5.876993
5.687432
5.64073
5.4817543
5.51561
5.2952266
5.18929
5.2307205
5.0316486
5.1535134
5.0453563
5.1176744
5.199589
5.379096
5.118776
5.4468007
5.438012
5.534294
5.602854
5.564529
5.482295
5.4541354
5.0484056
5.0437827
4.8939447
4.716095
4.961137
5.0492644
5.034408
5.285758
5.348298
5.463584
5.19357
5.79228
5.425671
5.95127
5.5687194
6.0034885
5.9105787
5.73417
5.366661
5.1761727
5.053435
5.2227716
5.411713
5.4039636
5.5419817
5.7386465
5.9570694
6.08576
6.1729636
6.172006
6.076447
6.094026
6.170297
6.0909057
6.235986
6.41095
6.331423
6.153208
6.192896
6.1346207
6.297361
6.337685
6.4762974
6.534811
6.5011005
6.4472804
6.400147
6.3454156
6.3510914
6.396052
6.35553
6.3482122
6.365207
6.278562
6.1124225
6.0991173
5.9797077
6.0883527
6.1612964
6.314428
6.436267
6.446803
6.539598
6.5707293
6.5859127
6.6781363
6.5777464
6.6751637
6.5736246
6.617411
6.5248995
6.532901
6.3755956
6.271968
6.1478424
6.4049883
6.436964
6.6714473
6.6289277
6.6628113
6.549659
6.47999
6.3667116
6.5270042
6.5437746
6.6442056
6.4732976
6.4711266
6.4213967
6.297924
6.1655283
5.8482003
5.953916
6.024274
6.235533
6.25788
6.2673035
6.3703303
6.270832
6.3498473
6.2111487
6.4033914
6.2669153
6.353701
6.328825
6.3856044
6.259063
6.1774783
6.1144657
6.0171146
6.203465
6.313596
6.3945985
6.501923
6.599225
6.7067733
6.95099
6.8965726
6.830455
6.6269827
6.523961
6.724757
6.675314
6.618798
6.5402803
6.3468704
6.218749
6.2292967
6.1162906
6.082936
6.0945377
6.357732
6.456217
6.5447474
6.5234537
6.570959
6.5149593
6.692868
6.5967684
6.7151427
6.7943115
6.6558046
6.6164613
6.54993
6.561845
6.6043468
6.763459
6.761244
6.7977333
6.882854
6.9701514
6.9835787
6.997688
6.9560523
6.9013295
6.8469605
6.733693
6.645482
6.6722336
6.6284285
6.739832
6.65457
6.3572736
6.07344
5.895488
5.941707
6.1074605
6.2601185
6.3169436
6.517419
6.5703716
6.704205
6.642483
6.7023053
6.6260986
6.4956026
6.179154
6.403662
6.0518837
6.0531316
6.178157
6.224838
6.2461743
6.317508
6.2187347
6.3919196
6.4034176
6.307462
6.4372735
6.783354
6.8056545
6.765568
6.8550253
6.7850027
6.7556725
6.829471
6.7418494
6.8003216
6.615883
6.578265
6.4523196
6.462552
6.603464
6.915892
6.885742
7.242181
7.018912
6.6891923
6.3505745
6.3111434
6.31649
6.0883303
6.2608337
6.3801813
6.0762515
5.8780622
6.134595
6.2679567
6.496174
6.67459
6.713727
6.7810936
6.82782
6.8140984
6.8544674
7.073691
6.9039817
6.900613
6.8636475
6.854242
6.527242
6.0227942
5.9670177
5.904373
5.7961674
5.907448
5.5762596
5.5409646
5.800641
6.038369
6.2614284
6.61253
6.748083
6.599514
6.3433685
6.6389036
6.7126174
6.8467855
6.909749
7.0189633
6.9022613
6.8304305
6.8576727
6.736499
6.8812895
7.0917697
7.444008
7.430014
7.2028637
7.3298845
7.3236446
7.419832
7.4440517
7.5244503
7.54356
7.5440717
7.341215
7.335794
7.232126
7.0770345
7.157235
7.2553105
7.107792
6.995891
6.870495
6.888742
6.915915
6.9240904
6.8366714
6.7666044
7.009317
6.877852
6.5798664
6.6195536
6.516846
6.6353636
6.3395023
6.362835
6.355356
6.279141
6.1096606
6.1808395
5.9726443
5.742695
5.850675
5.4858847
5.683067
5.762323
5.6633735
5.713472
5.8343744
6.0689974
6.0098705
6.098678
6.320444
6.2984004
6.117465
6.076854
6.117949
6.1330934
5.8574476
5.776253
5.5055666
5.622982
5.5666323
5.6909924
5.8374486
5.9026017
6.106954
6.284736
6.316689
6.4170504
6.552996
6.4476895
6.4697895
6.470485
6.625579
6.750996
6.938355
7.0397015
7.074121
7.09419
7.1267796
7.0652237
7.035624
7.098751
7.199248
7.2102056
7.334791
7.2113295
7.249439
7.255436
7.1848707
6.9543467
7.1222086
7.118515
7.0510507
7.2193785
7.018366
6.8586297
6.9489465
6.8860607
7.157545
7.0599017
7.0353994
6.7363296
6.7419243
6.991629
7.026108
6.7739177
6.6895347
6.8325534
6.7363124
7.0623064
7.1119924
7.47784
7.4534416
7.2054276
6.837151
6.8047547
6.7800694
6.9232516
7.0849566
7.0876718
6.941642
6.9450216
7.0340743
6.958082
6.901156
6.943736
6.740402
6.701133
7.0006
6.8882236
7.026251
7.2751403
7.225629
7.1386924
7.2052984
7.111969
7.000584
6.831328
6.809613
6.793578
6.783482
6.681797
6.4004264
6.3873625
6.5609374
6.7525306
6.917472
7.379482
7.399787
7.1064878
6.6562524
6.7868905
6.866353
7.0552635
6.968686
7.0303464
6.998228
6.7551937
6.607573
6.3453126
6.612852
6.155137
6.1205053
6.1083865
6.1922693
6.3079596
6.092848
6.6978087
6.476668
6.5211926
6.288262
6.55811
6.357577
6.2269697
6.191856
6.3071847
6.3837194
6.1774616
6.1575785
5.8247147
6.1913166
6.42366
6.510391
7.1464615
6.9066963
7.06065
6.63332
6.6759377
6.608227
6.9647098
6.83741
6.8931913
6.8949738
6.995367
6.651102
6.53889
6.54917
6.753596
6.404088
6.553663
6.730087
6.8450856
6.7604933
6.96948
6.6788716
6.6304164
6.4495344
6.3014674
6.201733
6.0901356
6.3562384
6.4199395
6.5055165
6.2175684
5.797719
5.872274
6.1174436
6.2005143
6.4791317
6.5715885
6.7799897
6.573117
6.280405
6.432978
6.605371
6.687239
6.590024
6.7214355
6.710067
6.6186576
6.435146
6.2366986
6.2637134
6.021359
6.2423625
6.067659
6.1952195
6.373044
6.2929444
6.7383094
6.4265594
6.4079046
6.3724027
6.02789
6.2725377
6.275816
6.186137
6.1225076
6.1690583
5.9362607
5.856854
5.799177
5.992751
6.2406816
6.105746
6.4619884
6.550293
6.158447
6.366349
6.3628993
6.538642
6.4633045
6.2736554
6.521096
6.45072
6.6526875
6.34353
6.2477217
6.0869737
6.0133257
6.0374255
5.934308
6.0977488
5.904243
6.121475
6.1333
6.4361525
6.5989504
6.3149853
6.518873
6.2507367
6.1238
6.1906285
6.3569984
6.298533
6.2089496
5.8623343
5.557833
5.561927
5.499064
5.7271285
5.541105
6.140912
6.204134
6.2395825
6.2079315
6.646699
6.5524125
6.4257894
6.5858574
6.385849
6.285927
6.4444814
6.2132792
6.09303
6.0656376
6.165094
6.1894536
6.2880774
6.396327
6.398956
6.3058805
6.497351
6.213521
6.114658
6.05956
6.188367
6.3177905
6.1950936
6.369566
6.2071466
6.375697
6.2708244
6.1639156
5.943282
5.9634237
5.8121867
6.0994763
6.354842
6.5808253
6.3379383
6.186317
6.715642
6.658141
6.696169
6.710326
6.6666017
6.827016
6.6459365
6.60338
6.5258074
6.1719074
6.484805
6.532341
6.393761
6.7033505
6.9233146
6.608383
7.0091214
6.813188
6.7237787
6.364044
6.700805
6.5526047
6.6211166
6.6350737
6.527361
6.552213
6.2383194
6.1406565
5.9455757
5.7754264
5.8459377
5.848032
5.751494
6.5469847
6.5309653
6.143351
5.9699745
6.4538026
6.573041
6.721645
6.5866575
6.5921717
6.5915804
6.570517
6.5969462
6.4041224
6.373047
6.4874525
6.700386
6.727801
6.7595596
6.4494166
6.9154267
6.732975
6.670315
6.7056384
6.678162
6.499525
6.5416436
6.5214562
6.6910977
6.275749
6.498679
6.261613
6.045393
5.882736
5.894307
5.9796705
5.7760687
6.244348
6.4159203
6.3548627
6.143581
