10000
8.85126
8.706138
8.685974
8.777174
8.732111
8.608482
8.645031
8.587337
8.544406
8.1975975
8.051714
7.809586
7.9999
7.995864
7.7827563
8.088663
8.066326
7.6870894
7.300657
7.2119412
7.1041994
7.1560616
7.2407503
7.6460233
7.723382
7.9832506
8.171352
8.330762
8.183048
8.145469
8.275825
8.119679
8.048762
7.8294168
7.9825974
8.243692
8.281985
8.063126
8.148238
8.103991
8.233063
8.132231
7.995796
7.9716644
7.5825214
7.6546702
7.626673
7.937784
8.374252
8.347677
8.230075
8.08975
8.135331
8.385322
8.42629
8.499555
8.549275
8.367822
8.395479
8.193288
8.108819
8.296945
8.071785
8.084272
7.6676254
7.827496
7.6924906
7.8244934
7.7081127
7.983445
8.204023
8.138647
8.189348
8.274307
7.9281664
8.279173
8.571633
8.563201
8.426594
8.279222
8.297516
8.392166
8.189748
8.225506
8.026094
8.116212
8.218508
7.685296
7.739177
7.5474463
7.6876144
7.9617314
8.358669
8.2307415
8.510771
8.186514
7.7698603
8.358401
8.158453
7.737756
7.7662067
7.667755
7.6829185
7.097891
6.605916
6.1657295
6.3327527
5.9560347
5.398573
5.6465874
6.0810385
5.7124476
5.4962063
5.0343494
4.7007565
4.38604
4.539717
5.0628595
5.3711643
6.221114
6.419062
6.158318
5.735378
5.238883
5.4804196
5.6772795
5.412409
5.773628
5.6873903
5.5782385
5.5581036
5.1635847
4.60733
4.612856
4.1449404
3.6204183
3.6944523
5.0383935
4.9849463
4.9794717
5.0576587
4.9275146
5.120512
4.95915
4.931982
5.069554
5.0550613
5.2286334
5.024318
4.926734
5.045941
4.9577894
4.869674
5.0275984
5.061584
5.0515375
4.994323
4.826695
4.9773517
4.996374
5.0501266
5.0125837
4.900792
4.9904604
4.9678817
4.9726
5.081888
4.8957915
5.0492053
4.862019
4.927014
4.898984
4.927642
4.9293356
4.995007
4.8859186
4.921501
4.8863215
5.0332217
5.0935946
5.1632824
5.414287
5.4274454
5.4952183
5.5722766
5.5705957
5.6458654
5.571991
5.5522866
5.7823124
5.6300144
5.596077
5.6936584
5.687648
5.7894926
5.612679
5.750699
5.481702
5.72129
5.4989977
5.7346263
5.8054156
5.7327495
5.6776047
5.7362914
5.5219464
5.6852612
5.7762976
5.9210277
5.718902
5.884892
5.8970575
5.546286
5.821101
5.428943
5.554066
5.644659
5.507394
5.603838
5.4453845
5.553844
5.5274305
5.3996816
5.6112523
5.518501
5.49024
5.537688
5.586071
5.437296
5.556714
5.5084257
5.545766
5.5079203
5.523253
5.509471
5.463908
5.450045
5.501594
5.5213437
5.450183
5.4846544
5.51161
5.554598
5.4219775
5.426156
5.4994392
5.4998302
5.3858185
5.4715967
5.4692197
5.5465913
5.324273
5.4168396
5.5236626
5.3309684
5.5754776
5.3173466
5.3696
5.4031324
5.2953224
5.4056225
5.328953
5.4357758
5.407035
5.189146
5.368264
5.3949594
5.336261
5.3109403
5.275143
5.36003
5.3194046
5.342938
5.4022465
5.286347
5.249096
5.448498
5.1981945
5.343824
5.131443
5.218814
5.1104994
5.238339
5.268903
5.1627107
5.1981354
5.2062783
5.1243534
5.1402464
5.0746655
5.1412363
4.9788127
4.8354855
4.8506827
4.0579424
4.0230637
4.1380343
4.277798
4.3109317
4.3570685
4.1158047
4.3023744
4.3307242
4.3763723
4.410666
4.240331
4.347456
4.3018885
4.392758
3.6125467
3.607761
2.3160577
3.445108
2.8482242
2.7068737
3.2653425
2.5810254
2.8093903
2.8143656
2.7317672
2.8816507
3.1186304
2.7295165
2.9716926
2.8815937
2.895529
3.3533826
3.7975912
3.0599387
3.1905613
3.6554751
3.719055
3.0415993
3.5164366
3.8232393
3.1275876
3.1554468
3.4397216
3.1842222
3.3616154
3.34823
3.5193696
2.9394517
5.621375
5.917744
6.0543866
6.152679
6.5465603
6.8139315
6.900634
6.675101
6.582347
6.946743
6.9930115
7.0053897
7.1962357
7.300025
7.2844152
7.219851
7.270421
7.4334326
7.529314
7.36047
7.5094852
7.2004523
7.0537763
7.2790003
7.269933
7.30616
7.4207134
7.322003
7.3045206
7.490252
7.4343324
7.52711
7.442255
7.5512714
7.460022
7.6200156
7.623904
7.6151505
7.5280614
7.455288
7.544813
7.8184867
7.726928
7.6324606
7.5622654
7.427406
7.529259
7.620545
7.707364
7.5292816
7.4477673
7.3738823
7.479516
7.8118463
7.8693585
7.6765466
7.5301414
7.617377
7.6022882
7.863642
7.7336564
7.5558834
7.099596
7.220793
7.423576
7.34654
7.468642
7.3766193
7.355909
7.415493
7.436861
7.643116
7.4021587
7.3817205
7.3432083
7.542783
7.7424793
7.77606
7.8258886
7.5476418
7.7773027
7.795126
7.6021504
7.3744
7.4421124
7.3232512
7.428459
7.5688553
7.396144
7.444456
7.484116
7.5686173
7.5537224
7.728153
7.7295995
7.4341083
7.430995
7.223935
7.410162
7.763859
7.8337975
7.7406645
7.8757877
7.8383474
7.8944216
7.6869116
7.4572186
7.2839856
7.1700816
7.2057347
7.602494
7.495187
7.40959
7.536311
7.5163937
7.520336
7.4865026
7.665634
7.3869424
7.345754
7.4627395
7.35727
7.7823877
7.6414533
7.7545905
7.6038356
7.676693
7.460492
7.573553
7.383853
7.4699607
7.4445906
7.187805
7.5913587
7.7727256
7.78182
7.7367296
7.563634
7.486609
7.399678
7.501912
7.53265
7.353131
7.4153485
7.1661806
7.121939
7.5827346
7.538252
7.4606924
7.3113904
7.4981394
7.281559
7.4094934
7.17984
7.194722
7.08572
6.973421
7.122161
7.5752025
7.5479546
7.422466
7.31765
7.3863316
7.6775484
7.5308456
7.4971213
7.659993
7.5687933
7.440922
7.7393355
7.9473786
7.7818155
7.6970367
7.687598
7.908412
7.921181
7.761246
7.6743546
7.4518414
7.4752192
6.9713063
7.32701
7.4245696
7.3214917
7.3885355
7.4277015
7.3807116
7.3498206
7.1582203
7.2355733
7.0419974
7.141745
7.0348034
7.004669
7.262189
7.191609
7.2348046
7.0074835
7.2727847
7.143231
7.194075
7.3354893
7.2796474
7.1094074
7.0143423
7.359356
7.4988327
7.484685
7.498544
7.4449487
7.391672
7.4616003
7.607026
7.3919296
7.1860986
7.0001025
7.203198
7.1838355
7.17339
7.098949
7.136423
7.3313875
7.239946
7.320539
7.18819
7.045265
6.953951
6.7127066
7.0734377
7.0671096
7.2924767
7.2581716
7.3718963
7.4201803
7.6215534
7.479718
7.52943
7.4749107
7.4478445
7.400555
7.3860965
7.7536516
7.715174
7.7908
7.462086
7.2487926
7.3947225
7.289806
7.074377
6.828585
6.864144
7.042972
7.2828927
7.2540126
7.289456
7.3869
7.3898935
7.353253
7.4096723
7.458224
7.3412733
7.5332837
7.1661825
7.350606
7.4798145
7.622312
7.623968
7.6404266
7.437305
7.4806414
7.6294723
7.695715
7.7524395
7.3989415
7.272479
7.2846465
7.7815
7.5560336
7.590719
7.3492036
7.3215322
7.27842
7.406226
7.391144
7.4011045
6.9628916
6.850722
7.006742
7.4106827
7.661175
7.839065
7.6507807
7.6756883
7.438682
7.5638494
7.7337246
7.5226636
7.1020193
7.0415597
7.4039183
7.5434775
7.598897
7.4181457
7.485135
7.4519114
7.596739
7.568147
7.646501
7.2182703
7.3102894
7.414533
7.6555357
7.9174166
7.8850093
7.8414497
7.7550325
7.6706276
7.745592
7.6794004
7.699562
7.4600234
7.5049067
7.315407
7.550198
7.5762525
7.71148
7.481848
7.6233587
7.5993505
7.525997
7.6164875
7.5395637
7.37904
7.2393217
7.4706025
7.7839594
8.266111
8.23938
8.131398
8.07886
8.023866
8.044925
7.8505707
7.713523
7.4416037
7.3685803
7.577629
7.7555113
7.662555
7.479142
7.548822
7.6429453
7.63235
7.881747
7.827998
7.804612
7.39733
7.472469
7.77998
8.095692
8.202882
8.210808
8.008173
8.055108
8.090578
8.143713
7.6501236
7.537924
7.5159917
7.71182
7.987013
7.886215
7.7000556
7.650211
7.654356
7.778981
7.86242
7.9661007
7.8200865
7.742335
7.84061
8.210032
8.2121
8.155008
8.191858
8.216621
8.242036
8.33008
8.229099
8.067659
8.011477
7.772828
7.796661
7.7069054
7.696986
7.4782667
7.3732986
7.648833
7.6940155
7.7961745
7.893855
7.8040566
7.612366
7.878651
8.1896925
8.09621
8.032377
8.113675
8.052354
8.05456
8.183951
8.245877
7.976595
7.69508
7.726923
8.073404
7.7175627
7.78082
7.855379
7.8308945
7.6473184
7.6759486
7.902853
7.9572115
7.9843936
8.201773
7.7878304
7.9661255
8.18843
8.219918
7.994644
7.8712816
7.966793
8.002294
8.171337
8.424263
8.008929
7.9177327
7.6968684
7.63399
7.7352033
7.549413
7.512268
7.6753917
7.7174425
7.68676
7.702401
7.753615
7.7000732
7.607131
7.5786533
7.9050903
8.028334
7.8312626
7.81552
7.7350893
8.084466
8.291652
8.102987
7.742804
7.7620096
7.992585
8.195829
8.06381
7.952244
7.8789396
7.8331904
7.9387217
7.9209437
7.9067197
7.9748893
8.1407385
7.9849534
7.879625
7.9595504
8.216891
8.242751
8.186228
8.085018
8.09178
8.116854
8.089899
8.077322
7.8109083
7.86132
7.741249
7.6261663
7.846964
7.985134
7.744444
7.862486
7.933098
8.034445
7.948317
8.081683
8.0749655
8.055875
7.7984824
8.150467
8.222816
8.172838
8.278536
8.114413
8.228844
8.258213
8.16419
7.935375
7.846737
7.832179
8.31275
8.035439
8.240781
8.165527
8.042824
8.035177
8.108515
8.208023
8.264354
8.057652
8.083191
7.753105
7.7658796
7.947654
7.8792057
7.794121
7.7535906
8.032831
8.111247
7.9603786
7.855069
7.8784304
8.3774
7.789367
8.114719
7.9705772
7.5830216
7.483648
7.460256
7.600406
7.720108
7.9012203
8.067399
8.012564
7.7582917
7.615693
7.9116755
8.054161
8.06253
7.94402
7.814926
7.694328
7.703775
7.770254
7.83354
7.5423355
7.298567
7.575166
7.555801
7.145645
7.1703076
7.082291
7.382151
7.336395
7.3317122
7.322003
7.504756
7.5869713
7.230468
6.902391
6.8400264
7.251954
6.749004
7.0892897
7.197241
7.0806265
7.249238
7.2260714
7.122651
7.0268106
7.322228
7.2714705
7.5958543
7.437753
7.643862
7.629003
7.66582
7.63385
7.2180142
6.897127
6.8704333
7.3149385
7.208948
7.2977343
7.183236
7.3966293
7.4685326
7.4195976
7.194292
7.0051007
6.9584727
7.1900244
7.2506504
7.1477184
7.153966
7.3935776
7.4962244
7.388463
7.0372467
6.8824577
7.1305256
7.34139
7.7522926
7.84518
7.929344
7.82192
7.8274136
7.6775084
7.7574778
7.6883507
7.7686014
7.913294
7.3793173
7.3903008
7.290448
7.133496
7.0482826
7.2944756
7.2235565
7.047235
6.930438
7.0237203
7.131147
7.1556025
7.0882387
7.2279134
7.2442265
7.3209667
7.0401464
6.907427
6.8341994
6.846688
7.036074
7.208186
7.320699
7.3975987
7.2624636
7.498923
7.476524
7.472025
7.3292994
7.002139
6.564129
7.0157924
7.41113
7.360732
7.4347954
7.2332387
7.2229304
7.124889
7.129558
7.191992
7.3318834
7.307288
6.8433647
7.2354445
7.241786
7.3312206
7.4107227
7.3089986
7.219507
6.9769864
6.6228905
6.7393675
7.1883597
7.4876966
7.353135
7.5591784
7.6203947
7.511594
7.5977263
7.55129
7.465591
7.458397
7.3696876
7.318073
7.037921
7.3454633
7.2984977
7.515332
7.421964
7.4962826
7.2880173
7.1642995
6.9809146
6.9102216
6.681919
6.864442
7.40037
7.4499474
7.506718
7.383864
7.2005906
7.08347
7.006824
6.989588
6.9951754
6.8540435
6.803924
6.6399646
6.920733
7.0416274
7.041828
7.184174
6.961694
6.9040494
6.9196787
6.812575
6.981675
6.7102814
6.89854
7.012103
7.037612
7.1426573
6.7207565
6.7778378
6.6924024
6.776026
6.815679
6.9789314
7.228458
7.0940003
7.30848
6.9643755
7.2967896
7.1057067
7.0035815
6.9342146
6.972217
7.2213697
7.441509
7.7088146
7.3412547
6.9199414
6.420192
6.4781237
6.6358643
6.8203187
7.0942636
7.2987285
7.4063063
7.438008
7.718014
7.9557934
7.9512963
7.967443
7.8342505
7.758797
7.325881
7.1099205
7.334602
7.117016
6.9313564
7.057333
7.1092753
7.1570997
7.948929
7.8364058
7.6481495
7.547761
7.5225444
7.2168846
7.0999784
6.9949737
6.9935536
7.1200933
7.183663
7.5481367
7.7476826
7.6159573
7.626015
7.2502184
6.7752495
6.6077595
6.676919
6.560844
6.4486465
6.6523066
6.67862
7.0200443
7.145275
7.20428
7.4278235
7.328032
7.1363707
7.216898
7.086287
7.0855656
7.1053767
6.946259
7.426612
7.6360254
7.616413
7.367833
7.213208
7.0231724
6.7436557
6.730444
6.4474287
6.3247447
6.2731805
6.438081
6.63647
6.781714
7.0260067
6.9402714
7.0446205
7.047444
7.3532376
7.0795016
6.8651733
6.7369595
6.936993
7.077552
7.3104
7.276351
7.003662
6.765203
6.6123366
6.6916113
6.7632995
6.3046746
5.7439837
5.9155455
5.8471217
6.0871906
6.259178
6.6761923
6.593147
6.3941717
6.5775437
6.9560676
6.8494835
6.7318087
6.5487843
6.584766
6.6154118
6.774043
7.110423
6.994891
6.7145333
6.7796826
6.7011766
6.218623
6.179655
6.1033726
6.042613
5.4629135
5.803711
5.9925823
6.065918
6.465625
7.0495796
6.7477174
6.698456
6.979478
7.097367
6.8278956
6.4174004
6.5075636
6.8059587
6.984118
7.156301
6.8437037
6.9224877
6.547396
6.459289
6.3279467
6.514176
6.2944746
5.9224467
5.7670918
6.3105626
6.230496
6.5977073
6.676096
6.4479094
6.522285
6.521925
7.2917404
7.191084
6.9144177
6.4047146
6.843547
7.1548405
7.3680253
7.4160457
7.1668725
6.5794344
6.277573
6.3167553
6.6162963
6.535941
6.0964355
6.145062
6.3214817
6.401802
6.5468674
6.5143247
6.2487607
6.331598
6.360121
7.1126647
7.050884
7.231453
7.040436
6.9398117
7.0474906
7.0763693
7.2328453
7.001729
6.9439135
6.071221
6.3308144
6.3214808
6.406502
6.136797
6.030492
6.136917
6.5290985
6.7725325
6.7356653
6.2533855
6.282049
6.3351455
6.7866397
6.824225
6.577595
6.6472383
6.665787
6.841851
6.8197393
7.0196486
6.800421
6.3314576
5.9592786
5.7893376
5.819346
6.064161
5.8571653
5.3485546
5.328148
5.61953
5.8060126
5.9079704
6.2388635
6.1787243
5.9195685
5.9785028
6.081517
6.3106246
6.224472
6.390403
6.2826996
6.3849115
6.7617745
6.864506
7.224038
7.127617
6.706934
6.13033
5.776542
5.478492
5.9767275
6.0287795
5.990628
6.0590577
6.4595327
6.4447813
6.531904
6.473159
6.2327156
6.032896
6.222665
6.2835464
6.5157027
7.019925
7.142528
7.0790734
7.2189827
7.294067
7.4629426
7.22653
6.5006323
5.9824085
5.404641
5.205139
5.6853313
5.813469
5.847062
5.810554
6.137465
6.2795243
6.446558
6.394955
6.0482445
6.0046
6.5394783
6.8586025
7.050482
7.3932686
7.179423
6.8979263
6.899014
7.1305976
7.1923904
7.044885
6.1503706
5.854501
5.6755576
5.7426925
5.9757667
6.2549515
6.1759987
6.333167
6.536189
6.1997757
5.824767
5.718146
5.94488
5.765844
6.4129367
7.0414257
7.193132
7.3207345
7.2581353
7.104868
7.0283465
6.7342377
6.3879933
6.0243363
5.7508807
6.0291157
5.654997
5.818412
5.7810173
6.0235324
6.2813907
6.305623
6.2269745
6.0429044
6.1833324
6.455289
6.171545
6.508934
6.5479193
6.7368116
6.564358
6.768759
6.81641
6.6629624
6.6095457
5.9240193
5.986773
5.9163113
6.3549914
6.6063347
6.549608
6.3545156
6.7166567
6.91016
6.935349
7.007805
6.8494787
6.790484
6.843981
6.913453
7.2015553
7.1711683
6.8379955
7.1400576
7.2446227
7.337524
6.846669
6.838868
6.962782
6.9156446
6.8989153
6.814631
6.8041067
6.512417
6.9184613
7.2333074
7.5316644
7.6914487
7.289206
6.811249
6.806452
7.114807
6.944787
6.903239
6.984271
7.0302234
7.1568375
7.14465
7.048377
6.969632
6.2569404
6.2201915
6.1228
5.9084034
6.2360806
6.402115
6.5858507
6.712603
6.621083
6.701971
6.7454658
6.5771837
6.091769
6.1183167
6.1160884
6.1164846
6.266974
6.109531
5.854021
5.842437
6.3826985
6.4981647
6.341037
6.364786
6.093889
5.9936466
6.5220137
6.5145082
6.6736727
6.5610743
6.4503393
6.546668
6.622734
6.4831758
6.5665174
6.3912106
6.613753
6.4382
6.7939525
6.884459
6.419464
6.013397
6.256016
6.4256425
6.427144
6.470873
6.5675087
6.5621195
6.570163
6.4667425
6.6315827
6.3886533
6.431128
6.0987816
6.4573717
6.4218674
6.701167
6.8300495
6.452072
6.2036886
6.3859224
6.6365
6.5275993
6.6288652
6.3075385
6.319298
6.531011
6.723376
7.0391054
7.2163925
6.9376993
6.765404
6.5749893
6.8135242
6.5069547
6.7079697
6.6840916
6.746725
6.918858
7.055677
7.2288213
7.099074
6.8274407
6.86134
7.200218
7.1741447
6.9731593
6.892749
6.666893
6.742751
7.095648
7.232595
7.4433413
7.398755
7.1958404
7.143657
7.1295304
6.5672035
6.7654138
6.8452787
7.010131
6.909941
7.201433
7.1585507
7.173318
6.6750736
7.2001753
7.1873994
7.254021
7.3485937
7.471554
6.9815335
6.7991233
6.992199
7.5141087
7.6111674
7.359815
7.359369
6.997755
7.019562
6.9318533
6.613297
7.1308956
7.1646557
7.315705
7.169581
7.1079397
6.9820623
6.6156244
7.021683
6.9370546
7.007101
7.315241
7.564997
6.8878813
6.776808
6.687619
7.095168
7.3103137
7.1333046
7.0656524
6.850905
6.705536
6.981576
6.8834925
7.2400284
7.264087
7.070803
7.0250382
6.9545984
6.5067635
6.753472
7.0144153
6.94407
6.888319
7.368276
7.263911
6.925673
6.7360024
6.8155413
7.1838317
7.332914
7.3056436
6.9582186
6.8735695
6.869646
6.3526244
6.8375816
6.8482766
6.8333793
6.9191723
6.6758165
6.2106867
6.280387
6.8732195
7.018445
7.0591435
7.32432
7.4626694
7.1603727
6.7444053
6.8902454
6.762073
7.112712
7.272642
7.2365265
6.9684067
6.8571076
6.7672577
6.8378067
7.2732816
7.0862412
7.214999
6.93402
6.8042874
6.4541125
6.779567
7.453743
7.278222
7.430572
7.496713
7.119579
6.7645884
6.718155
6.6357007
6.7883453
7.0941334
6.7064595
6.8763065
7.3492756
7.0557213
6.6612134
6.521501
7.0504613
7.211531
6.848508
6.5798764
6.4784436
6.87335
7.0915694
7.2342014
7.2918324
7.371958
7.235992
6.889297
6.6794777
6.5375485
6.517525
6.615199
6.6673026
6.694211
6.778473
6.901315
6.898487
6.472802
6.779875
6.889831
6.8168116
6.581543
6.2379584
6.010625
6.3410296
6.628142
6.940385
7.021836
7.028033
6.851928
6.7023983
6.645301
6.464759
6.4354434
6.5188003
6.6117516
6.9169292
6.8135586
6.637202
6.202029
6.226921
6.7120876
6.719168
6.8605647
6.391088
6.147965
6.0129766
6.437518
6.959768
7.130758
7.1780324
7.0367727
7.024185
6.811509
6.8128924
6.6451645
6.5726185
6.731355
6.843411
7.0072565
6.962
6.8019223
7.0593524
6.5660825
6.6248884
6.8123193
6.6465135
6.8198442
6.585719
6.734272
6.649725
7.0354815
7.15722
7.2864037
7.2320933
7.2219825
7.030678
6.954478
6.910961
6.7806516
6.755728
6.8691683
6.922554
7.0933356
6.902872
6.953535
6.7834067
6.375061
6.491237
6.5159864
6.593046
6.3901005
6.772476
7.158265
7.1979814
7.505379
7.3694787
7.196687
7.0723886
6.792296
6.834941
6.7933254
6.750814
6.7246532
6.9114027
7.153303
7.232444
7.260404
7.189165
7.0794706
6.8049746
6.61123
6.3042636
6.3226633
6.7252507
6.72475
7.1199365
7.196706
7.215707
7.3118634
7.0630207
7.1877184
6.85256
6.6386943
6.6825995
6.5233183
6.7202597
6.8498335
7.0395126
7.1799545
7.2470336
7.263191
6.9751062
6.589678
6.3624516
6.307847
6.4429936
6.782859
6.9399652
7.170107
7.108812
7.300305
7.440505
7.0672345
6.998754
6.955303
6.9096413
6.8964005
6.9331956
6.8939714
6.996344
7.1633863
7.202605
6.8467293
7.04401
6.893164
6.8847647
6.646816
6.593293
6.8580766
6.5637593
6.2772517
6.6592565
7.003792
7.145178
7.1810985
7.1421294
7.1432056
7.025793
6.901151
6.9392195
6.9864626
6.840434
6.8598194
6.921213
7.037407
7.0672865
6.614965
6.8986135
6.769592
6.309655
6.2671733
6.2104416
6.1247926
6.0463266
6.0386896
6.487847
6.6601734
6.962429
7.0312786
7.0011024
6.982102
6.8964705
6.920153
6.795727
6.6478066
6.915188
6.802661
6.8066382
6.746187
6.5125856
6.2715726
6.467476
6.210216
6.2551146
6.263277
6.284128
6.107326
5.8881607
5.9162035
6.384038
6.4199147
6.967691
6.7139816
6.866496
6.887538
6.621973
6.574622
6.4068346
6.4122453
6.4314637
6.481517
6.6360893
6.5525618
6.0052357
5.67639
5.5858393
5.3608856
5.5316176
5.781479
6.1231604
6.146311
6.0415463
5.7926993
5.573602
5.935727
6.294675
6.524916
7.083822
7.1463733
7.2408514
7.2967005
7.4086747
7.3343153
7.0174003
7.0050054
6.912895
6.991661
7.0513735
6.9558077
6.8816996
7.152053
7.569006
7.600134
7.4635496
7.541153
7.519698
7.3951654
7.1847014
7.2024155
7.0624037
7.2315173
7.454232
7.452612
7.380185
7.22449
7.1255755
6.930358
6.803133
6.5866165
6.846702
6.7983255
6.693324
6.449667
6.3487587
6.295179
6.3760743
6.2925234
6.5829883
6.8264775
7.1496572
7.0300813
7.3298397
7.547908
7.04872
6.7939405
6.667306
6.5738716
6.661205
6.441531
6.3952756
6.3594356
6.246774
6.361927
6.505221
6.949482
7.127083
7.1481166
6.793977
6.5208273
6.0638347
5.7272034
5.6494937
5.6785965
5.4772925
5.601694
5.652297
5.743369
5.55235
5.615049
5.801936
5.734337
5.773294
5.707246
6.2104363
6.057281
5.6861963
5.4014444
5.0950317
4.918558
5.1533594
5.4916
5.597369
5.7076607
5.6109276
5.3553557
5.017417
4.6880093
5.0196776
5.301832
5.00974
4.6799674
4.3815975
4.328081
5.3296046
5.605101
5.938096
5.953491
5.9173803
5.836655
5.845392
5.816822
5.6760488
5.3561354
5.302598
5.5727158
6.1368055
6.4816246
6.3356705
5.6598554
5.115968
4.6745505
5.8024697
5.876483
5.5704937
5.189477
5.4449625
5.3710647
5.6605263
5.945444
5.8464108
5.9716682
6.0508223
5.964525
5.7457595
6.011956
5.7476816
5.5119395
5.3850017
5.443343
5.505454
5.7219357
5.4639583
5.122145
4.886553
4.407419
5.251549
5.858993
6.0592394
5.6820707
5.2472672
5.307015
5.3742895
5.612192
5.4352336
5.4983125
5.5417566
5.5224447
6.319214
7.0855055
6.7412815
6.1594276
5.6751766
5.45584
5.7726045
6.413775
6.301775
6.3993673
5.7764883
5.358845
5.362367
6.1795135
6.077409
5.400399
5.382661
5.3521056
5.403226
5.8194604
6.0033917
5.5001254
5.295197
5.458657
6.716493
6.583599
5.6780567
5.392932
5.5021815
5.6137195
6.2539253
6.57507
6.393582
6.2672095
5.500524
5.1882524
6.0064254
6.207697
5.6919956
5.3401566
5.350351
5.7121744
6.0106344
6.0081882
6.0198565
5.5778975
5.6549377
5.7668123
6.741502
6.8425603
5.9385686
5.6361647
5.489974
5.443902
5.643882
6.156755
6.296084
5.8961315
5.7309384
5.560197
5.113349
5.154222
5.909702
6.020806
5.8318086
5.2918115
5.1285644
5.2842174
5.4283314
5.667067
6.5131254
6.49037
6.112122
5.601662
6.1134024
6.568811
6.571949
6.272526
6.067034
5.586159
5.110125
5.6390595
6.0747414
6.02267
6.145929
5.861288
5.9775615
5.8251677
5.512649
5.4387264
5.02104
5.403122
5.970952
5.6528144
5.3336644
5.2234983
5.1595116
5.2837133
5.240749
5.6004376
6.100408
6.3368773
6.2746377
5.9560885
6.0288873
6.5755463
6.7363567
6.187975
6.058462
6.151044
6.0238333
6.2251816
6.1448584
6.155797
6.317237
6.4878883
6.455966
6.210592
5.9966803
6.0267506
6.0905576
5.971648
5.9273295
5.681554
5.4613338
5.7140737
6.203341
6.465474
6.5273895
6.490662
6.322281
6.4486327
6.6884813
6.784571
6.530219
6.5218773
6.4677896
6.468801
6.649067
6.8282094
6.91528
6.966893
6.706511
7.1671267
7.228938
6.849159
6.875536
6.745409
6.762475
6.5767455
6.9959345
6.519331
6.9408402
6.9274592
6.961347
7.0599995
7.2571774
7.1534677
7.3544855
7.3582006
7.300957
7.0633454
7.0945077
7.305545
7.245518
7.3179226
7.3810344
7.21778
7.0967207
7.004835
6.8037195
7.0045776
6.8828387
7.2394514
7.340243
7.655809
7.4694304
7.7120304
7.462166
7.635425
7.4731836
7.3183475
7.262557
7.180581
7.1967225
7.2548018
7.0464354
7.167616
7.299844
7.242931
6.818606
6.5844917
6.481705
6.4673977
6.301051
6.449611
6.6808496
6.884504
7.260053
6.9358783
7.1132255
7.074358
7.1419163
7.156451
7.021634
6.9495792
6.7199364
6.6538906
6.7841773
7.073531
7.1731153
7.0625687
7.1960697
7.2132072
6.7322326
6.891302
6.971058
6.932931
6.8103867
6.7736516
6.9426317
7.3060064
7.2276278
7.6487803
7.373748
7.494217
7.4872155
7.4462786
7.5668726
7.5779934
7.3086605
7.184767
7.1003466
7.0947037
7.141418
7.6118555
7.7903514
7.977528
7.3618617
7.5483546
7.7957973
7.7175617
7.462263
7.3766894
7.6625586
7.9219465
7.9088893
7.7834015
7.488964
7.330688
7.4749312
7.2374153
7.261587
7.020882
7.0049295
7.104912
7.2641897
6.9772925
7.637102
7.9145474
8.085039
7.6899204
7.290782
7.3209877
7.476243
7.2544966
7.1425753
7.2046566
7.4358416
7.8934383
8.14178
7.828474
7.4432826
7.4474134
7.553276
7.8338842
7.8598843
7.513666
7.199295
7.2778378
6.933612
6.9178457
7.280358
7.529897
7.604634
7.343054
7.3045034
7.550564
7.384259
7.2329655
6.816583
7.0867643
7.29807
7.5439496
7.759109
7.364998
6.989015
7.0024896
7.3589907
7.8682384
7.8482327
7.4235945
7.3791056
7.2423353
7.324868
7.371439
7.5998616
8.059447
7.6794434
7.3783956
7.3116245
7.271859
7.011721
6.813912
7.292554
7.4457126
7.601162
7.974952
7.9025984
7.8310175
7.6789618
8.132906
8.339252
8.114683
7.8500266
7.690113
7.654791
7.8659163
7.6632175
8.055483
8.137673
7.958403
7.47697
7.5543685
7.4958677
7.1320477
6.999546
7.2032228
7.303769
7.56007
7.7580814
7.1851606
7.1476893
7.125964
7.988039
7.994218
7.725097
7.5298843
7.5459676
7.469605
7.6374702
7.7311583
7.7128935
7.8327494
7.5246377
7.3764887
6.9792557
7.071207
6.9605484
7.0366592
6.783388
6.829273
7.0535307
7.04908
6.4801025
6.7254815
7.0563345
7.3729024
7.2129064
7.0619497
7.1317163
7.2524786
7.211073
6.947501
7.4603786
7.518387
7.478161
7.788291
7.276958
7.231195
7.377517
7.256635
7.0615587
6.887326
6.9929976
7.1573896
7.0070343
6.6587367
6.6358876
7.039838
7.910377
8.029994
8.010958
8.0649395
8.017138
7.798412
7.802112
7.6573553
7.7513523
7.5437813
7.5736284
7.290728
7.2739973
7.687769
7.6644044
7.368735
7.6348295
7.47724
7.2532635
7.573966
7.6170583
7.203567
7.2206407
7.3268995
7.49743
8.102412
8.273293
8.177184
8.107909
7.9268312
8.01591
7.9320536
7.8697457
7.696926
7.8126783
7.791558
7.7051153
7.288791
7.275221
7.352004
7.3362107
7.228753
7.3487787
7.238779
7.31921
7.026183
6.998691
6.9272757
6.970492
7.687813
8.049364
7.9629216
7.9623785
8.037985
7.8253236
8.030587
7.793862
7.987317
8.156675
7.788067
7.0999274
7.423552
7.491599
7.437763
7.258008
7.21183
7.053241
6.987076
6.9726453
6.9152884
6.631101
6.8678007
7.473233
7.7122827
7.8025775
7.710439
7.775757
7.8560143
7.8564987
7.954276
7.9291677
7.852837
7.7048388
7.5598
6.8415766
6.9951253
7.393929
7.4876137
7.744013
7.5021615
7.2381954
7.2833986
7.255487
6.8503675
6.4759007
7.1712027
7.2026825
7.856741
7.7190757
7.7094884
7.476794
7.4488783
7.532948
7.5960975
7.6549497
7.6978765
7.5940037
7.3490195
6.6832533
6.76354
7.3066874
7.043555
7.3831234
7.3360586
7.269893
7.119974
7.158332
6.766096
6.7993183
7.1686687
7.600715
7.74967
7.784052
7.596287
7.749652
7.6141577
7.6129036
7.5223837
7.5599666
7.5269523
7.435162
6.980223
6.7856054
7.3549156
7.110985
7.302174
7.335684
7.3217335
7.287318
7.4094505
6.9242587
6.7788973
7.2773213
7.4164486
7.716523
7.854124
7.7744575
7.8377323
8.027125
7.964451
7.8263807
7.618022
7.6796603
7.571227
7.4623
7.022196
7.1764183
7.44816
7.4936657
7.4488487
7.3333573
7.300472
7.254516
7.1701517
6.8507247
6.79853
6.9379635
7.048447
7.11283
6.9570994
6.6727595
6.88877
6.8929086
6.9321795
6.909817
6.574936
6.6427155
6.6692877
6.4722643
5.69702
6.3596516
6.6747813
6.6854124
6.567184
6.5822387
6.2441807
6.0476446
5.7514133
5.6866217
6.174946
6.474043
6.9406457
7.523012
7.405207
7.097266
7.4351964
7.6061654
7.1813135
7.2152295
6.8932543
6.8232408
6.712583
6.1796265
6.0249267
6.134013
6.2556705
6.304171
5.8945837
5.862681
5.899606
5.947433
6.509614
6.3412223
6.607389
6.867054
7.0704184
6.818637
6.793516
6.8335886
6.7753563
6.656786
6.319946
6.2445765
6.4583025
6.3648524
6.445795
5.954166
6.0281887
6.526107
6.7127523
7.0253634
6.9393187
6.9187217
6.8063626
6.6161146
6.4791746
6.5044813
6.863905
6.8534536
7.058893
7.202388
7.2330227
7.619078
7.571775
7.526575
7.725725
7.454648
7.180069
7.17227
7.2272444
6.3888974
6.436334
6.4939265
6.8066754
6.84747
7.100913
6.900005
7.088716
6.825098
6.8584766
6.3538547
6.610126
6.972921
7.425358
7.337151
7.191001
7.274182
7.4772716
7.429517
7.5969706
7.6128635
7.348046
7.143764
7.129764
7.1259766
7.1043034
6.860579
6.805568
6.975236
7.290452
7.2037244
7.214754
7.2919083
6.9855175
7.0717564
6.9205294
7.090064
6.8766017
6.890211
6.6383214
7.0973454
7.0538774
7.1797895
7.1461854
6.9071913
6.483183
6.685301
6.6454473
6.442728
6.5073524
6.5198827
6.562854
6.5487747
6.5381217
6.7215395
7.163677
6.7996397
6.869596
6.769952
6.9960575
7.0514765
7.165443
7.1279964
6.7328606
6.6451206
6.626424
6.371999
5.9911118
6.217391
6.4904675
6.421673
6.5483866
6.246899
6.1620636
6.4025717
6.634264
6.5407634
6.619281
6.592061
6.6157064
6.7220354
6.8326373
6.901535
7.170356
6.9422398
6.4260006
6.1780033
6.165799
6.4732122
6.3278847
6.287435
6.2120585
6.081572
5.86426
5.5129676
5.5735693
5.349965
5.4179125
5.7796526
5.89742
5.570536
5.0599575
5.0589666
5.334939
5.9400425
6.1372685
5.8992643
5.731553
5.868072
6.0190053
6.0329514
6.3494277
5.9223022
5.001672
4.5746374
4.858245
5.867839
6.0796504
5.9480495
5.8484564
5.585365
5.2715535
5.5050554
5.5102315
6.0648327
6.0287843
5.8372574
5.605098
5.8077445
5.680726
5.3024693
5.478012
5.294251
5.6354027
6.110713
6.3335667
6.0921397
6.459194
6.2028933
5.6028504
5.0393
4.9871144
5.2781167
5.6477304
5.229322
4.9327664
4.6503925
4.5408316
4.630954
4.949398
4.834211
4.515605
4.398119
4.7537146
3.9325714
4.914538
4.7129626
4.654959
4.643752
4.7006326
4.8408127
4.6575055
4.599862
4.6149735
4.6955824
4.7007623
4.770609
4.765599
4.81818
4.6711707
4.7087607
4.6806087
4.635414
4.561347
4.5413857
4.705069
4.6977997
4.7061
4.687419
4.562717
4.5777698
4.5232
4.6300807
4.6494484
4.5485997
4.6048574
4.5944753
4.5492287
4.6172023
4.719923
4.607261
4.5878735
4.561016
4.4671974
4.449348
4.519393
4.5309296
4.6428204
4.5487747
4.5146394
4.605718
4.488731
4.570512
4.6214175
4.577944
4.5512958
4.571353
4.4609523
4.5620584
4.5595617
4.6954603
4.5933914
4.7104836
4.6634116
4.65584
4.6586523
4.5739226
4.7334805
4.534024
4.768301
4.792079
4.66025
4.573731
4.719703
4.8335757
4.7441797
4.686075
4.690902
