10000
8.673188
8.520367
8.483446
8.587831
8.517721
8.541435
8.608698
8.5401745
8.565314
8.623653
8.622695
8.63973
8.599859
8.726891
8.628058
8.673777
8.620036
8.605519
8.68622
8.729243
8.692417
8.707618
8.6737
8.750459
8.661453
8.790031
8.681685
8.760952
8.731811
8.727757
8.774389
8.726486
8.632935
8.627204
8.602902
8.600979
8.570168
8.671711
8.570494
8.614901
8.488901
8.429523
8.441035
8.401623
8.319706
8.163049
7.985461
7.6871657
7.6284847
7.690148
7.442156
7.5292726
7.5210714
7.604938
7.5040264
7.4186134
7.3443384
7.4730906
7.5444098
7.707355
7.827707
8.066319
7.930831
8.026825
7.9032693
7.7441974
7.26025
6.801057
6.8199654
6.4489884
6.144822
6.000479
5.943228
5.889348
6.08055
6.0934258
5.9822187
5.720558
5.694007
5.296066
4.914789
4.7324133
4.8154707
4.8606043
4.8232007
4.7958035
4.8099813
4.7933855
4.7795277
4.7182584
4.751294
4.88585
4.822421
4.871682
4.7961326
4.887993
4.9268694
4.519257
4.523059
3.870551
4.5080047
4.454386
4.586716
4.598197
4.6271434
4.7253146
4.6751633
4.680215
4.5384254
4.589158
4.6834745
4.7402897
4.6273894
4.617029
4.645238
4.557014
4.673788
4.555044
4.640614
4.5445304
4.563154
4.4936066
4.589317
4.549645
4.5546527
4.5565095
4.580941
4.5355315
4.7316794
4.6414647
4.635545
4.582547
4.728645
4.7165456
4.836071
4.9048443
4.88108
4.817728
4.8957753
4.7344017
4.7295475
4.45393
4.5858793
4.570264
4.6395087
4.64653
4.590012
4.7502475
4.7250996
4.636014
4.5825615
4.642767
4.6787357
4.7473664
4.6297674
4.796125
4.715067
4.6308184
4.794082
4.667695
4.788164
4.7801723
4.6106834
4.709818
4.6979494
4.73943
4.6967344
4.8072357
4.6749287
4.745817
4.5987716
4.7553644
4.7303014
4.8008866
4.7975183
4.8600225
4.764852
4.67517
4.7453823
4.683044
4.80805
4.694663
4.771613
4.803285
4.797727
4.815243
4.8133664
4.8712435
4.8862033
4.9330444
4.910365
4.9435387
4.9055347
4.941594
4.8059816
4.8012342
4.8067236
4.780749
4.7902436
4.707809
4.673736
4.615158
4.6420593
4.516724
4.4517016
4.533646
4.6263976
4.630043
4.55024
4.6156173
4.6475635
4.8141975
4.658922
4.706139
4.7585893
4.757925
4.768156
4.81596
4.6284943
4.6804514
4.5457587
4.6339335
4.4805593
4.4425726
4.5018287
4.5019007
4.4523563
4.434214
4.4617214
4.5008144
4.433663
4.421283
4.546799
4.587419
4.526946
4.498898
4.623669
4.691451
4.7498717
4.7176476
4.6113324
4.6849766
4.666058
4.747291
4.720237
4.766471
4.711139
4.766755
4.6396866
3.8355858
3.8111038
3.3918962
5.598007
6.3264656
6.760768
6.80254
6.671478
6.8321924
6.7127085
6.782845
6.748562
6.9500427
6.852257
6.9601116
6.858692
6.942654
6.845757
7.0282545
6.876035
6.8859744
6.890603
6.896569
6.985423
6.8493896
7.047324
7.0084457
7.052804
6.962199
6.986393
7.0092564
6.9516892
7.0265584
7.0224366
7.0263653
5.311346
5.3867354
5.2747645
5.2023454
5.2761173
5.323161
5.5608053
5.3721642
5.373612
5.3373084
5.392737
5.286536
5.2871995
4.26914
4.5185633
4.4771805
4.54397
4.429703
4.568948
4.722787
4.5415363
4.677539
4.71378
4.807817
4.699494
4.822513
4.697339
4.799604
4.7308884
4.6963415
4.9299035
4.7733407
4.797954
4.822611
4.7706094
4.8461676
4.7167287
4.9451795
4.8471417
4.885672
4.9299383
4.9580193
4.9254313
4.9086113
4.707826
5.0213184
5.0193896
4.9204216
5.003403
4.7845063
4.7860227
4.7688184
4.851616
4.820357
4.8222437
4.7763844
4.741512
4.6458054
4.6926928
4.5957184
4.614083
4.672229
4.5904408
4.5738716
4.560441
4.5825195
4.604806
4.5730963
4.663753
4.645074
4.650333
4.5536156
4.5497046
4.6287007
4.6475616
4.5918465
4.753261
4.768711
4.7553997
4.603646
4.713629
4.690485
4.775338
4.7677474
4.7346215
4.864318
4.676886
4.631225
4.7417965
4.571136
4.7823997
4.795183
4.5698323
4.433189
4.409443
4.4607744
4.363852
4.326666
4.5956597
4.5127697
4.56095
4.52507
4.5236692
3.4831204
3.5718505
6.595561
6.7703805
6.684438
6.64186
6.7651863
6.456858
6.4089603
6.379336
6.309746
6.353962
6.3493905
6.3217783
6.267633
6.3998904
6.407376
6.4203873
6.430893
6.6436167
6.785551
6.6881995
6.8069773
6.8131394
7.000346
6.9784737
6.9536295
7.0174303
7.1006303
7.047817
7.245963
7.1645813
7.143485
4.6434784
4.6909566
4.743875
4.594386
4.8190956
4.952236
4.923622
4.871791
4.767298
4.8789644
4.7949967
4.5529294
4.656012
4.661961
4.597841
4.5886846
4.3971443
4.4634714
4.3600845
4.3950977
4.450524
4.4003234
4.3814964
4.3928094
4.22726
4.4309797
4.257374
4.555729
4.413773
4.319809
4.221009
4.264552
4.2089543
4.3489466
4.260948
4.39777
4.4957705
4.412279
4.3649645
4.5243473
4.5037045
4.534469
4.3980675
4.580664
4.4674015
4.5637054
4.6984015
4.8399253
4.7905145
4.7728357
4.696961
4.7104516
4.982849
5.0190096
4.844428
5.0561247
5.0644174
5.15493
4.813051
5.0381727
4.996301
4.853382
4.7456236
4.753063
4.7863207
4.7919044
4.7223425
4.6491785
4.6092997
4.68316
4.667464
4.6800256
4.7680697
4.8003054
4.847357
4.9859905
4.965659
4.715884
4.693547
4.656633
4.519093
4.5044255
4.555005
4.340797
4.550041
4.7862463
4.9450755
4.753347
4.533187
4.6926384
4.5963106
4.46523
4.4023643
4.416573
4.60936
4.5469885
4.371871
4.252473
4.1574917
4.090602
4.1273475
4.1181254
4.104494
4.157969
4.261352
4.248479
4.4029946
4.4732723
4.3169165
6.316046
7.253224
7.2651997
7.3679547
7.280946
7.359949
7.3428235
7.3300056
7.4601507
7.4480815
7.5143437
7.349496
7.437669
7.2916365
7.284548
7.35638
7.350443
7.32728
7.3288794
7.316063
7.3902006
7.2747784
7.394474
7.2711473
7.298413
7.3571053
7.3313136
7.17199
7.286459
7.282974
7.408564
7.427893
7.284596
7.4169807
7.299172
7.2261877
6.9781995
6.6796994
6.538211
6.5771112
6.4460993
6.3556232
6.2034936
6.273507
6.2270784
6.281443
6.185853
5.926702
5.7760367
5.890004
5.7825236
5.4559016
5.1797385
5.1062164
4.860704
4.7518554
4.610527
4.7423735
4.9094815
4.9869504
4.9965706
5.03821
4.767119
4.576414
4.6572914
4.470943
4.4749975
4.5681963
4.438681
4.5283413
4.3131056
4.15571
4.0233665
4.254809
4.244006
4.401214
4.4208913
4.379907
4.5670114
4.790603
4.9344673
5.111165
5.343257
5.1001997
5.2169495
5.7141223
5.7644854
5.9723296
5.7933545
6.0670137
5.943606
5.599499
5.4040737
5.3292403
5.318619
5.1331315
4.894834
4.553898
4.332488
4.386067
4.0957828
4.2919636
4.1324115
4.16109
4.164373
4.128645
4.0447016
4.062268
4.0459557
4.143033
3.7942672
4.0050406
4.0755243
4.130691
4.089635
4.361351
4.558776
4.753773
4.68135
4.6980886
4.657567
4.609449
4.7472916
4.693057
4.524085
4.6151075
4.8836613
4.7330513
4.916342
4.9227834
4.7030325
4.7321763
4.433527
4.533944
4.6230946
4.5565243
4.6470613
4.636104
4.4647803
4.2498426
4.3613706
4.658864
4.7141695
4.6881633
4.9647465
5.1790977
5.1891093
5.2615085
5.2007256
5.065669
4.948393
4.8120165
4.6636896
4.636397
4.8306074
4.58998
4.624339
4.6912136
4.7004967
4.6780577
4.5741115
4.6790133
4.7719684
4.731619
4.8845034
4.9324765
5.0327578
5.0587482
4.8761263
5.0492945
4.9565496
4.969776
4.676884
4.7457995
4.742789
4.7791004
4.6948986
4.438811
4.479851
4.2275286
4.150038
4.3692317
4.0698824
4.316538
4.2750964
4.006641
4.176244
4.173351
4.167984
4.1516285
4.1849484
4.288911
4.318023
4.323338
4.3680544
4.351204
4.3252573
4.301045
4.391371
4.305889
4.383181
4.3506966
4.3115706
4.3652315
4.485992
4.398781
4.3245854
4.2455397
4.2736144
4.1844153
4.1518464
4.871465
4.9284806
4.833826
4.991486
5.049495
5.16917
5.1837187
5.153668
5.225645
5.3290753
5.3071384
5.4135933
5.27677
5.441836
5.371322
5.234775
5.2879033
5.3369403
5.4791875
5.297032
5.051427
4.9986534
4.8985286
4.8489556
4.3431854
4.2946987
4.2936993
4.201649
4.258486
4.2243843
4.213345
4.310467
4.361511
4.159907
4.1906953
4.286411
4.1572676
4.1718655
4.203811
4.1920357
4.2227626
4.147201
4.141571
4.1605453
4.276321
4.1546316
4.268492
4.1440024
4.162147
4.1651964
4.294627
4.2398434
4.3064184
4.2296343
4.2818384
4.2376013
4.2969856
4.2061853
4.1796346
4.37246
4.160452
4.164548
4.3235826
4.183744
4.3032975
4.2407775
4.235095
4.2896833
4.34518
4.2569056
4.3192472
4.426744
4.291529
4.3545756
4.212613
4.221776
4.3542986
4.327121
4.161894
4.32144
4.277878
4.306911
4.2070923
4.207959
4.2101197
4.2947063
4.197937
4.1573877
4.287333
4.289353
4.252656
4.2655125
4.3356953
4.3240414
4.2709956
4.287929
4.1836777
4.275327
4.3288426
4.264866
4.2227154
4.150685
4.2825623
4.2267127
4.1291914
4.1533833
4.198923
4.348302
4.272031
4.257253
4.3032618
4.1955853
4.1797686
4.0797625
4.104802
4.1167746
4.185837
4.1231475
4.1388936
4.2144613
4.376209
4.287424
4.28679
4.2287827
4.268999
4.181161
4.1997747
4.22291
4.05572
4.365143
4.2213907
4.380641
4.2124567
4.383826
4.5175858
4.674779
4.524267
4.6955605
4.539216
4.7357955
4.8119535
4.916951
4.9597025
4.895493
4.936414
4.7817016
4.7486925
4.644292
4.6363106
4.741842
4.5535526
4.749812
4.576523
4.7384315
4.508528
4.7012625
4.5532618
4.662099
4.600443
4.554452
4.4696827
4.444039
4.544249
4.4629145
4.5079155
4.47316
4.5339937
4.4149966
4.464537
4.4469414
4.3237247
4.2299185
4.3467026
3.7923858
3.9945178
4.2213697
4.206734
4.195064
4.1936655
4.213076
4.138574
4.1855197
4.188153
4.186852
4.16539
4.1437354
4.1639094
4.154717
4.102149
4.153822
4.185643
4.212749
4.1833735
4.149792
4.0486608
4.1295257
4.1653843
4.1162868
4.096354
4.115684
4.010076
4.1450567
4.032253
4.0143642
4.024007
4.0293665
4.119751
4.1028843
4.0855875
4.134973
4.139224
4.1438093
4.1226406
4.1119432
4.1555095
4.077054
4.039072
4.05699
4.1509976
4.0722094
4.1180773
4.100962
4.185026
4.097193
4.112228
4.171017
4.1827292
4.11194
4.1109543
4.120942
4.1472955
4.110732
4.1350636
4.121497
4.0947766
4.122512
4.0990205
4.02754
4.1150866
4.114145
4.031135
4.1089964
4.029843
4.0600386
3.9465053
4.041158
4.0614786
3.9812603
3.9156256
4.005689
4.0159416
4.005118
3.7443643
4.009419
4.0518603
4.0636816
4.0156107
3.6046886
3.1863112
3.9718962
3.923026
3.9936256
3.9664595
3.939918
4.242857
3.8602266
6.910128
6.892933
6.798522
6.799009
6.769405
6.746912
6.7228775
6.7454605
6.5477495
6.6029787
6.691346
6.599881
6.7790804
6.509302
6.457214
6.3285427
6.47726
6.4731793
6.4429965
6.399481
6.493346
6.3798943
6.5505834
6.401766
6.349817
6.2178717
6.257058
6.207839
6.130925
6.1216087
6.180447
6.229512
5.248435
5.137349
5.4534135
5.4403167
5.230385
5.2735443
5.235935
5.32725
5.4279485
5.4658375
5.416539
5.3287177
5.424608
5.3328795
5.4302917
5.338588
5.2550707
5.1941032
4.931531
5.006543
4.7896695
4.7324023
4.8443446
4.8136396
4.7979665
4.758978
4.718141
4.82179
4.9200783
4.9090157
4.934681
5.001958
5.113632
5.066565
4.9691777
5.317412
5.0933933
4.9741573
5.0300746
5.0468946
5.473173
5.5967975
5.6381793
5.339238
5.285178
5.4488435
5.309076
5.2421827
5.328035
5.190226
5.2931213
5.211675
5.113095
5.220696
5.027412
5.1441126
5.2439723
5.230748
5.254561
5.3215795
5.229098
5.371211
5.4311457
5.300673
5.3222013
5.2543197
5.363403
5.1339645
5.006229
5.128495
5.101557
5.1198373
5.1937265
5.078054
5.2431107
5.2472944
5.279029
5.275794
5.173999
5.257519
5.0728188
5.1784134
5.232664
5.256357
5.198733
5.2047462
5.1905966
5.146541
5.0182743
5.0155463
4.9097977
4.9231033
4.8618755
4.8260617
4.858713
4.71577
4.6149664
4.712695
4.697771
4.6579227
4.6149426
4.6459675
4.719712
4.6694703
4.696029
4.70713
4.827426
4.878556
5.0599976
5.0915093
5.0427904
5.1512804
4.9563537
5.1294875
5.036363
5.01805
5.217042
5.188895
5.3940263
5.356797
5.467982
5.741001
5.845032
5.8581963
5.8334074
5.896154
5.919007
5.9830184
6.0841427
6.206194
6.1973324
6.280713
6.19384
6.232714
6.3406544
6.198836
6.265516
6.098919
6.139322
6.1635756
6.10666
6.004425
5.9235554
5.882437
5.8542347
5.943578
5.9538355
5.8283343
5.852356
5.83512
5.816797
5.759926
5.7616525
5.787195
5.8439155
5.7455835
5.7072678
5.5051594
5.5324197
5.540851
5.5005603
5.5122805
5.367128
5.575829
5.549443
5.5772753
5.591458
5.5021133
5.616583
5.7404857
5.457042
5.665673
5.8352137
5.7449055
5.8825464
5.7810316
5.8760147
5.834681
5.961279
5.961617
6.148777
6.1349454
6.2476583
6.3590837
6.28891
6.3965516
6.426523
6.3759656
6.367003
6.4132957
6.4099193
6.4201617
6.398118
6.3362546
6.395815
6.311219
6.2948937
6.0865884
6.1656017
6.176244
6.108382
6.0427237
6.064394
6.1306086
6.064733
6.0725613
6.0893598
6.0354185
6.116949
6.051462
5.959589
6.0033116
6.092638
5.932019
5.9717426
6.052069
6.0721664
5.815193
5.881174
5.755282
5.8438873
5.7099066
5.825861
5.8431206
5.87464
5.8318067
5.749535
5.8430367
5.847849
5.826867
5.8386526
5.9006844
5.894477
6.0268717
5.9886103
5.970708
6.143349
6.0447016
5.937458
5.864098
6.009616
6.03904
6.2018156
6.082522
6.1487064
6.0152926
6.1681232
6.066358
6.0833063
6.017866
6.050355
6.171204
6.1490436
6.0441422
6.1825857
5.9486504
6.116959
6.0460463
6.22454
6.18135
6.167257
6.1023693
6.016624
5.9982724
5.9446697
5.990014
6.0219803
5.936205
5.903324
5.9851527
5.8680897
6.076663
5.773239
5.8085537
5.841525
5.809072
5.7525673
5.8768005
5.9896793
5.9910645
6.1567593
6.0635285
6.070193
6.1601715
6.069737
6.1125565
6.146493
6.1216507
6.0280824
6.184939
6.0013466
6.128991
5.987716
6.017152
5.957451
6.00398
5.9423766
5.9221916
6.025114
6.0168233
6.061755
5.980153
5.9964166
6.152768
6.0888987
6.2165346
6.1478333
6.139918
6.291385
6.2227783
6.224704
6.186729
6.2984548
6.307517
6.32871
6.1537323
6.240537
6.0828767
6.213385
6.1273293
6.224794
6.2479286
6.1867456
6.306987
6.142027
6.263547
5.9449043
6.095894
5.8865256
5.9587946
5.8799562
5.9587364
5.8075156
5.88533
5.8029814
5.9504848
5.904656
5.847579
5.732129
5.732379
5.52699
5.5322313
5.393807
5.399182
5.4707274
5.5377746
5.591416
5.9654145
6.025121
6.025517
5.9654055
6.1569247
6.0293055
6.0083075
5.9085846
6.0937014
6.1232295
6.3143244
6.2789097
6.3449864
6.3244853
6.3296337
6.2536516
6.1080284
6.1827483
6.2231874
6.230768
6.29464
6.253334
6.253828
6.1793756
6.3072877
6.1699986
6.02415
6.086047
6.129682
5.983887
6.0494003
6.1304684
5.970088
5.8377213
5.539212
5.64104
5.484349
5.517396
5.4782844
5.441485
5.4983344
5.511338
5.535568
5.5598803
5.650269
5.8570247
6.0334973
6.2644434
6.051192
6.142723
6.0971813
6.2461824
6.1092157
6.199658
6.1648707
6.2518644
6.4075546
6.4153957
6.427552
6.356367
6.375658
6.3998814
6.2702603
6.3758187
6.2710075
6.1397643
6.1879644
6.153029
6.1202435
6.391076
5.6493993
5.563154
5.5696044
5.596709
5.6823854
5.7376685
5.7947307
5.9540305
6.1558747
5.9127307
5.9005213
5.7664595
5.820088
6.0318084
5.902444
5.7286153
5.8681993
5.927969
6.196151
6.4016256
6.1970253
6.204758
6.157336
5.961069
5.5869455
5.305233
5.1342554
5.168234
5.212501
5.1738415
5.293317
5.5036464
5.514278
5.736784
5.91495
5.5605907
5.1941667
5.1780047
5.30618
5.396233
5.261187
5.234607
5.290149
5.3307114
5.5097513
5.646885
5.6046605
5.7215796
5.781589
5.8179393
5.627204
5.642842
5.5831437
5.4654307
5.593949
5.621026
5.498416
5.6147556
5.544012
5.6389856
5.6341815
5.8093557
5.923841
5.8357215
6.0566926
5.9597917
5.726262
5.6342344
5.249954
5.3043995
5.1771545
5.2042007
5.1391597
5.267625
5.2325287
5.3627367
5.308759
5.2727165
5.3327045
5.36065
5.264335
5.1411057
5.114862
5.0237865
4.9615207
5.1148357
5.234714
5.1682296
5.187187
4.973271
5.0097065
4.96997
4.904693
4.8374634
4.8596616
4.9383435
4.7733364
4.808149
4.6894226
4.7272506
4.592817
4.65143
4.553111
4.614178
4.5185986
4.4850807
4.548665
4.50467
4.6397643
4.679159
4.6813893
4.58982
4.493387
4.2660313
4.066763
4.7172804
4.667388
4.605476
4.450815
4.484347
4.473867
4.4330707
4.470284
4.6292243
4.5589585
4.4860525
4.4280868
4.4891105
4.42544
4.539738
4.46181
4.4394426
4.491575
4.387035
4.512928
4.4354434
4.3844414
4.4549685
4.4591756
4.386198
4.446995
4.4833174
4.40429
4.5290847
4.289621
4.5682287
4.4157314
4.532484
4.346054
4.494188
4.6361866
4.3887553
4.46209
4.3963633
4.347012
4.418935
4.2626762
4.4739666
4.764784
4.6727266
4.918386
4.656316
4.8672795
4.7216988
4.941909
4.580878
5.0381575
4.5945683
4.8162637
4.512865
4.7976055
4.613414
4.8911757
4.555502
5.028198
4.7037196
4.894473
4.63224
4.8529077
4.6896944
5.0056176
4.961261
4.9850063
4.8827624
4.9296594
5.131357
5.0048723
4.9868784
5.0569725
4.87612
5.14861
4.9697533
5.0724955
5.100045
5.0993276
5.086284
5.075337
4.9701242
5.074136
5.0029993
5.175366
4.8393
5.009346
4.9736376
5.045748
4.958539
4.9272785
4.977732
5.0978155
4.980579
4.9828854
4.7971516
5.0698743
4.7944317
5.1369686
4.968214
5.0380497
4.8520255
4.966501
4.9207783
4.9268537
4.9307632
4.8627853
4.714662
4.8301425
4.8467445
4.890577
4.623759
4.898864
4.6651173
4.8343754
4.888831
5.055345
4.8040266
4.974326
4.9206533
4.8428736
5.010954
4.8474727
4.5231233
4.9328814
5.747553
5.692675
5.714253
5.694192
5.7746787
5.663129
5.753387
5.696074
5.714642
5.7655334
5.6621027
5.77531
5.6925783
5.764558
5.7260876
5.770735
5.732456
5.8108726
5.7591834
5.8796973
5.736038
5.7717714
5.8340044
5.7537518
5.886348
5.774711
5.91658
5.851247
5.912067
5.9529214
5.9773493
5.9610147
6.052863
5.9666624
6.1159267
5.9811025
6.0895643
5.956662
5.981289
5.98758
6.0177236
6.0783215
6.0665703
5.957591
6.0138984
5.923977
6.07775
5.950298
5.9791384
6.0121584
5.955394
6.0651345
5.9547386
5.962379
6.0744953
5.9197693
5.94849
5.8998146
6.00783
5.8618813
6.09068
5.9197407
5.826635
5.999049
5.898907
5.871746
6.0871654
5.9110665
6.157644
5.9698887
5.971858
6.1378837
5.92583
5.869957
5.9602065
6.1247625
6.0406113
5.978534
5.998676
5.957386
6.184355
6.0245824
5.977421
5.954662
6.0014963
6.1933928
6.0921946
6.1075983
6.128253
6.0002604
6.126157
5.878183
6.0032735
6.0034504
6.0119047
5.983459
5.9644976
5.944751
6.0385256
6.0356016
5.9723034
6.2061996
6.1011114
6.300565
6.2010236
6.226469
6.156571
6.0952015
5.95502
5.980567
5.948678
5.941151
5.9133587
5.9135466
5.9000053
5.774338
5.905151
5.666468
5.562072
5.36113
5.3402934
5.266228
5.515705
5.5051208
5.321858
5.3556976
5.641861
5.286082
5.2739854
5.666225
5.5494714
5.6262794
5.3884277
5.63855
5.7856855
5.5865107
5.8302846
6.1164947
6.2072277
6.22459
6.2347074
6.2329626
6.1697254
6.0481496
6.2697515
6.101507
4.9722137
5.125695
5.2213993
5.013385
5.016561
4.8919296
4.82215
4.734556
4.7505274
4.663881
4.693407
4.75928
4.8376503
4.8951035
4.8710723
4.945612
4.9705586
4.7721715
4.742094
4.742527
4.726553
4.73563
4.7478247
4.923589
4.9241033
5.0352154
5.019652
4.9621077
4.875658
4.938545
4.8623734
4.8788714
4.922661
4.8764515
4.9128447
4.8482366
4.8063188
4.778764
4.7732654
4.847658
4.9018826
4.8589563
4.9964104
4.839922
4.9203
4.7876196
4.9155045
4.7026277
4.7016664
4.7143908
4.7244697
4.647805
4.8491826
5.117164
5.0699644
5.118812
5.222337
5.2159643
5.2166753
5.1590257
5.1963177
5.2536983
5.2481446
5.2592072
5.288467
5.2415857
5.2443237
5.208502
5.2524986
5.1548567
5.2159863
5.0980067
5.24015
5.123507
5.194499
5.183216
5.2025766
5.1855316
5.2142
5.171209
5.212372
5.1981177
5.255822
5.179399
5.2292576
5.2047906
5.2393856
5.226146
5.2486763
5.175215
5.237884
5.235361
5.163067
5.1842165
5.1885505
5.1808066
5.212604
5.178326
5.1082854
5.2117076
5.108325
5.262893
5.1420655
5.272501
5.1296363
5.2278194
5.116374
5.205706
5.1002154
5.2055373
5.085146
5.186634
5.142875
5.2638683
5.127324
5.2104864
5.22103
5.225972
5.19577
5.1346292
5.1032653
5.163137
5.2390847
5.202543
5.1908407
5.1885104
5.202931
5.210273
5.14748
5.153323
5.178484
5.1237063
5.1151023
5.1219964
5.1974688
5.2367773
5.0882063
5.172364
5.1653986
5.1944094
5.1735387
5.1743875
5.1599884
5.1826487
5.200892
5.150021
5.206611
5.2142997
5.1827993
5.2400155
5.17311
5.200778
5.195399
5.1845164
5.2275753
5.109259
5.1953807
5.163595
5.220592
5.213615
5.105987
5.2180185
5.1821704
5.18755
5.093065
5.2344313
5.0824323
5.2246118
5.178184
5.2209
5.2258196
5.7656574
5.8994665
6.2182894
6.196235
6.346257
6.272605
6.416519
6.2733464
6.2837434
6.39554
6.395714
6.362497
6.4397893
6.345807
6.328866
6.467586
6.3975263
6.4151263
6.371089
6.383476
6.3670845
6.375842
6.31567
6.3993607
6.3364735
6.3629155
6.300511
6.328041
6.32766
6.286293
6.1954355
6.2613316
6.3583064
6.559402
6.479817
6.6131535
6.5311165
6.4455037
6.41966
6.4764338
6.425026
6.41964
6.416421
6.5785246
6.479324
6.3769264
6.391897
6.1748724
6.4397335
6.258876
6.5966578
6.525326
6.57644
6.6386967
6.6084194
6.618176
6.592703
6.50673
6.3678718
6.4078603
6.4136324
6.3054657
6.171072
6.1569223
6.1978207
6.213671
6.1292725
5.958228
6.020375
5.771443
5.9205103
5.951616
6.1219487
6.041648
6.191848
4.2769947
4.361143
4.459772
4.367009
4.4465256
4.2782235
4.455474
4.4636526
4.5215235
4.486936
4.5664363
4.7937713
4.733097
4.8683443
5.0226274
4.984357
4.9533424
5.1182904
5.2336807
5.347986
5.300419
5.426465
5.6273365
5.771636
6.0574303
6.305338
6.2309647
6.153499
6.191741
6.2131653
6.0941916
6.059578
5.9892645
5.939618
5.9581013
5.7914395
5.700003
5.7172747
5.6988773
5.74574
5.785701
5.829096
5.7822704
5.764852
5.7544355
5.819009
5.7461843
5.636359
5.6951094
5.5775146
5.53782
5.3290815
5.2068906
5.1732125
5.100232
5.0925646
5.000209
5.051878
4.9433455
5.057752
5.053009
5.0584207
5.2035046
5.1169515
5.1027317
5.0526705
5.048402
5.0439243
5.0163174
5.107284
5.0687447
5.060322
5.126033
5.070947
5.116747
5.116943
5.103192
5.219185
5.163277
5.174193
5.1340322
5.1531734
5.154084
5.1822205
5.162035
5.226056
5.374566
5.2833824
5.310264
5.3222833
5.309889
5.2689214
5.3079176
5.2590857
5.2173405
5.333738
5.3740015
5.368029
5.3429966
5.355228
5.320766
5.369873
5.3708973
5.3421946
5.3795586
5.3029537
5.3811054
5.1588497
5.1537943
5.233378
5.1464276
5.1833677
5.292611
5.242998
5.2161613
5.308698
5.254106
5.3290033
5.317705
5.3751683
5.428004
5.381643
5.412051
5.4101925
5.4275904
5.3970985
5.351795
5.4406095
5.4278717
5.4547634
5.52263
5.5679474
5.5356445
5.5045896
5.5923014
5.521841
5.564947
5.658283
5.6091967
5.676816
5.6419497
5.7081776
5.70661
5.61337
5.8286123
5.713072
5.766362
5.753866
5.7955914
5.727414
5.695137
5.7176633
5.6427393
5.726676
5.6917734
5.715162
5.6528506
5.696388
5.663857
5.5983076
5.7155447
5.7131186
5.732242
5.778153
5.760631
5.7786593
5.663384
5.6149526
5.640993
5.485897
5.400861
5.2805367
5.2582436
5.3610754
5.2873774
5.230122
5.12016
5.23357
5.328148
5.236235
5.21594
5.314411
5.211077
5.16556
5.1825404
5.2572865
5.26887
5.1599236
5.2824564
5.3119917
5.155038
5.1095276
5.2195916
5.070286
5.099
5.112711
5.213761
5.200897
5.3288355
5.266315
5.3755236
5.353545
5.422942
5.3785715
5.358722
5.3725247
5.399193
5.4335537
5.3650017
5.4341593
5.3760033
5.402217
5.4413567
5.454149
5.510847
5.4917
5.5269804
5.3773875
5.3809004
5.4572973
5.2429314
5.2494545
5.161928
5.132921
5.322307
5.201539
5.356254
5.2216506
5.176718
5.335552
5.1370683
5.1314816
5.1043434
5.130263
5.1141915
5.1001453
5.189565
5.2779255
5.1552525
5.052811
5.1982536
5.0630283
5.1533747
5.208798
5.144726
5.2551966
5.290986
5.2965364
5.351842
5.457148
5.578166
5.575746
5.703804
5.834707
5.931118
5.996608
5.9969826
6.0141892
5.977354
6.012731
6.0246525
6.0319448
6.0422516
6.0810747
6.064706
6.0919785
6.1164913
6.2012143
6.218741
6.154316
6.224756
6.2176147
6.1825805
6.236256
6.366906
6.292311
6.3318157
6.24591
6.3084598
6.2388678
6.198668
6.1376433
6.2272806
6.195461
6.1764226
6.17112
6.198454
6.2061987
6.222379
6.2127914
6.1992235
6.2101293
6.2006483
6.1695724
6.2378683
6.2347264
6.2553244
6.22057
6.198351
6.1872563
6.2006865
6.172954
6.1769233
6.189401
6.2175655
6.1479306
6.141152
6.177692
6.1396594
6.1616306
6.095712
6.0759983
6.100472
6.1104937
6.116424
6.090151
6.069736
6.058802
6.061554
6.011473
6.029013
5.9157605
5.914121
5.9414835
5.920258
5.9356246
5.9695973
6.020013
6.0403013
6.1326413
6.1390867
6.1236324
5.91998
5.8099856
5.7460604
5.633813
5.5383863
5.4417515
5.38654
5.089584
4.899669
4.9142036
4.8166876
4.950174
4.8636575
4.7423973
4.730406
4.7687254
4.733498
4.8891735
4.8229847
4.762006
4.695808
4.706091
4.7539206
4.744616
4.790828
4.7603226
4.8300114
4.784081
4.759125
4.810873
4.7784057
4.8376656
4.81978
4.7761617
4.8118653
4.807314
4.770477
4.8045754
4.7306542
4.8005104
4.8685455
4.8274555
4.8950186
4.911402
4.860254
4.866657
4.816351
4.8960557
4.759075
4.752322
4.820389
4.7616053
4.802478
4.7596064
4.7780557
4.8885393
4.8228226
4.8227367
4.831128
4.7819643
4.7738366
4.8091884
4.918088
4.8221374
4.8410764
4.8857956
4.84996
4.824284
4.8203464
4.8580565
4.8111143
4.859989
4.808956
4.8523307
4.7603173
4.823458
4.78303
4.756434
4.861429
4.741507
4.7801876
4.746007
4.79581
4.7712307
4.7421823
4.7575736
4.779557
4.8224792
4.768229
4.794199
4.7876225
4.7826285
4.6687465
4.6497016
4.568809
4.637637
4.6133676
4.5849934
4.845004
4.911941
5.0698895
5.1766605
5.2530327
5.2459955
5.1443195
5.1341147
5.1046844
5.064517
5.0279665
5.050315
5.127212
5.104853
5.262012
5.130038
5.182178
5.1984463
5.1970615
5.1451306
5.2415104
6.273297
6.394104
6.4162064
6.2794685
6.234433
6.1994524
6.1295524
6.167156
6.1343007
6.0775986
6.0368214
6.017831
6.003628
5.994425
5.919935
5.9304175
5.9111414
5.923326
5.9097056
5.9038024
5.8584394
5.933648
5.869846
5.940697
5.8722267
5.999599
5.9161015
5.984712
5.9775324
5.936227
5.9322577
5.9443617
5.880229
5.9074583
5.8413305
5.887865
5.8920636
5.892795
5.9096155
5.8736215
5.908525
5.8516965
5.8767886
5.857974
5.857833
5.895081
4.709342
4.847565
4.6843386
4.7419014
4.8550706
4.7303295
4.86078
5.048866
5.1302366
5.1204243
5.060959
5.163088
5.0510507
5.256885
5.073236
5.270601
5.1148825
5.239574
5.1452913
5.196633
5.1549015
5.215378
5.157712
5.304807
5.145899
5.2805104
5.1473293
5.241816
5.1915383
5.2347775
5.145161
5.076882
5.30661
5.0713725
5.2855124
5.073767
5.3207464
5.084118
5.330797
5.0839467
5.3062496
5.094246
5.3020344
5.0762677
5.302783
5.078188
5.301652
5.0932636
5.285019
5.0607576
5.327076
5.100964
5.339137
5.0464754
5.3473635
5.041519
5.3666673
5.0381055
5.3733053
5.0648026
5.407591
5.0988703
5.3893437
5.162099
5.3704386
5.148903
5.3968387
5.1665783
5.3388844
5.1946583
5.280106
5.2033744
5.32119
5.182234
5.3460217
5.222023
5.3878145
5.2139416
5.3881083
5.13569
5.316743
5.1093664
5.3077846
5.0890694
5.2620077
5.1171713
5.1804733
5.0918317
5.3021374
5.080602
5.3134947
5.0991583
5.1779327
5.1241674
5.2521667
5.1177344
5.287161
5.168473
5.277155
5.1957498
5.2950125
5.232613
5.3065915
5.254312
5.3164215
5.195326
5.330661
5.179067
5.29624
5.20659
5.3129983
5.187876
5.3349285
5.2103524
5.317938
5.214176
5.2547364
5.1927233
5.310704
5.1841373
5.258557
5.182761
5.353513
5.2062736
5.3214593
5.1793795
5.196401
5.167225
5.2116637
5.1493187
5.2229366
5.1897893
5.2058215
5.1892967
5.221628
5.1751733
5.1878195
5.172975
5.216466
5.1582413
5.1539087
5.1509123
5.14932
5.136615
5.159022
5.1362495
5.1717896
5.1451297
5.1677217
5.1539407
5.177968
5.1817236
5.235304
5.20211
5.24979
5.195032
5.2488375
5.170325
5.221158
5.156441
5.262564
5.162195
5.2833376
5.2042894
5.253743
5.1939077
5.266209
5.21178
5.2470317
5.1827316
5.2492604
5.207616
5.242945
5.181905
5.267847
5.1556234
5.2511353
5.190012
5.245369
5.1488247
5.1864495
5.1365995
5.235765
5.1558485
5.1837735
5.129311
5.1997185
5.14571
5.1924496
5.136919
5.218472
5.1461143
5.23308
5.1258245
5.205495
5.147906
5.214257
5.1506767
5.225522
5.141325
5.227613
5.166514
5.2250967
5.1692953
5.230736
5.168162
5.206153
5.1526847
5.2009673
5.1779623
5.2349014
5.1723766
5.290812
5.1847615
5.2599344
5.2070622
5.2348228
6.046035
5.885319
5.857734
5.7711315
5.841791
5.8663745
5.9066844
6.0100403
5.9211855
5.9928713
5.9418335
6.0400147
5.953273
6.0519295
5.9415073
6.0353155
5.9316673
6.0504284
5.963182
6.0497684
5.93217
6.0340233
5.9164705
6.013548
5.9246182
4.850342
4.735283
4.670105
4.684784
4.6882915
4.64069
4.6507406
4.600441
4.6666803
4.627963
4.658413
4.6029735
4.622006
4.5907373
4.5881853
4.5954785
4.635267
4.609315
4.635817
4.583515
4.672854
4.598292
4.6326714
4.6018376
4.660587
4.6848764
4.6129756
4.644557
4.5947537
4.6344223
4.585067
4.643043
4.565274
4.63738
4.5323315
4.6183443
4.5413933
4.5948977
4.5354705
4.596465
4.508741
4.6235247
4.48396
4.498451
4.5149083
4.473847
4.5610795
4.495264
4.4829683
4.51643
4.356491
4.4990096
4.378332
4.3908734
4.321747
4.4518814
4.3294516
4.280947
4.377723
4.236254
4.3672595
4.177202
4.1620083
4.194482
4.0759344
4.1632457
4.165492
4.1778245
4.1358633
4.152775
4.291813
4.284367
4.393365
4.333643
4.39188
4.4659514
4.6247506
4.704807
4.6953993
4.69267
4.627071
4.635369
4.6881795
4.7311163
4.676329
4.872597
4.8776283
4.975063
4.938106
4.9971194
5.0873017
5.0217404
5.181291
5.0914164
5.1489916
5.249769
5.3437357
5.3226094
5.419161
5.40288
5.588981
5.542967
5.6846204
5.5417414
5.649145
5.5838757
5.5891004
5.726597
5.6138535
5.7326565
5.639442
5.701293
5.6902127
5.7436967
5.7012963
5.7841806
5.759639
5.79282
5.7402825
5.875775
5.80028
5.8596106
5.7946258
5.847722
5.7821107
5.8392377
5.823532
5.853383
5.8567004
5.863586
5.90758
5.9336643
5.948428
5.870134
5.9335
5.998657
5.9831142
5.996747
5.990556
6.196206
6.033075
6.2203703
6.0755005
6.231265
6.076886
6.1944423
6.083484
6.2027054
6.0999446
6.256753
6.2029853
6.2354326
6.159747
6.168059
6.120076
6.1600137
6.036971
6.071894
6.023869
5.895182
5.771111
5.717671
5.629685
5.6220446
5.5770288
5.5147514
5.4216037
5.5492773
5.5434427
5.5229926
5.575653
5.663208
5.4985003
5.666836
5.569358
5.599495
5.646093
5.6587315
5.659654
5.666579
5.654131
5.6586857
5.566432
5.6615486
5.566567
5.595299
5.5756416
5.7017317
5.5188127
5.6851234
5.4882765
5.70891
5.48373
5.676108
5.566778
5.602047
5.467374
5.5941014
5.442784
5.581541
5.45695
5.537687
5.449694
5.501104
5.4396257
5.5255823
5.4263277
5.394826
5.3819814
5.357765
5.3817997
5.365638
5.3863177
5.3716063
5.3916087
5.425407
5.401304
5.3591347
5.3861856
5.3934264
5.4069004
5.3626995
5.3242135
5.304985
5.333581
5.253528
5.276714
5.228211
5.18258
5.1934366
5.2566133
5.166295
5.0855756
5.0870357
5.008597
5.017542
4.9586616
5.0239735
4.8707104
5.041904
4.91331
5.0185156
4.8837385
5.0081697
4.9161406
5.0334587
4.8938828
5.0006275
4.8444314
4.9147944
4.888595
4.9056582
4.880231
4.8967257
4.8304596
4.9417224
4.880581
4.8626385
4.8587203
4.8711314
4.857225
4.8741107
4.7811666
4.8339667
4.734298
4.7837815
4.748248
4.8606834
4.753207
4.837142
4.730047
4.8023996
4.769163
4.7456827
4.76768
4.7277603
4.746586
4.674165
4.7650185
4.769698
4.697937
4.745155
4.7358484
4.6931133
4.6731596
4.675237
4.688691
4.622832
4.66257
4.74767
4.7263784
4.7594924
4.7541585
4.831311
4.707097
4.820239
4.7520347
4.81213
4.7362437
4.8282423
4.7372255
4.7923665
4.7517586
4.801662
4.760332
4.860095
4.808936
4.824985
4.9059668
4.822845
4.890636
4.894187
4.8360767
4.7926717
4.8378425
4.8064
4.920803
4.7815433
4.9432716
4.8164706
4.918711
4.816035
4.974335
4.823243
4.915392
4.8154783
4.886876
4.797952
4.8648744
4.7685413
4.92498
4.78117
4.817268
4.720284
4.8644423
4.6970882
4.769988
4.6945887
4.789098
4.665174
4.7469754
4.664401
4.758531
4.6660233
4.7510657
4.6779094
4.7643447
4.700386
4.828355
4.6823883
4.8352294
4.6774955
4.8042116
4.6903296
4.808507
4.736311
4.8118086
4.727888
4.832276
5.7548733
5.907002
5.783944
5.7446723
5.8431816
5.761773
5.7616124
5.773067
5.728306
5.7391596
5.7994833
5.768928
5.793564
5.821713
5.852221
5.819229
5.8037224
5.847453
5.951251
5.851682
5.8464007
5.9428735
5.87121
5.9669094
5.8579183
5.966191
5.86232
5.921171
5.8485765
5.942441
5.811565
5.921646
5.862355
5.9366655
5.8926654
6.0056405
5.870426
6.0246024
5.908046
5.9387107
5.9560313
5.955464
5.956049
6.0211277
5.9371004
5.920757
5.9661736
4.2488933
4.29382
4.3451366
4.2663965
4.2580147
4.2228317
4.26839
4.2227798
4.273215
4.1840205
4.298494
4.2705126
4.272143
4.2783155
4.18548
4.174736
4.250628
4.102586
4.203962
4.2450523
4.287257
4.250734
4.292762
4.269782
4.2971587
4.304222
4.374255
4.282754
4.328473
4.2720523
4.277719
4.2436914
4.2836895
4.3094435
4.2740445
4.3668594
4.383536
4.393655
4.365345
4.3696966
4.3614793
4.3405704
4.3609214
4.34454
4.4672656
4.4168906
4.4297323
4.404606
4.4384484
4.3142743
4.3796735
4.277317
4.3200035
4.3103437
4.2805123
4.2349224
4.1634483
4.3019934
4.275997
4.3108053
4.325915
4.3452034
4.266225
4.3012543
4.354905
4.3597946
4.3166046
4.3158245
4.3125134
4.2950306
4.282976
4.315419
4.300348
4.313345
4.270461
4.249547
4.301247
4.311164
6.1394243
6.201982
6.2074585
6.1633554
6.2077236
6.1774607
6.225957
6.1384892
6.278039
6.2077527
6.267345
6.1405115
6.2601357
6.1651773
6.250501
6.1915216
6.2877073
6.227426
6.33423
6.2742124
6.276036
6.3029428
6.3059936
6.2953963
6.2823324
6.258175
6.2903624
6.2577486
6.14334
6.196263
6.168297
6.5396414
6.8075376
6.94304
6.888994
6.9048905
6.8965893
6.633597
6.520344
6.480979
6.350596
6.3521533
6.3053193
6.1710825
6.256093
6.195216
6.167401
5.990113
6.083726
5.977035
6.043235
5.9542227
6.060001
5.975025
6.03235
5.934951
6.0371666
5.9289923
6.0737576
5.9785457
6.2249036
6.3126493
6.311539
6.357472
6.3545647
6.442627
6.5118427
6.5047264
6.5658364
6.4635115
6.597846
6.575282
5.3811355
5.2877913
5.409655
5.4242845
5.3858137
5.3517523
5.2959156
5.3652706
5.3039684
5.4089108
5.3091455
5.384117
5.326112
5.358328
5.3316393
5.3560834
5.372219
5.3635383
5.3726277
5.331231
5.402148
5.379011
5.4162674
5.336517
5.412538
5.3668823
5.466249
5.369523
5.448243
5.458552
5.410302
5.4065957
5.4784446
5.428724
5.4846635
5.3967323
5.521778
5.460784
5.422201
5.394106
5.4498587
5.4521437
5.498614
5.418454
5.5404377
5.4710183
5.5706573
5.5182457
5.518697
5.481176
5.5063863
5.5403395
5.4868155
5.5472455
5.6113462
5.62912
5.60323
5.655747
5.596756
5.708685
5.6171336
5.7127647
5.5752196
5.741437
5.6662
5.756967
5.6655817
5.8120794
5.7544656
5.7825027
5.702205
5.725178
5.6893463
5.744169
5.671448
5.774051
5.684886
5.692528
5.6856837
5.6962285
5.6785474
5.7183185
5.6772103
5.7921195
5.692385
5.660445
5.6624928
5.693992
5.6329026
5.6739006
5.5655146
5.626139
5.62155
5.6718593
5.5798244
5.6272464
5.5397263
5.584497
5.540665
5.56714
5.561541
5.6685967
5.656127
5.729847
5.6802645
5.80528
5.7058706
5.833171
5.7480936
5.8329926
5.738236
5.776746
5.7365837
5.780384
5.7173615
5.812764
5.762641
5.7336984
5.824838
5.8274627
5.8157125
5.7698455
5.729972
5.7526574
5.712585
5.6859856
5.718828
5.5787144
5.7380323
5.545838
5.733798
5.5607605
5.7548885
5.5612264
5.7441845
5.536406
5.7338533
5.5228925
5.7300534
5.515686
5.7412033
5.546313
5.7010703
5.6531544
5.6925325
5.5989084
5.6757145
5.611109
5.7104206
5.6362457
5.719716
5.596279
5.729373
5.67729
5.6387506
5.629619
5.6765633
5.6227694
5.6530156
5.5551677
5.5208926
5.518834
5.60313
5.529747
5.6216917
5.529661
5.5256114
5.541308
5.5119567
5.518481
5.486746
5.503629
5.4713526
5.520225
5.4608464
5.5457172
5.578525
5.5656633
5.582732
5.599222
5.477923
5.514164
5.516406
5.5363283
5.503611
5.4933314
5.577351
5.4603953
5.560735
5.4411545
5.5494037
5.4563766
5.540449
5.3892927
5.5211368
5.3891673
5.4483643
5.4012833
5.481814
5.3774433
5.3833265
5.319386
5.318614
5.311487
5.268787
5.272838
5.3153696
5.383163
5.3451657
5.3298635
5.3433867
5.2996
5.3776712
5.2622285
5.313889
5.3021584
5.3011775
5.31748
5.375078
5.3128853
5.2981343
5.28669
5.342522
5.2906885
5.3232536
5.2645445
5.411279
5.3071423
5.407309
5.309301
5.4228535
5.3065186
5.3985305
5.292183
5.3748264
5.227572
5.371634
5.234476
5.3704076
5.237485
5.4154286
5.300802
5.397366
5.3033075
5.3697395
5.3273544
5.4676037
5.339004
5.4629526
5.3499174
5.498276
5.3772035
5.484013
5.405402
5.485973
5.389207
5.513822
5.4451714
5.4417415
5.388285
5.407982
5.4135613
5.4671135
5.453204
5.498374
5.499442
5.5262113
5.51458
5.508887
5.5054345
5.5124865
5.556421
5.5518255
5.5806236
5.5879297
5.6684017
5.602568
5.580951
5.569663
5.592124
5.6290245
5.5970097
5.7171507
5.7068005
5.667081
5.7177343
5.7663684
5.761508
5.658979
5.7071223
5.611861
5.6105194
5.649432
5.579228
5.6309166
5.6886134
5.6857
5.6827
5.7550707
5.684429
5.671435
5.666697
5.799953
5.707481
5.818552
5.8074665
5.8130326
5.8641944
5.7948904
5.7496076
5.7730565
5.8346605
5.7015257
5.7757063
5.645321
5.78087
5.585885
5.804446
5.6119404
5.8202534
5.6195736
5.787911
5.6524425
5.775363
5.585663
5.65797
5.556877
5.662525
5.484471
5.6271095
5.59519
5.528683
5.535531
5.447779
5.5415835
5.473319
5.435694
5.472864
5.452325
5.4357276
5.471866
5.4644413
5.5451446
5.548259
5.5187216
5.605468
5.647454
5.6381226
5.7265835
5.7602477
5.7563276
5.7120533
5.789399
5.8019533
5.88599
5.8001037
5.641376
5.797324
5.7776313
5.747137
5.7835135
5.710608
5.8435097
5.7581754
5.757327
5.713936
5.876817
5.691661
5.8606095
5.748312
5.9108677
5.761724
5.9314833
5.7915845
5.8775854
5.829587
5.8894777
5.970923
5.9657593
5.9568505
5.91508
5.9694514
5.9251375
5.888856
5.934626
5.933867
5.871089
6.009861
5.9043913
6.057841
5.743282
5.820852
5.809617
5.793505
5.849059
5.8102207
5.86086
5.8249664
5.8668957
5.8304524
5.8364515
5.856352
5.9737134
5.809761
5.9655924
5.7755413
5.862591
5.7642655
5.7838626
5.7256193
5.865467
5.7196765
5.856469
5.62504
5.7984557
5.6771817
5.8415256
5.7573795
5.8083234
5.7588825
5.8080134
5.7683487
5.739645
5.7593093
5.746835
5.81782
5.781905
5.814096
5.7597194
5.710111
5.7859993
5.739098
5.8246
5.8510175
5.7193294
5.676945
5.815238
5.7363577
5.839566
5.7302337
5.660803
5.7003236
5.692544
5.6998696
5.7338495
5.7359138
5.8755608
5.828857
5.7865167
5.8429117
5.8476663
5.9160485
5.8082433
5.816882
5.761395
5.7356963
5.716892
5.646699
5.6048503
5.7147717
5.6560707
5.619782
5.5507793
5.5468936
5.552981
5.4967093
5.5436363
5.537131
5.548081
5.485457
5.529918
5.440527
5.6130166
5.444955
5.559293
5.4960847
5.569865
5.4495363
6.1591325
6.2086663
6.167244
6.2195873
6.187813
6.3507967
6.4549584
6.4717617
6.4337544
6.473117
6.589216
6.6352925
6.5999017
6.5724387
6.6898837
6.7067533
6.7448406
6.9244175
6.800978
6.861915
6.760699
6.669551
6.520992
6.531699
6.503417
6.3528266
6.356854
6.196166
6.333734
6.161976
6.332107
6.3125505
6.404381
6.341451
6.3480644
6.4664674
