10000
7.7511663
7.7336383
7.474722
7.2912226
7.1894417
6.899267
6.5796313
6.5403814
6.675042
6.906894
6.9860983
7.1260343
7.1691446
7.1728954
7.251561
7.314821
7.1587915
7.03864
7.1956244
7.199154
7.644444
7.709869
7.5958843
6.926891
6.2345257
7.2090306
7.5741596
7.577419
7.4143586
5.995137
4.1519337
4.145446
4.700922
4.7016363
5.0813575
5.329491
5.336125
5.2843294
5.2438846
5.1322336
5.063262
5.121608
5.463866
5.1067514
3.587153
3.5904825
3.8809023
4.143803
4.6030927
5.114362
5.484363
5.984497
6.2252116
5.7973156
5.1470847
4.868143
4.797911
4.9750443
4.7781515
4.8909273
4.8765764
5.0256395
5.310027
5.361268
5.7282314
6.003514
6.2129064
6.1685386
6.127182
6.352375
6.444391
6.423357
6.4920416
6.850293
6.8085394
6.861018
6.9976263
7.286751
7.1711216
6.7157564
6.1347103
5.287753
4.990938
5.2545886
4.7846656
4.358321
4.1685343
4.341318
4.1669917
3.386644
3.809927
4.3099546
4.262455
3.1296825
2.8075957
3.518627
3.6219578
4.8761997
5.2835217
5.2930455
4.8383064
4.336062
5.6463003
5.8552446
6.703851
7.2506223
8.018022
8.086203
8.122799
7.9736576
7.414833
7.309062
7.848019
7.6134963
7.1655374
7.2211204
7.368807
7.7449293
7.819363
7.504316
7.336542
7.214641
7.5326223
8.01249
7.8674283
7.7519336
7.6668615
7.4925556
7.548739
7.427062
7.057336
6.057383
4.5581355
3.693774
3.5365932
2.9538867
2.6655946
2.5308766
2.1813018
2.6475046
1.5510662
2.273559
2.5739582
2.7144203
2.2527294
1.8827558
2.651556
2.3833556
2.5247414
1.4032171
1.3693538
1.561801
1.8318965
1.789829
2.6542292
0.94007146
1.286689
1.4057482
1.3295333
2.1582482
1.2126287
1.4965615
1.6556985
1.4768614
0.8448147
1.1430904
0.9769504
1.384319
2.961848
1.375394
3.2292404
0.87953895
3.7396264
2.824339
2.8535123
3.4906719
2.0063343
3.0059202
3.4538352
3.129056
1.3961512
2.3628924
3.9926977
3.3024871
0.94830704
3.25594
6.1503224
5.303181
5.339459
5.7307353
5.9844394
5.989234
6.0195236
6.0642405
6.0399895
6.0412927
5.9787374
5.8361244
5.4347706
5.2942452
3.3924396
0.7691227
0.6987502
1.0253615
1.519711
3.4104934
0.8903979
0.5877769
0.82096577
1.2110462
1.0011212
1.1980985
0.71179575
1.785504
0.5409473
1.1004853
0.70631814
0.60779774
0.5483003
0.39877582
0.9402373
0.8164582
0.70407283
0.58034366
0.7548954
0.5866251
1.3660743
0.9169269
0.8115915
0.75634164
0.520904
1.8379052
0.75176054
0.69369173
0.41738778
2.6828148
2.6458435
1.7252477
0.62153065
0.9844103
0.5384175
2.9394114
2.1838238
1.559425
0.43860328
2.7926989
2.893973
3.5650406
0.49328986
1.9263431
4.140374
4.0680614
4.4910135
4.8334455
4.5641084
4.9648876
4.870741
4.694484
4.4109035
4.573993
4.6522985
4.2803645
4.161005
3.9134922
3.816308
3.844945
3.9947085
4.023366
2.8303833
3.9294243
4.082054
4.624992
4.9128838
4.8895535
4.8234777
4.926126
4.986583
4.536099
4.1393466
3.5840883
2.7204225
4.2094197
4.7481947
4.581195
4.1807795
4.190301
4.077762
4.067985
4.2185907
4.174706
4.300289
4.37221
4.4053884
4.335832
4.4353547
4.641049
4.6422997
4.6920967
4.517538
4.5264654
4.5902967
4.676104
4.629627
4.7797236
4.812438
4.8140483
4.4226055
4.447613
3.0021958
3.1597872
3.5715625
4.84291
4.246583
5.6202636
6.0219054
6.4124002
6.1453037
6.2636204
6.1847763
6.2021904
6.262841
6.272477
6.65294
6.8122063
7.028881
7.3503675
7.375758
7.575636
7.5712233
7.390456
7.379634
7.1484694
6.978232
7.0581956
6.7120814
6.577844
6.632208
6.8663793
6.996049
7.2456875
7.071594
7.432849
7.808806
8.182107
8.175408
8.113582
8.198751
8.474577
8.190685
8.0338125
7.743668
7.7777996
7.616731
7.5056453
7.5579476
7.602833
7.5706005
7.3852386
6.9364133
6.413537
5.488845
5.028974
5.017672
5.6566215
5.710284
5.8103614
6.200941
6.2701697
5.988026
6.1358013
5.893188
5.665501
5.9243307
6.1184835
6.2232075
6.0333533
5.835798
4.9789915
5.2652283
5.210663
5.334055
5.3565884
5.1034575
4.749918
4.2477355
5.0396175
4.8216233
4.5550637
4.70746
5.020127
5.5165057
5.8804297
6.1056805
5.3863277
4.5737057
4.1351995
3.7691483
3.9182525
4.0428944
4.852808
4.538861
4.5098233
4.2727194
4.0213294
3.818822
3.5699804
3.537467
3.6027327
3.5759704
3.375027
3.811535
5.4722886
5.123336
4.6609654
5.4895005
4.957925
4.8110332
4.3097124
4.0918264
3.822458
4.2010922
3.7079194
2.963976
1.6826438
0.66053736
0.668635
0.7710427
0.76105773
0.8341311
0.817107
0.840531
0.81836647
0.8253731
1.0095187
0.983114
0.94821054
0.9454583
0.93477017
0.9028742
1.0931766
1.1217738
0.9037069
0.95119345
1.1090934
1.046675
0.87478393
5.7680087
4.953328
1.0157498
3.2031693
3.315657
3.3691401
1.7124709
2.6957412
2.6434274
2.513179
3.240679
3.6416788
4.4684544
3.718994
3.9861372
2.9781246
1.5092831
3.4377902
4.796187
5.258043
5.3157153
4.9700856
5.017432
4.6670084
4.5141807
4.627107
4.5582285
5.0460997
5.556792
5.939131
6.202731
6.3123393
5.9846625
5.6250606
3.9260278
2.0673692
1.1360414
4.7028675
4.360695
3.5492787
1.2403811
0.5679061
0.7093784
0.51353425
0.44270322
0.8867068
0.5160137
2.1909552
0.33779138
0.67637074
3.5362732
0.63347095
3.9779234
0.5760149
2.6942027
0.88133585
0.76885843
0.7935241
2.539508
0.5730281
4.5341954
4.5761347
4.539173
4.5353403
4.4468904
4.375574
4.345989
4.1891737
4.1984
4.018129
4.7752047
3.8204403
3.7804735
4.021566
3.984586
3.8697376
4.006525
3.8091848
3.8086371
3.615511
3.7971191
4.3107963
4.7021756
4.894006
4.9070206
4.6091313
4.4094453
4.2962894
4.457808
5.248586
4.898353
3.0124004
3.6274796
4.4007435
4.3399386
4.3635607
4.307274
3.6350055
4.3086405
4.0574837
3.888414
3.664807
3.7252362
3.2728024
3.5905437
3.8964005
3.6534758
3.5804265
3.5994096
4.215607
4.3724074
3.709703
3.9888873
3.8330693
3.6150699
3.1962905
3.2593086
3.6270924
3.9340668
3.8329463
4.170417
4.0074434
3.9310794
4.0008006
4.5874176
3.5790875
3.4830244
4.2375717
4.7211585
5.024285
5.1822424
5.289441
5.3037024
5.4438877
5.450595
5.2853937
4.849017
4.5659547
4.5755
4.4963284
4.610373
4.5834494
4.366032
4.7155447
4.7191973
4.7334976
4.828286
4.996787
4.869964
4.8634977
4.8784294
4.8771615
4.9014053
4.8924994
4.8599753
4.8326793
4.9278703
4.8289433
4.740008
4.6593757
4.986553
4.9039426
5.1023946
4.96414
5.19276
4.9843917
5.082445
5.0834603
5.0860004
5.2342167
5.0619364
5.2234645
5.3315945
5.4861526
5.5834374
5.621968
5.5778913
5.62697
5.5276365
5.4374676
5.1633997
5.186805
5.1140723
4.956802
4.9402432
4.952421
4.917295
5.2007446
5.120069
5.28364
5.534465
5.452605
5.2053022
5.3898435
5.2950673
5.2591143
5.476384
5.343023
5.4180884
5.2193923
5.272415
5.314993
5.29707
5.2948203
5.2084765
5.2514524
5.330405
5.2701955
5.439711
5.471481
5.3343816
5.350915
5.189129
5.1880174
5.073493
4.789246
4.8137026
4.778577
4.7112727
4.7180734
4.653882
4.6308746
4.6721244
4.670846
4.794786
4.6635594
4.6567054
4.5346475
4.247448
4.1168494
4.505208
4.4703026
4.3026757
4.2619877
4.218034
4.1795435
4.0234227
5.721906
5.8162456
6.1562347
6.3606052
6.334023
6.4003344
6.4318123
6.4180803
6.299581
6.2770357
6.315679
6.1897554
6.3012943
6.192672
6.0936356
5.8326473
5.8510284
5.6060033
5.8180313
5.9054193
6.1099854
6.0400753
5.8773685
6.061072
6.0180225
5.9771566
6.2974405
6.454069
6.3754396
6.115815
6.0278916
5.9677405
5.861828
5.8766823
5.960786
5.95479
6.2310333
6.2751684
6.1661224
6.307209
6.164853
5.8850217
5.530697
5.6208115
5.9381914
6.032549
6.0996165
6.144525
6.288603
6.2519574
6.1513886
6.155099
5.7963786
5.829784
5.9657483
6.230733
6.145222
6.0380225
5.9648685
6.0181785
6.1799445
6.4708786
6.5649066
6.4892325
6.1871257
5.962705
5.891008
6.018187
6.0434914
5.0742693
4.7824492
4.7468376
4.6135783
4.4309015
4.3310204
4.104606
4.2976
4.533651
4.1968727
4.021055
4.1068754
4.0282702
4.6686363
4.559781
4.7472973
4.7489085
4.705416
4.4466043
4.0745897
4.001552
4.0865526
4.064163
3.6619167
3.782455
3.575349
3.51297
4.0878987
4.239337
4.319551
4.3898144
4.2625484
4.3671513
4.3670235
4.330897
4.063567
3.4394836
3.4093864
3.5439777
3.495239
3.6231208
3.5737052
3.7709525
3.709414
3.7986755
4.184965
3.2932105
3.3492744
3.5658216
4.01836
4.0354877
4.5967016
4.528176
4.954943
5.356738
4.8205013
5.7250113
6.3615923
6.728626
6.9213815
6.7332244
6.452313
7.029332
7.0243907
7.3196554
6.843634
6.930626
6.9159336
6.8058004
6.7484317
6.7064757
6.4967275
6.466135
6.6437535
6.641149
6.357948
5.969743
5.9511237
5.9663515
6.1685786
6.2402277
6.307705
6.3367767
6.1934347
6.0971217
6.257613
6.4217196
6.5134687
6.1972046
6.6157017
6.2237806
6.3762712
5.5050344
4.739931
4.47474
4.094494
4.002958
3.8028708
4.816028
5.503434
5.6265287
6.2611203
6.375022
6.6096845
6.520556
6.5515475
6.736492
6.770335
6.649606
6.3903503
6.4398956
6.5859103
6.6299706
5.917738
5.4530673
3.7400165
4.032633
3.6611595
3.2783513
3.4107397
3.5843427
4.0090384
4.194101
4.7204857
4.0721083
4.309456
4.73228
3.774547
2.991548
3.4282422
2.2832923
3.051793
2.635838
3.442204
3.8785324
2.4006128
3.5108457
3.4978533
4.3249507
4.386693
4.1376057
4.325694
5.3008633
3.723431
3.977345
4.5037293
4.029963
4.286704
4.828346
4.698882
4.626907
4.3197107
4.1743135
3.9869926
3.874395
4.057952
4.27752
4.844728
5.025532
5.044281
5.5278883
5.728836
5.621834
5.561383
6.1860027
6.6809072
6.9535236
6.936245
6.69033
6.5483966
6.543965
6.6811075
6.7304964
6.751789
6.7159004
6.223143
6.3023787
6.262532
5.8488493
5.361035
5.1986165
4.9261646
4.4284983
4.4503703
4.6862264
4.6031947
4.794376
4.4564295
4.0945535
3.8498468
3.6078744
4.029838
4.4678583
4.7890515
5.0892777
5.2647505
5.335247
5.3187456
5.640011
5.900002
6.0890927
5.36589
4.3224993
4.6999984
4.612431
4.329698
4.152801
4.5703135
4.583965
4.709236
4.484761
4.2612305
4.1991053
4.2732773
4.313758
4.248732
4.2043195
4.319761
4.163146
4.1612277
4.220396
4.181297
3.7166736
6.1089244
5.9097958
5.4652677
5.6936545
5.860364
6.156189
6.6283665
6.6105747
6.6347017
6.9413395
6.630726
6.590291
6.924431
6.5058265
5.362711
5.8489046
5.831347
5.855818
5.911581
5.525871
5.480854
5.5122414
5.539015
5.2864237
6.201855
6.6177297
6.590968
6.822227
6.6310387
6.5086904
6.41263
6.245463
6.225611
6.040207
5.7428217
5.7570686
5.7455177
5.807498
6.16225
6.079391
6.158455
6.5340376
6.4785447
6.5722275
6.510586
6.765205
6.8321714
7.2084
7.297244
7.2867813
7.164564
7.2799673
7.2728615
7.1870527
7.2726955
7.2143955
7.279724
7.160331
7.238062
6.9224916
7.0256057
7.059189
7.1005726
7.251399
7.225969
7.413018
7.4572544
7.358754
7.2224245
7.0768347
7.5410376
7.1554317
6.859063
4.46109
6.9803834
6.778995
6.835125
6.7471085
6.786629
6.6782756
6.508463
6.3394003
6.0903044
6.127798
5.971398
5.9804077
5.8965635
5.918278
6.035696
6.1633654
6.2479815
6.1248736
6.055534
6.326188
6.532031
6.7055683
6.715554
6.762658
6.720379
6.585715
6.727441
6.6397157
6.501049
6.6222215
6.537834
6.391102
6.4812922
6.478833
6.411898
6.4266944
6.594471
6.722021
6.714813
6.722488
6.7048187
6.942743
7.0086174
7.0179596
7.174591
7.4302516
7.562872
7.6267314
7.6047397
7.6231213
7.619859
7.444555
7.5126433
7.3612766
7.195131
7.496033
7.4961824
7.633824
7.514226
7.4225416
7.275981
7.206884
7.264243
7.324728
7.1030807
7.008251
6.917774
7.0384736
6.889225
6.9204793
6.9563913
7.320339
7.352499
7.1270843
7.0128875
6.678
6.425366
6.5635214
6.711407
6.292047
6.327234
6.3748055
6.526646
6.1592784
6.00831
6.654119
6.512234
6.2859874
6.412313
5.940732
5.656764
5.1626863
5.2297235
4.949924
4.7060146
4.7222223
4.6580877
4.655679
4.621749
4.0790105
4.0349107
4.666333
4.895725
5.305683
5.162031
5.33821
5.3500905
5.4431467
5.702298
5.7952914
5.873356
5.8738375
5.944543
5.907753
5.706552
5.56709
5.653133
5.5380044
5.4247847
5.8082337
5.9654994
6.053869
6.123223
6.1215453
6.261936
6.418761
6.640876
6.6004257
6.4948797
6.5542517
6.6215954
6.531121
6.303052
6.2695813
6.013628
5.919203
5.763359
5.763506
5.648875
5.672472
5.5115423
5.506841
5.4603667
5.5908594
5.6836953
5.6786804
5.7852454
5.5086937
5.83735
5.6313243
5.6311536
5.7656198
5.6498165
5.7879896
5.8871264
6.0266905
6.07358
6.2320714
6.2554293
6.266802
6.246566
6.3258624
6.491458
6.512881
6.307436
6.276498
6.0574656
6.04509
6.229364
6.441228
6.4974313
6.348287
6.398053
6.6622095
6.7748265
6.8163733
7.0005555
7.0809383
6.770069
6.524287
6.222125
6.1798983
6.1666
6.208457
6.3536024
6.5455446
6.5138736
6.871887
6.7363405
6.9915714
7.066275
7.125453
7.0779977
7.334422
7.2874527
7.504651
7.3743715
7.5627947
7.5336075
7.6346326
7.549611
8.017012
7.9144745
7.900653
7.784893
7.719845
7.762682
7.633115
7.4476604
7.599299
7.2527256
6.7976294
6.6562057
6.8539214
6.75527
6.6465755
6.605924
6.514684
6.3830605
6.4309864
6.540893
6.554756
6.5831556
6.645531
6.4678054
6.0467553
6.0796046
5.768591
4.59303
3.429463
2.7838721
0.906016
0.75547945
1.5624363
0.70524335
0.9674188
0.837889
2.5293589
4.495469
5.2392983
6.951322
3.523554
3.1531115
3.002408
4.0540442
5.3670735
5.35593
4.982767
5.477015
5.4641533
6.1145234
6.290498
6.171473
6.2938614
5.124929
5.002733
5.4054356
5.1457257
4.521269
4.146359
3.7924922
3.9893699
3.4028227
3.2116323
3.6860275
3.668826
3.3992023
3.256347
3.4749289
3.9481235
4.21719
5.008958
5.6665783
6.001597
6.1065354
6.4938397
6.823655
7.029555
7.1366854
7.02361
6.9320803
6.8431625
6.720683
6.4545813
6.3772945
6.221643
6.2671604
4.335137
3.4046578
3.5753934
3.7354035
3.3750772
4.1513834
5.465311
5.8638697
4.7422924
4.094009
4.117421
4.6201973
4.096498
4.233056
4.0024447
4.4612827
3.9034238
4.4996195
4.495914
5.156593
4.389541
4.1596227
4.212899
4.982177
5.697725
6.0875254
4.683641
3.860259
4.970372
4.8347783
4.909183
4.78878
4.350461
4.3536572
4.8129463
5.038638
4.885375
4.812951
4.67436
4.1602936
4.269236
4.8200674
4.8072405
4.575861
4.5638304
4.446429
4.336327
4.720186
5.1066127
4.795144
5.4715533
4.84233
3.8795485
3.581516
3.6077502
3.3935938
3.6802568
3.6632614
3.2062736
3.8334785
3.4105363
3.5002131
2.884822
3.3578181
3.1101475
3.7360165
3.8585074
4.3603225
5.1155505
4.3286834
4.2002997
5.036515
5.397378
4.6585526
2.9629698
3.101795
0.51461095
0.94515085
0.40790236
1.0391209
0.6176487
0.703346
0.7441854
0.8023907
0.6993918
0.7439732
6.066515
4.7608137
5.9180536
6.0288363
3.7312658
3.4071226
4.0865507
2.3990679
1.0949054
5.236016
6.502939
6.6588035
6.6817617
6.7674685
6.994089
7.251069
7.141315
6.8211083
6.359793
4.8576775
4.3549995
3.6014085
2.8480062
2.839483
2.7502618
2.6640399
2.5334923
2.7402158
2.7825868
2.959147
3.3341985
3.7868824
4.4293447
5.067071
6.0527954
6.85639
7.146343
7.0673733
7.019627
6.811243
6.8040113
6.7725687
6.626134
6.540345
6.440921
6.4725046
6.430703
6.2828846
6.182584
6.35398
6.3749704
6.3461723
6.4101043
6.562253
6.401069
6.621823
6.719734
6.743733
6.6666207
6.6882753
6.828266
6.852698
6.956725
7.158428
7.259321
7.4135275
7.3431787
7.5076637
7.576876
7.615638
7.6211944
7.603985
7.4948673
7.5160294
7.5415545
7.5601387
7.505142
7.5363245
7.5905194
7.5227895
7.62362
7.3366895
7.312534
7.164945
7.038553
6.924609
6.92802
6.8387275
6.768544
6.681508
6.723684
6.5819407
6.599506
6.5011854
6.5083385
6.3953714
6.364636
6.414416
6.392435
6.4660935
6.564169
6.6108646
6.576833
6.542488
6.5551066
6.470023
6.53017
6.742151
6.7365828
6.8241696
6.9500813
7.150589
7.283308
7.2692404
7.3461876
7.4363456
7.572964
7.468893
7.2006855
7.118475
7.189326
7.2351494
7.283247
7.210345
7.012625
6.813437
6.661042
6.6536765
6.621334
6.4259477
6.4318666
6.475013
6.4634595
6.4313087
6.365333
6.358033
6.239536
6.347263
6.28174
6.4201064
6.4794745
6.6855516
6.697739
6.786492
6.914805
6.9797516
6.968191
7.027463
7.1304736
7.113334
7.192776
7.1497545
7.2562723
7.221784
7.2316704
7.1217146
7.0716224
7.0531635
7.25585
7.278634
7.1427736
7.1195407
6.975541
6.807189
6.8108463
6.431458
6.4258637
6.1114593
5.8323755
5.620779
5.560158
5.4843364
5.7308717
5.947219
6.068575
5.926303
5.8472652
5.774352
5.838696
5.7410264
5.6600127
5.637733
5.8325896
5.837712
5.8262644
5.937622
5.8674126
5.930464
5.8376727
5.8370266
5.854592
5.8891973
6.0090294
6.0224705
6.18929
6.32972
6.4654512
6.529028
6.6288147
6.745393
6.8385887
6.97557
7.135204
7.191322
7.390135
7.5037174
7.439422
7.407156
6.648503
6.165644
6.0745215
6.5223217
6.926455
7.3017364
7.095155
7.695492
7.7082424
7.861661
7.6803627
7.589534
7.2144947
6.75926
6.307446
6.0283475
5.645176
5.181189
5.254147
5.038514
4.9006195
5.1650343
5.5329847
6.1358714
6.640686
6.9549747
7.0028334
6.9992933
7.2307024
7.2400827
7.161236
7.2509203
6.969784
7.0474668
7.2145214
6.8834004
6.9800143
6.9349413
7.001109
6.7575665
6.795687
6.736479
6.896576
7.173891
7.179769
7.263775
7.2284627
7.0972114
7.1537323
7.1708865
7.194168
6.9853735
7.209976
7.136428
6.750795
6.8059263
6.8179073
6.492044
6.576015
6.357411
6.4887433
6.417261
6.6188345
7.004551
6.822028
6.6788187
6.5657396
6.646387
6.5829477
6.457147
6.507869
5.962329
5.548793
4.933681
5.7913523
6.57519
6.454917
5.3110514
4.5623584
3.922999
4.1973104
4.4663057
4.594844
4.662499
4.4411077
5.0748477
5.7841854
6.2047806
6.4494734
6.0303345
5.3432446
5.248149
5.8788576
5.8550367
5.291815
5.0080695
5.1280866
5.290147
5.1479654
5.1083183
4.9833517
4.790801
4.7374887
4.566592
4.4949636
4.3670206
4.5510926
4.204205
4.173527
4.478294
4.454697
5.5166993
5.962792
6.5303745
6.6753783
7.1744466
6.9638853
7.2576666
7.428694
7.5893807
7.5133667
3.5600796
2.8585844
2.7987897
2.968892
3.0178964
3.2498636
3.7237616
3.490953
2.8451653
3.057783
5.2179604
4.048941
2.049516
0.56748724
3.4926777
3.0719137
2.9711998
2.8439143
1.3959404
3.3590014
2.2599773
3.264336
4.207108
5.191631
5.902727
5.8484344
5.927726
5.830699
6.026696
6.004435
6.0326667
6.009888
6.023269
5.991667
5.8112593
5.721502
5.5115275
4.738611
3.3146858
1.7566996
1.6372962
1.7660613
2.6570504
1.3753242
2.4608002
2.9465075
2.9574616
2.5896
2.5918922
0.6696644
0.6497171
1.2048279
1.8173747
0.9775679
2.302966
2.6435032
2.7554681
2.9371543
2.8051353
0.55802995
1.4001085
3.8521652
2.6257806
2.8971353
3.0326462
3.1056159
3.3376112
3.3740685
3.4114351
3.4043145
3.4473975
3.3884196
6.4444485
6.4917135
6.490444
6.522148
6.3794465
6.308582
6.1027975
6.1618223
6.006406
6.000672
5.8127203
6.2408
6.161235
6.4095693
6.410605
6.285928
6.4020925
6.6166086
6.578044
6.6228824
6.539853
6.5577173
6.466147
6.3542466
6.314517
6.192976
6.298792
6.2362757
6.148223
6.1127787
6.0134077
6.2338457
6.315179
6.3313127
6.2666626
6.198657
6.35635
6.4480495
6.513069
6.464492
6.376542
6.308309
6.2536936
6.082416
6.0754194
6.082661
6.10139
6.3441133
6.5375957
6.553343
6.604059
6.519261
6.5720587
6.578964
6.4031105
6.419819
6.2995834
6.4361854
6.4536314
6.4250326
6.1744
6.2307153
6.2381363
6.313834
6.3079534
6.3412943
6.5567627
6.8974495
6.746455
6.801655
6.996443
6.8495607
6.7401843
6.8530865
6.726323
6.9253006
6.7905593
6.8921394
6.6937885
6.7253323
6.6264977
6.6576896
6.7395205
6.8584623
6.884163
7.018753
6.9987135
6.9158506
6.8336644
6.7413816
6.600612
6.6241317
6.5499496
5.966245
5.4119434
5.2204795
5.5384507
5.774093
5.9196215
5.7384205
5.84175
6.494669
6.935447
7.1277347
7.122348
6.6489096
6.22058
6.317277
6.170761
6.232615
6.627414
6.7359514
6.8644915
6.670399
6.7678356
6.6744494
6.56652
6.6205444
6.4076824
6.512349
6.558058
6.5333204
6.7751536
6.915904
6.763877
6.570078
6.6241384
6.853518
6.8923316
6.965291
6.9726343
7.1760106
6.556776
5.951006
6.142688
6.257
6.097978
5.8121634
5.311974
4.329103
3.2583752
2.674584
2.529915
2.318449
3.2524538
3.0756657
3.5210955
4.056828
5.0385604
6.2609916
6.8132095
6.9257174
7.408247
7.201785
6.9554043
6.354939
6.6361117
7.2587385
7.5332785
7.6895733
7.5061674
7.421342
7.1368804
7.0660443
7.654279
7.429718
7.0882564
7.006385
7.1186104
6.9974475
7.169265
7.1752334
7.0247917
6.805154
6.617539
6.768368
6.8879533
6.7592854
6.5057106
6.493443
6.1115875
6.1309214
5.8746643
5.6489515
5.255554
5.001112
5.002844
4.8288245
4.155266
4.1438084
4.0489116
4.2748914
4.1322823
4.167473
4.2805586
4.346678
4.3468246
4.3385525
4.3367276
4.1469717
3.9547503
3.6139717
3.428408
3.5459821
3.1015189
4.296861
3.1408145
2.989623
3.2321682
2.87233
1.6509032
0.39597782
0.25999886
0.18977015
0.30615914
0.56532013
0.45818496
0.26190752
0.59520566
0.7931608
2.0703535
0.15515962
0.71741885
0.25972944
0.2950832
0.1160502
0.4639568
0.42598814
0.67218965
0.25646424
0.24269572
0.26874897
0.30783236
0.41271403
0.6731134
0.32493648
0.30533725
0.32215276
0.29797608
0.5453943
0.43193284
0.34329787
0.33884364
0.31806564
0.3411993
0.4612016
0.22581239
0.60361874
0.25442907
0.2704403
0.9392585
0.1930675
0.2027387
0.21262074
0.22789608
0.22256812
0.606917
0.30342403
0.2497799
0.24031386
0.33692092
0.26950005
0.20866095
0.3646963
0.340679
0.37951636
0.33653015
0.58998823
0.4128169
0.56955445
0.34440088
0.40408486
0.41296867
0.41412714
0.35982457
0.41279405
0.7355115
0.35196996
0.39075667
0.3450419
0.815722
0.23831628
0.2506871
0.20664895
0.26028442
0.6550168
0.9771634
2.4474304
1.4051788
2.7369595
4.0978465
4.5995193
4.6137443
4.5589366
4.4092364
4.305655
4.277555
4.182706
4.22152
4.2950735
4.122179
4.109589
4.2630033
4.306621
4.114261
4.1114235
4.2631545
4.1292567
4.157615
4.072197
4.104544
4.090809
4.08655
4.07067
4.149129
4.1056995
4.1831245
4.121763
3.932747
4.164333
4.181344
4.1918755
4.4025636
4.433391
4.3698196
4.5316725
3.1542082
3.6211987
4.1125307
4.584239
4.952133
5.3337364
5.7761087
5.9118724
6.112231
6.425579
6.4074907
6.3357043
5.9367847
5.628597
5.4646034
5.6353283
6.0021024
6.0339475
6.151143
6.1975865
6.19542
6.318099
6.4447775
6.107801
5.9876957
5.9075317
5.9339294
6.1602254
6.4333572
6.6106625
6.822544
6.976223
7.008651
6.93389
7.036071
7.0156717
7.168541
7.1831775
7.0839043
7.1344404
7.1711063
7.1744976
7.0744467
6.86011
6.7219462
6.600526
6.705194
6.61222
7.005357
6.914445
7.013423
7.103369
7.0889606
7.0442076
6.771114
6.591529
6.6544747
6.559022
6.53883
6.7042913
6.9005637
6.809731
6.719149
6.799123
6.8502245
6.681644
6.5858855
6.2573733
5.8315706
5.4344625
4.990711
4.5448904
3.9005084
3.4571352
2.8555229
2.6679509
1.8727739
2.4828026
2.3872945
2.6296399
2.777048
3.0747354
3.2570233
3.1861787
4.006397
3.9733381
4.032259
4.2408648
4.012738
4.046408
4.0364933
4.0126314
4.128
4.083729
4.0369368
3.6861954
3.5528455
3.5940993
3.9239004
4.1692157
4.3488603
4.311126
4.6514955
3.0146399
2.9210744
3.3196979
5.0176888
5.214509
5.20555
4.984707
4.8230233
4.5293207
4.484835
4.492104
4.421125
4.5243444
4.8610935
5.022454
5.0563846
4.9311213
4.655817
4.941019
4.5373926
4.2778454
4.3277965
4.1103954
3.168599
3.5710633
3.2114015
2.9814734
3.3969197
3.3770885
3.0540226
3.4234836
3.9561803
3.321046
2.9062643
3.9442534
5.045985
5.13601
5.2449994
5.473953
5.2269473
5.225568
4.9872804
5.1977873
5.8085375
5.8932195
5.950304
6.028526
6.154194
6.218862
6.0183268
5.81533
5.4131737
5.119792
4.828745
4.746544
4.932415
5.0092597
4.9425883
4.846487
4.697146
4.8513556
5.0476723
5.0820937
5.261614
5.3542438
5.5940847
5.644229
5.8567214
5.9328895
5.8228235
5.933543
6.198614
6.3639073
6.7811975
6.744601
6.5883346
6.5580134
6.676323
6.763679
6.814143
6.850582
6.72742
6.7034965
6.960397
7.099144
7.0816135
6.976782
6.836108
6.8934054
6.761417
6.6617312
6.7600775
6.6830015
6.6769133
6.8123574
6.778106
6.7342663
6.672369
6.4951544
6.2295485
6.0725794
6.319674
6.465313
6.408723
6.1320577
5.7275076
5.56982
4.9429383
5.7306657
5.101416
5.4428973
6.1182184
5.974333
5.11572
5.5492544
5.73656
5.7370305
6.1453123
5.876331
6.1586394
6.298413
6.2754393
6.8687954
6.8667784
7.2294874
7.590954
7.736026
7.6776915
7.8132777
7.8542724
7.95761
7.8947864
7.1455503
6.5266924
6.5505714
6.611286
7.04924
6.762823
6.6355495
6.9401207
7.098099
7.368324
7.7935696
7.7585588
7.861909
7.725514
7.6534276
7.4236746
7.0812235
7.308112
7.3343487
7.350833
7.217924
6.9913797
6.904259
7.260655
7.195422
7.2919035
7.3238673
7.343047
7.34189
7.5012193
7.658407
7.7417974
7.8081865
7.9600763
7.7964945
7.551592
7.4929914
7.4775515
7.2938766
7.3695874
7.358341
7.114028
7.2459593
7.202663
7.1776214
7.298807
7.52485
7.1824374
6.753523
6.3036847
6.587515
6.5208745
6.604106
7.0727324
6.884775
6.785338
6.754519
6.6609006
6.6946034
6.5867686
6.737457
6.7261105
6.820449
7.006403
7.018282
6.85687
6.993301
6.902155
7.1147494
7.1924524
6.914295
6.8282146
6.763029
6.948373
7.2280016
7.211233
7.185631
7.423635
7.4217772
7.5577
7.490775
7.60674
7.3583612
7.3043885
7.409409
7.2446675
7.1535387
7.085014
6.941945
6.809848
6.689175
6.6470375
6.693348
6.6923137
6.720384
6.6489506
6.563532
6.4493937
6.3705645
6.3284416
6.2430787
6.147788
6.192794
6.242805
6.273497
6.209872
6.1847887
6.201905
6.1668286
6.1601963
6.0626426
6.075012
5.881086
6.0309725
6.0285063
6.0953183
6.0034013
6.007264
5.962822
5.9863806
6.070045
6.1705856
6.0678487
6.029191
6.0250435
6.071346
6.2202134
6.2974386
6.4279356
6.410009
6.6770935
6.6622524
6.6570196
6.795414
6.6997514
6.7411203
6.816363
6.8595796
7.082372
7.4163666
7.5211563
7.5143275
7.527065
7.2802505
7.265493
7.3011127
7.4424047
7.264639
7.2528596
7.2070346
7.1602097
6.8850136
6.7725253
6.848773
6.7809
6.824681
6.774863
6.7579637
6.839375
6.8390064
6.7439256
6.7568126
6.603236
6.414809
6.5224104
6.437943
6.4725323
6.393161
6.3902564
6.3523326
6.3050704
6.4316473
6.467307
6.423267
6.58722
6.709652
7.1401305
7.0999174
7.046323
7.177284
7.302307
7.3285656
7.425774
7.570193
7.5985684
7.4670315
7.506006
7.5970316
7.767436
7.8297043
7.762307
7.8371925
7.7324967
7.559729
7.185167
6.9684577
6.787843
6.7120056
6.6269274
6.3412085
6.2890644
6.0739307
5.94757
5.9363565
5.9612317
5.9513245
5.9071093
5.8091993
5.807511
5.734289
5.8346786
5.969536
5.9362803
6.0855
6.1859827
6.176919
6.182081
6.249117
6.3133707
6.415316
6.6003056
6.778419
7.121336
7.4011765
7.624711
7.812784
8.006645
8.062488
8.120526
7.920582
7.963297
8.0895195
7.794272
7.8652678
7.678056
7.685741
7.4929104
7.4565954
7.365212
7.28823
7.384077
7.4532704
7.3648686
7.4207726
7.4860325
7.2427397
7.193651
7.114631
7.22036
7.154138
7.177313
7.1952167
7.112206
7.1467
7.2762036
7.38036
7.7262583
7.733859
7.760584
7.7885876
7.727951
7.6997857
7.6684628
7.8990035
8.072782
8.158762
8.224025
8.072888
8.079895
