10000
9.127787
9.237339
9.192933
9.400251
8.924651
8.979169
9.303621
9.143334
9.288082
9.190903
9.101267
9.146957
8.96075
9.052393
9.05073
8.948616
8.835332
8.651088
8.737596
8.808561
8.737021
9.031337
8.938594
8.669904
8.637942
8.496958
8.630328
8.524183
8.505781
8.263124
8.211666
8.1558895
8.358337
8.497126
8.436264
8.527546
8.633093
8.384263
8.865999
8.652437
8.64943
8.383401
8.490876
8.619643
8.734443
8.451989
8.339081
8.744383
8.748729
8.735376
8.87012
8.829724
8.85479
8.82805
8.7623205
8.773772
8.789803
8.881706
8.794476
8.781947
8.784873
8.850273
8.7644415
8.745443
8.815363
8.720582
8.679265
8.693654
8.568496
8.687887
8.645616
8.500792
8.796103
8.675664
8.780859
8.703588
8.829639
8.815722
8.883268
8.845203
8.831345
8.834725
8.691317
8.731329
8.723717
8.620288
8.66275
8.667093
8.66501
8.72093
8.706739
8.708505
8.578754
8.590668
8.566028
8.644236
8.6141205
8.604949
8.544366
8.358913
8.467902
8.400184
8.760496
8.588151
8.45771
8.557268
8.584909
8.5357685
8.5968685
8.643648
8.582461
8.647244
8.694012
8.677563
8.766079
8.80623
8.771394
8.78038
8.623205
8.609898
8.556456
8.389739
8.422105
8.456352
8.37291
8.339344
8.470486
8.620353
8.534639
8.511654
8.535322
8.557374
8.496249
8.367115
8.434965
8.431707
8.45691
8.406258
8.49933
8.472472
8.594536
8.715666
8.7809305
8.849515
8.661643
8.822121
8.87819
8.889329
8.78208
8.750099
8.743676
8.709786
8.84445
8.744994
8.847858
8.485472
8.318561
8.265938
8.340072
8.506198
8.537747
8.727784
8.796745
8.827279
8.85061
8.707622
8.845174
8.891986
8.873906
8.818883
8.628329
8.694814
8.643448
8.565095
8.470393
8.502598
8.369924
8.504987
8.5240135
8.41911
8.414885
8.405298
8.38711
8.500768
8.466912
8.519143
8.586726
8.710473
8.562944
8.671988
8.849221
8.776601
8.71142
8.558474
8.365812
8.361824
8.357162
8.460438
8.323714
8.646438
8.409857
8.511326
8.383627
8.296768
8.128922
8.088106
8.062096
8.071298
8.117979
8.012078
7.981717
7.8286
7.8370285
7.778185
7.7531624
7.758862
7.8385563
7.828744
7.9241395
8.058422
8.142295
8.017147
7.977375
8.012466
7.833705
7.771217
7.697807
7.701039
7.6270146
7.698093
7.6940975
7.724463
7.813842
7.844394
7.9378324
7.849988
7.821801
7.8231926
7.9184246
8.049479
8.134421
8.015796
8.129331
8.053051
8.017728
7.994608
7.893813
7.9406366
7.895893
7.5256596
7.78494
7.5812063
7.8514314
7.6814237
7.8643036
7.9181156
7.849182
7.9121776
8.055623
8.03011
7.9905014
7.903394
8.086809
8.055786
7.8919673
7.9915667
8.118226
8.054339
8.091423
8.290121
8.4317875
8.381284
8.439154
8.355868
8.468558
8.27461
8.200717
8.201253
8.147504
8.219752
8.216738
8.420229
8.444971
8.4191475
8.593317
8.398229
8.124969
7.958645
7.9273634
7.9590764
7.9312916
7.9954424
7.958993
7.9782467
7.9974113
8.108925
8.018586
8.223178
8.268423
8.229875
8.261651
8.118757
8.256743
8.138027
8.042199
8.01788
7.980843
7.9311123
8.099622
8.00458
7.8270826
7.742971
7.7168536
7.874225
7.8661785
7.6263022
7.8984885
7.7424994
7.8761272
8.013563
8.200879
8.100257
8.107591
7.690969
7.463122
7.403575
7.4186726
7.505205
7.603936
7.7116394
7.6550283
7.565827
7.390774
7.5245056
7.6180263
7.544406
7.5341105
7.5524907
7.7341976
7.673466
7.5882225
7.496424
7.5214987
7.492515
7.5673404
7.684962
7.8842554
7.9745264
8.201459
8.14433
8.259208
8.327937
8.391161
8.324776
8.349377
8.252997
8.243091
8.276329
8.2537
8.1866455
8.271399
8.111681
8.133135
8.003209
8.003014
7.8991776
7.8806148
7.873359
7.6888623
7.4677296
7.5849338
7.4870377
7.271591
7.3779364
7.3203063
7.4463463
7.333854
7.388511
7.493518
7.3273606
7.5470896
7.6403255
7.6155033
7.7370787
7.7177253
7.8798738
7.9715934
8.019771
8.090391
8.054007
8.088375
8.009951
8.009669
7.9355454
7.766909
7.6930447
7.964565
7.672788
7.5845838
7.82852
7.983559
8.108878
8.252731
8.384734
8.443638
8.302247
8.247443
8.015524
7.851332
7.713521
7.4401884
7.4876156
7.443242
7.2829204
7.3644366
7.3920565
7.3861156
7.4601927
7.5508513
7.646725
7.6952453
7.663326
7.5185375
7.471901
7.491184
7.4515066
7.517384
7.6844487
7.3261547
7.457917
7.5449505
7.478554
7.6184654
7.2056675
7.2693624
7.4087753
7.160029
7.1382513
7.0877414
7.4358172
7.2032824
7.1500645
7.037183
6.901585
6.9174266
6.8019385
6.5650806
6.471745
6.210541
6.2514725
6.2496557
6.158805
6.2984395
6.2424455
6.3964133
6.4667583
6.6210365
6.7272496
6.6310487
6.630042
6.487059
6.4439588
6.3618956
6.3399334
6.4752316
6.275493
6.247994
6.4003396
6.7967873
6.6852317
7.0122075
7.2530355
7.045227
6.8644733
6.606897
6.236472
5.9598093
6.037102
5.921297
6.04013
6.4144316
6.232284
6.1798654
6.4285183
6.2614536
6.3650393
6.3944197
6.171111
6.1385813
6.1573367
6.2098656
6.1663837
5.9779906
6.2251678
6.0581436
5.8178835
5.7122693
5.5281324
5.2951493
5.142581
5.2097807
5.162008
5.304763
5.2422557
5.1745205
5.434345
5.455937
5.375205
5.4577417
5.509721
5.4159007
5.416341
5.3070693
5.243495
5.2539606
4.9319153
5.413785
5.2785397
5.409402
5.408919
5.211732
5.3726315
5.622846
5.3841825
5.5145993
5.290597
5.3858995
5.1029468
5.1475224
5.298851
5.553108
5.58838
5.9718823
5.866088
5.992889
6.1951323
4.6730313
5.2549777
5.319564
5.444172
6.0612016
6.40734
6.249667
6.4366517
5.9387918
5.9586143
6.0757265
6.127733
6.399161
6.592278
6.6336265
6.548985
6.5020957
6.582455
6.537484
6.6841326
6.9928756
6.536573
6.538916
6.316119
6.026055
6.362273
5.6151457
5.862688
6.2140455
6.3387685
6.10627
6.326929
6.2245917
6.2480736
6.2095466
6.307632
6.396123
6.231791
6.1494517
6.1193957
6.478679
6.6596484
6.8907404
6.7100325
6.3379097
6.3375616
6.366511
6.3411093
6.058306
6.0085034
6.0379825
6.136358
6.0887456
6.241237
6.1911554
6.0120068
5.8719897
6.034138
6.0754232
6.219835
6.3332653
6.245469
6.3297997
6.415697
6.5786467
6.6972566
6.538863
6.664816
6.6527066
6.5125685
6.366165
6.423197
6.2256827
5.9470153
6.0082183
5.8421793
6.2879868
6.214949
6.5298877
6.4477663
6.547412
6.6298876
6.961645
7.0324407
7.0597215
6.81483
7.193667
7.22314
7.087494
6.730457
6.7647133
6.7686596
6.854382
6.472254
6.551193
6.518611
6.5797305
6.496701
6.4580655
6.601296
6.3775673
6.4079056
6.424412
6.604539
7.037256
6.950725
7.053725
7.0346713
7.307727
7.0527873
6.880414
6.8523083
6.9298086
6.8097315
6.566848
6.440487
6.63931
6.4706087
6.6533995
6.8513236
6.914278
6.7731104
6.6624985
6.8331027
6.806262
6.668357
6.968213
6.4967566
6.66476
6.4818535
6.5057592
6.653425
6.926814
7.013795
6.8590984
6.468654
6.177182
6.2174973
6.1471276
5.868817
5.778636
5.619037
5.453577
5.2230506
5.113465
5.2078776
5.4469886
5.598957
5.3424563
5.2927938
5.507577
5.7009287
5.6346827
5.2914143
5.1768312
5.621102
6.2079515
6.447213
6.605756
6.278686
5.9456134
5.6643205
5.20713
5.189893
5.0583925
5.0660114
5.3306937
5.6332808
5.725272
5.8473296
5.9479017
6.2519526
5.9760003
6.1702976
6.1208825
6.6685033
7.0321803
7.1893506
7.1353908
6.982691
7.1944103
7.5035706
7.5672755
7.494211
7.51699
7.343275
7.316294
7.18771
6.9753876
6.77522
6.807071
6.6300097
6.46159
6.172988
6.3876333
6.43394
6.2449226
6.4181113
6.2633085
6.238403
6.1695385
5.8654757
6.015345
6.2042274
6.349908
6.267147
6.398433
6.576002
6.426569
6.637454
6.4373417
6.428222
6.6329045
6.739885
6.8538547
6.910874
6.8607454
6.4457836
6.062449
5.8834662
5.8551702
6.2029743
6.245861
6.315357
6.393465
6.3838263
6.5620456
6.4562893
6.3223634
6.407452
6.4218607
6.304618
6.1965446
5.834739
5.4793673
5.5097694
5.768829
5.8877373
5.6737003
5.3312845
5.105413
4.830986
4.70942
4.9387054
5.261364
5.4414144
5.3764277
5.2796955
5.390009
5.578074
5.5536766
5.472498
5.7938232
5.509051
5.571328
5.4075513
5.3752294
5.569505
5.470612
5.540549
5.6461425
5.9864025
5.966535
6.1782436
6.3057327
6.187843
6.3490815
6.232224
5.843395
5.7735577
5.8425665
6.0463367
5.9891953
6.137207
5.9335055
5.8386426
5.8878417
5.8012214
5.721824
5.6058483
5.7602963
5.811229
6.1903644
6.3302956
6.204767
6.187538
6.031039
6.3823853
6.267962
6.349235
6.542466
6.430555
6.2472796
6.360595
6.463659
6.5365047
6.774545
6.71373
6.7328634
6.7907324
6.638451
6.7706795
7.003345
7.1276727
6.841402
7.1076026
6.8984118
7.1330776
6.9434557
6.712224
7.011257
6.841483
7.088439
6.9843044
7.1258297
6.856348
7.340693
7.2533064
7.5291195
7.4549756
7.44274
7.312902
7.5543203
7.285796
7.2325125
7.1333084
6.90364
6.98993
7.084829
7.018424
7.101069
7.0874267
7.129189
7.24091
7.218752
7.137526
7.1999846
7.2253637
7.3037643
7.1974545
7.183371
6.959656
7.2127085
7.0896893
7.1829004
7.1542025
7.1922026
7.264844
7.2032347
7.0165973
7.199843
6.9013853
7.156754
6.742339
6.589601
6.36907
6.0941806
5.872898
5.9834857
6.04292
6.203349
6.14317
6.0459833
6.157523
6.133133
6.473538
6.3776627
6.58113
6.5228524
6.374717
6.779079
6.496586
6.6252937
6.5381455
6.739786
6.7766447
6.704717
6.74523
6.946935
7.15459
7.356104
6.991289
7.0322104
6.902424
6.9848437
6.752815
6.6755757
6.6755958
6.605031
6.7826023
6.8145638
6.9680543
6.791317
7.034255
6.8371277
6.9308887
6.888124
6.960772
6.852353
7.022318
6.913269
6.9509687
6.8640757
7.1016355
6.940377
7.144084
7.3081427
7.0345488
7.1537576
7.079002
7.2951107
7.2806997
7.4317865
7.3236547
7.1085196
6.880704
6.7823033
7.155972
7.086142
7.094595
7.0414286
7.1718106
7.2073507
7.0739775
6.8497286
6.5772924
6.5136104
6.601783
6.750504
6.4863997
6.5047255
6.533828
6.759063
6.5731783
6.650532
6.4728966
6.5997853
6.741035
7.072385
6.84113
6.5143857
6.1774354
5.9513464
6.239426
6.5285735
7.01496
6.991373
6.8617754
6.6955166
6.825617
7.043112
7.049038
7.0484505
7.077483
6.9872956
6.666896
7.0217032
7.123852
7.3110237
7.13944
6.935837
6.914497
7.002409
6.866031
6.5991025
6.802003
6.831456
6.610041
6.6397705
6.519682
6.7221317
6.5916424
6.523597
6.6948166
6.591855
6.9035587
6.815468
6.8433986
6.701981
6.915718
6.7657976
6.915801
6.963371
6.909228
6.9762335
6.79955
6.5624156
6.4558997
6.4476013
6.351184
6.3933315
6.254165
6.6106653
6.6288676
6.380089
6.515334
6.764935
6.7412415
6.730216
6.583454
6.896374
6.7649117
6.8502874
6.676544
6.683136
6.568722
6.6172476
6.7756767
6.8799057
6.8857026
6.919492
6.8728952
6.7554255
6.806175
6.7410994
6.756378
6.6803803
6.687931
6.551403
6.4794908
6.1678734
6.332087
6.3423305
6.1349792
6.221915
6.2526073
5.6777916
5.590941
5.678545
5.6353693
5.578899
5.722292
6.0042405
6.453756
6.9554887
7.0999784
6.682004
6.729805
6.742777
6.7559195
7.0242047
6.937036
7.0488377
6.7222843
6.4015093
6.115616
6.157288
6.1578517
6.0329385
5.9527345
5.6758575
5.868599
6.2141304
6.062037
6.160615
6.9443703
7.102949
7.035427
6.8336735
6.6833777
6.848014
6.891625
6.9578342
7.0486536
6.9717417
6.900196
6.8704996
6.9573593
6.6790257
6.68563
7.001626
6.9060035
6.451684
6.114194
5.696956
5.3973155
5.5462804
5.7320185
5.8913727
6.066928
5.9944053
6.1772385
6.1952558
6.19508
6.15738
6.4595385
6.3903418
6.3677454
6.6739235
6.565041
6.7298946
6.465924
6.333168
6.6176205
6.4861045
6.532464
6.6112695
6.7180424
6.7760797
6.805556
6.8493204
7.013402
6.975648
6.8975983
6.992552
6.8540287
6.7210894
6.7519746
6.732092
6.7133045
6.833119
6.8024964
6.621821
6.4264684
6.415641
6.3846436
6.2414308
6.277774
6.2756863
6.068275
6.0936003
5.8348923
5.9240675
5.949354
5.857171
5.897065
5.8989573
5.847297
5.9509196
5.9474564
6.057045
6.5030622
7.222329
7.3469453
7.116628
7.035355
7.0270147
6.89258
6.939347
6.820299
6.362278
6.5325
6.4061813
6.434632
6.575429
6.6545963
6.6730733
6.7244005
6.754198
6.829254
6.841671
6.7003126
6.9576406
6.8843985
6.826633
6.904573
6.8179855
6.8396826
6.642675
6.5493536
6.7915964
6.464367
6.6831484
6.6847715
6.845003
6.7795806
6.9185467
6.8190565
7.0570326
6.7555065
6.8301353
6.6016393
6.5724897
6.6689005
6.784502
6.9917936
7.0397944
6.85999
6.8128643
6.9970856
6.9356046
6.768159
6.7143297
6.699909
6.748644
6.8920608
6.9317594
6.800519
6.8830395
6.9487934
6.9851465
7.0177913
7.1828446
7.0174627
7.258155
7.132755
7.2804165
7.4390726
7.491006
7.305489
7.2936015
7.41606
7.3903103
7.323553
7.5166817
7.5921764
7.5468674
7.617193
7.2072334
7.1810465
7.271425
7.3196416
7.2810245
7.23519
7.2591295
6.9922643
6.912204
7.0031686
6.926691
6.913843
6.8320127
6.713899
6.566245
6.5780926
6.618471
7.057319
7.301689
7.231902
7.20117
7.0183916
6.964327
7.1411552
7.0843
6.984944
7.173581
7.0430913
7.0764847
7.14038
7.1350894
7.027564
7.05268
6.919278
7.1945467
6.977254
7.0214562
6.9411297
6.7912087
6.825804
6.91106
6.6972437
6.5831304
6.7196136
6.539713
6.3909054
6.25892
6.3161325
6.298962
6.2510686
6.216326
6.2239165
6.200531
6.098672
6.1667824
5.8076725
5.701101
5.606167
5.5554996
5.8188977
5.930371
6.0809007
6.1182885
6.03189
5.933405
5.7115965
5.932375
6.009773
6.1762595
6.17245
6.5846124
6.5270343
6.335696
6.45777
6.5916286
6.5864964
6.6054273
6.5413227
6.479273
6.5759845
6.7949686
6.5284038
6.4687796
6.465188
6.5729923
6.594249
6.673845
6.800737
6.193386
6.040234
5.957305
5.9020553
5.9123397
6.0159063
6.1682024
6.070797
6.0165687
6.154396
6.153332
6.3016915
6.317805
6.3710313
6.4480653
6.6815724
6.7033925
6.7143793
6.8575892
7.100936
6.684685
6.6048326
6.61328
6.7209764
6.6490283
6.443227
6.5028844
6.655525
6.6863313
6.665692
6.4693503
6.469139
6.4536033
6.5045805
6.5866075
6.6864157
6.769951
6.6552525
6.5362725
6.4180875
6.374377
6.4460654
6.6197085
6.571406
6.82708
6.897803
6.770535
6.5817695
6.496067
6.48459
6.5207624
6.63839
6.5877013
6.5191793
6.4733825
6.652971
6.7325034
6.712343
6.64857
6.570936
6.3818946
6.301647
6.3107586
6.2419925
6.3589993
6.1528006
6.237949
6.62936
6.374281
6.3911514
6.4027405
6.2401094
6.116147
6.306307
6.349354
6.3052917
6.319478
6.067125
5.9995594
6.1120906
6.1913514
6.2869987
6.3928313
6.326862
6.3178415
6.264993
6.3005047
6.397031
6.475641
6.4473414
6.3575716
6.3004594
6.159664
6.105365
5.989355
5.9593678
5.9063888
5.826925
5.792846
5.8368196
5.845163
5.7881484
5.857571
5.724891
5.7362146
5.7437797
5.8336782
5.8064938
5.759215
5.449238
5.328165
5.148695
5.092288
5.1403637
5.13051
5.2937765
5.1149735
5.3160496
5.6354265
5.9202414
5.8819604
5.8334637
5.7605486
5.877684
5.7909102
5.749591
6.2454996
6.4007215
6.221444
6.1474533
5.9829297
5.688902
5.5468364
5.7328157
5.6095896
5.639298
5.775436
5.515127
5.4950867
4.854467
5.030924
4.789902
4.9211526
5.2126513
5.5156374
5.1766434
4.9280906
4.72886
4.9825187
5.091374
5.340497
5.4209547
5.507066
5.395504
5.4299717
5.362242
5.573848
5.5246964
5.4672747
5.4965262
5.5279236
5.362407
5.286283
5.209748
5.2192307
5.065332
5.163761
5.245784
5.146302
5.0570874
4.9564185
4.909396
4.6647725
4.6086526
4.7278686
4.8167095
5.1515417
5.1551003
5.343419
5.3814797
5.60673
5.669642
5.67926
5.64916
5.618004
5.5845957
5.59774
5.7313747
5.514449
5.5888286
5.9747353
5.7179165
5.7472935
5.5855875
5.2253537
5.0478683
5.2342095
5.1355305
5.238098
5.3727713
5.286225
5.345515
5.20425
5.1990986
5.1855206
5.0531588
4.9062023
4.960802
4.724911
4.8201385
4.8894825
4.8799706
5.0464463
5.071717
5.074844
4.997997
5.128001
5.170299
5.173971
5.227563
5.32401
5.344161
5.2964544
5.250417
5.156777
5.2274203
5.247625
5.1511593
5.0524225
5.042185
5.023578
4.686434
4.824885
4.6787825
4.5552917
4.4355903
4.4676538
4.588723
4.2678814
4.2567263
4.2424865
4.1731715
4.126863
4.2035785
4.198333
4.2455316
4.407388
4.364153
4.4996495
4.4960437
4.574731
4.5249214
4.5480933
4.4498806
4.4707575
4.5331025
4.4478364
4.557288
4.5986447
4.6160135
4.713036
4.693022
4.707029
4.596072
4.488764
4.596744
4.612017
4.577085
4.4555573
4.4711156
4.4306674
4.498472
4.435942
4.467604
4.4766603
4.602311
4.8263216
4.7674155
4.820596
4.745048
4.6613636
4.48545
4.728542
4.873636
4.9323745
5.1369524
5.306596
5.435074
5.4783754
5.383311
5.3961644
5.2384734
5.1627846
5.081425
5.2023587
5.3174653
5.3856416
5.444399
5.352487
5.539999
5.361754
5.469143
5.3567085
5.243119
5.3410506
5.3442526
5.4229383
5.313077
5.252705
5.3436975
5.454241
5.5472207
5.716375
5.9297447
5.807653
5.7373905
5.828508
5.70543
5.722361
5.8098264
5.6191545
5.6584225
5.6744184
5.5951195
5.8374176
5.7517023
5.8092637
6.0088224
6.033382
6.3281674
6.759
6.8493867
6.95206
6.9343743
6.825972
6.8312693
6.63808
6.7009063
6.557409
6.5893807
6.7100353
6.873229
6.7444534
6.3542805
6.130575
6.040811
5.851663
5.8202677
5.828034
5.726487
5.6586814
5.680666
5.515276
5.535022
5.549254
5.8861623
5.80714
5.9327965
6.1804786
6.15728
6.094855
5.8747406
5.708562
5.6414323
5.973926
6.0290303
6.009674
6.180493
6.2659655
6.1149883
6.663707
6.8878875
7.0960765
7.253473
7.435361
7.6213226
7.705057
7.868695
8.087935
7.6646166
7.2242327
7.2051644
7.1775603
7.265917
7.145973
7.055146
6.9438496
6.9525986
6.846353
6.838609
6.903308
6.6997886
6.459133
6.2515416
6.308719
6.146202
5.975313
5.9196663
5.796025
5.7143526
5.8679924
5.5185266
5.5138297
5.6527505
5.8972826
6.0085144
6.4073696
6.5489373
6.4523735
6.835029
6.874291
7.1953554
7.3352003
7.2833
7.2722573
7.5474486
7.578512
7.6919556
7.952426
8.004085
7.7575774
7.336529
7.2343507
7.291914
7.478951
7.550911
7.8389616
7.738291
7.67331
7.6313524
7.516108
7.659945
7.48103
7.5362315
7.2083898
7.1405334
6.9436903
7.0434
7.0819225
7.1565647
6.9087543
7.2161894
6.7149844
6.6457787
6.5015607
6.3508205
6.178105
6.4452386
6.6333327
7.2075934
7.124476
7.3425317
7.083442
6.932767
6.8292537
6.64713
6.7237697
6.7613807
7.0693617
7.199483
7.0842776
7.233438
7.479085
7.602957
7.948383
8.081177
7.9256954
7.600098
7.1401725
7.191065
7.637241
7.7914915
7.734
7.5564575
7.658213
7.438689
7.59812
7.2490478
7.3363366
7.043719
6.901845
6.7832375
6.757799
6.4379563
6.419988
6.297029
6.3244348
6.1633315
6.237868
6.390881
6.1397405
6.194116
6.188242
6.2594585
6.698715
7.0353947
6.9978933
7.098436
6.8961153
6.7459826
6.641713
6.771628
6.712071
6.6842694
6.6911836
6.6822047
6.4457097
6.1447
6.262526
6.1535406
5.9286594
5.986513
6.048435
6.592297
7.0783954
7.1266413
7.312072
7.1786537
6.891314
6.5794373
6.272089
6.2396684
5.863133
6.2522354
6.5222197
6.724715
6.396362
6.621437
6.3479776
6.739066
6.9787273
6.931348
7.006542
7.0349727
7.069888
6.8151126
6.8966284
6.853872
6.936495
7.0515056
6.8760643
7.103117
7.007863
7.243243
6.978866
7.0707574
6.8105717
6.469846
6.505064
6.7034473
6.889219
7.2510853
7.181758
7.5720944
7.691101
7.9354296
7.9451694
7.8316245
7.863961
7.8310595
7.599881
7.7896056
7.7367926
7.8848295
7.9383883
7.7540727
7.6572666
7.759785
7.81252
7.7248015
7.5166793
7.7230024
7.5966263
7.7398505
7.495299
7.651001
7.50853
7.405283
7.3889937
7.4042325
7.2398705
7.1650033
7.153906
7.010662
7.0277696
6.752032
6.8925815
6.884473
6.82196
6.430237
6.2710037
6.3880615
6.348128
6.425635
6.7021194
7.2681246
6.9985127
7.4013767
7.1502304
7.4221144
7.438757
7.633154
7.550983
7.684504
7.6990547
7.7517204
7.7842126
7.9211135
7.8600245
8.08239
7.7327566
7.4503083
7.110378
6.970089
7.1658773
7.0186696
7.141201
7.1482935
7.019687
6.8569164
6.724757
6.6096177
6.877264
6.537936
6.7300134
6.5600863
6.2346683
6.5011163
6.405943
6.363264
6.7942395
6.7171493
6.6657686
7.0494003
6.5916514
6.592926
6.3582015
6.601073
6.6008353
6.7736683
7.165695
7.056488
7.2304688
7.325174
7.3028736
7.6158247
7.6493645
7.6569657
7.6457686
7.5435
7.5573525
7.4188747
7.4481153
7.023456
7.14481
7.1037416
7.3753824
7.0922194
7.154276
6.9161797
6.911931
6.89404
6.877787
7.2070127
6.9771085
7.268034
7.1609282
7.0060515
6.7475796
6.7485456
6.525073
6.351761
6.4736
6.371897
6.321701
6.4864044
6.390642
6.284123
6.3581653
6.0048227
5.831414
6.139068
6.1443543
6.2980447
6.3723226
6.6374793
6.6192303
6.9871454
7.153338
7.5009246
7.453451
7.1459866
7.357047
7.3352003
7.2247305
7.2082043
7.501214
7.1752496
7.1042175
7.3127546
7.1179175
7.2272353
6.9430146
6.9498377
6.815048
6.6796584
6.638291
6.5038786
6.0235047
5.8208284
5.9405074
6.028033
6.0119333
6.216094
6.315352
6.2360578
6.126449
6.3608427
6.042834
5.98674
5.8977604
5.753758
6.189513
6.2361383
6.5529976
6.933692
7.1935716
7.147593
7.2866406
7.1394353
7.740164
7.527919
7.7182035
7.607327
7.861914
7.8982916
8.19014
7.702497
7.541573
7.438279
7.618319
7.4952536
7.273385
7.3548346
7.0400376
6.994465
6.9432306
6.900564
6.55284
6.453112
6.2818894
6.0749583
6.2512608
6.1307645
6.0407553
5.7998867
5.604079
5.5083385
5.5007076
5.4064617
5.427844
5.3673544
5.3606634
5.4574695
5.509698
5.8725257
6.283636
6.42957
6.656417
6.827408
6.6186695
6.8023996
7.0264173
6.912323
7.291414
7.546646
7.733853
7.7848277
7.719989
7.594033
7.8577204
7.8141947
7.4597464
7.4976707
7.2094927
7.101465
7.1510468
6.9623413
6.975287
6.926459
6.9700375
7.0527673
7.0306816
6.8397746
6.8569202
6.8103523
6.680011
6.887399
6.786737
6.7515316
7.0893188
6.9268403
6.922486
6.848366
6.9763074
6.428296
6.3509407
6.112674
6.180714
6.159021
6.2154655
6.4143624
6.3257384
6.895459
7.0135307
7.433424
7.3580346
7.3659096
7.171964
7.488913
7.4686575
7.432339
7.6781034
7.2965536
7.1415944
7.0549364
6.9159307
6.116585
6.4730024
6.3137007
6.508857
6.4429855
6.5344543
6.5014825
6.3587594
6.543907
6.474093
6.322402
6.413057
6.001381
6.0857573
6.010184
6.276137
6.354145
5.979673
6.005027
5.831176
6.023897
6.0305357
6.1736956
6.3642673
6.4996085
6.7342415
6.667896
7.0022335
6.8603454
6.8180337
6.935954
7.101566
7.118635
7.068631
6.9423637
6.4486313
6.4400024
6.2916217
6.561318
6.6209645
6.2771907
6.382856
6.330884
6.3752923
6.1340814
6.1730185
6.005961
5.708891
5.4930334
5.592131
5.8695903
6.3474917
6.1173635
6.2375426
6.063776
6.359289
6.282534
6.4762564
6.5325856
6.5440226
6.5832405
6.8947983
6.9553375
6.937343
6.9701295
6.8297777
6.781029
6.875785
6.9233823
7.011036
6.724579
6.934554
6.268723
6.359049
6.5075154
6.3322315
6.4503202
6.2122493
6.2162356
6.0385365
6.3906436
6.1221747
5.8572865
5.9885154
5.716361
5.431614
5.929503
5.841436
6.006777
6.097091
6.064511
6.190059
6.527913
6.33374
6.1199293
6.0504346
5.9367304
6.07855
5.808198
6.007683
5.4934154
5.4273934
5.2715435
5.5573583
5.8439703
5.871692
5.9293385
6.246648
6.1357784
6.1658273
6.208288
5.9178333
5.835832
5.938552
6.0040865
5.6691446
6.484254
6.19837
6.5424795
6.52544
6.6742887
6.508025
6.5023303
6.3704123
6.5565658
6.506959
6.196705
6.2678814
6.218476
6.218187
6.2718253
6.4989595
6.2827597
6.2579055
6.402336
6.383757
6.6052914
6.468617
6.3544292
6.2718287
5.9250627
5.7826943
6.0430856
5.7575736
5.9911118
6.247956
6.4953766
6.5203166
6.9064083
6.7575846
6.9975014
7.267517
7.452452
7.4044986
7.3272734
7.043591
7.1097107
6.3954067
6.507064
6.3725967
6.294903
6.997189
6.704355
6.641708
6.4903297
6.308354
6.435556
6.656462
6.537733
6.2418213
6.0206203
5.4501386
6.261717
6.294972
6.697897
6.5447006
7.046256
7.1909833
7.179219
7.142503
7.0438523
7.155264
7.153144
6.944901
7.2459173
7.173409
7.0961537
6.871406
7.004359
7.2970686
6.782553
6.949416
6.364006
6.554493
6.2718916
6.7864165
6.7552366
7.048788
7.388895
7.2172804
7.284551
7.154961
7.3281236
7.285753
7.1351833
7.247519
6.9329658
6.8588753
7.0163918
6.8904815
6.9358015
6.658861
6.7645745
6.869721
6.9739547
6.772938
6.7707715
6.7275624
6.9250355
6.871005
6.588042
6.7853866
6.813608
6.708433
6.598914
6.6222405
6.7149467
6.6857734
6.7500525
6.7180243
6.5985093
6.8342133
6.787687
6.6787395
6.594978
6.6979556
6.7044044
6.64868
6.760624
7.112031
7.2501063
7.2141805
7.2220244
6.9270077
6.596204
6.9037514
6.950866
7.015702
6.6744657
6.675703
6.154103
6.2110505
6.6525173
6.5319514
6.454472
6.424871
6.3177495
6.2685494
6.197936
6.2653036
6.178726
6.3926353
6.203246
6.2139716
6.0671515
6.267023
6.0692525
6.492046
6.7104573
6.4478717
6.0480742
5.897657
6.0176277
5.985456
6.429863
6.63824
7.037379
7.0371757
7.0916104
7.313403
7.348798
7.033995
7.24413
6.9303517
6.9624186
7.0473123
7.1625767
6.660559
6.831066
6.8204694
6.711668
6.517895
6.636953
6.5784526
6.3153715
6.1784368
6.103363
6.120703
6.023453
5.983205
6.0008616
6.237811
6.167616
6.1205826
6.010108
5.9455147
5.8236794
5.9334555
5.943394
5.721364
5.705055
5.6749496
5.533659
5.406464
4.9678926
5.2728996
5.296617
6.403798
6.968036
6.980956
6.9231033
6.8543143
6.59743
6.879303
6.743561
6.7486844
6.5893607
6.036351
5.796426
5.770309
5.7738
5.587993
5.4954915
5.486758
5.5246315
5.6025443
5.3590198
5.4211106
5.4556336
5.6621284
5.8561764
5.970605
5.971329
6.102893
5.888852
5.67721
5.1340756
5.079119
5.045751
5.0012746
5.208253
5.541836
5.4837136
5.142903
5.214035
5.2632093
5.207933
4.9956365
4.4579067
3.683891
4.3902955
4.41497
4.663043
4.5120707
4.369918
4.547424
4.393687
4.592389
4.418538
4.714328
4.5205584
4.52298
4.58027
4.415559
4.3651743
4.4566336
4.5071487
4.46199
4.420621
4.542094
4.457213
4.483027
4.5694284
4.5389466
4.4810266
4.491098
4.4476037
4.6222005
4.530793
4.6122785
4.5880632
4.6187987
4.6765985
4.678785
4.6872845
4.7671967
4.763035
4.6804557
4.761415
4.605422
4.7654605
4.7944117
4.7383633
4.591438
3.6079345
3.8533816
3.6916513
3.0152297
3.6833153
3.4900794
3.740808
3.632934
3.7021284
3.5920477
3.1729233
3.4344244
3.586153
3.5005186
3.471115
3.4576385
3.9030573
3.2319694
3.60674
3.8761115
3.7347906
2.484974
3.7765102
3.3979704
3.9821029
3.872052
3.6505795
3.590536
3.6884646
3.4380126
3.6182537
3.741984
3.711303
3.7696052
3.1867347
3.6516562
3.4593635
3.3247929
3.5133338
3.5491674
3.3723185
3.3389616
3.2941105
3.397309
3.367522
3.6241713
3.2649825
3.4474216
3.6853392
3.6822448
3.6167428
3.757333
3.8878756
3.1404276
4.1354685
4.1643143
3.6063757
2.94441
3.4445906
3.7479832
3.6552072
3.7062106
3.5923755
2.2054212
3.2448254
3.3524053
3.5291834
3.7123287
3.2210124
3.5179439
3.6168933
3.56389
3.4871998
3.597453
3.396346
3.7874904
3.785982
2.8377845
3.44866
4.030906
3.682341
3.6467357
4.0661683
4.40943
4.578579
4.5326157
4.633117
4.3213906
4.3632693
4.494414
4.2854967
4.418069
4.309344
4.161354
4.044709
4.0317435
4.373261
4.7294555
4.4305563
4.5090556
4.4871197
4.597258
4.5504627
4.609379
4.437792
4.484502
4.5985146
4.4438877
4.545843
4.1915092
4.334741
4.271163
4.304931
4.309512
4.2186775
4.262518
4.1832533
4.205806
4.1623755
4.069279
4.171202
4.2380424
4.125869
4.115239
4.079911
4.0972643
4.27815
4.0627265
4.240959
4.2881217
4.252428
4.319454
4.297152
4.1795387
4.295814
4.3556485
4.4063272
4.5148787
4.4245596
4.329095
4.541917
4.390189
4.5062475
4.2550364
4.535692
4.098801
4.3253574
4.107984
4.077259
4.3983884
4.394745
4.212325
4.397465
4.1208196
4.12055
4.425081
4.087264
4.3633847
4.1094007
4.119523
4.035412
4.038029
2.6810184
3.313396
3.5499337
3.434773
3.825282
3.4810753
3.622777
2.903872
3.827251
3.8243024
3.0793357
3.5845084
3.6741607
3.72043
3.0327046
4.00416
4.007454
4.02339
4.1591606
3.255787
4.104186
4.041968
3.910035
2.9364364
3.8669617
3.3903496
3.9314914
3.1891067
3.1873586
3.9068637
3.9974442
4.00612
3.8803496
3.1548753
3.0169492
3.755051
3.0186412
3.119442
3.8757057
2.6351645
3.8025823
3.890565
3.9046388
3.8191524
3.100154
3.788342
3.8209286
3.5932317
3.4589016
3.19318
3.6777263
3.669465
3.6577308
3.8845463
3.7627091
3.9342966
3.8172235
3.2641208
3.7619302
3.6002426
3.7013333
3.5356445
3.5377681
3.7308073
3.613362
3.6478143
4.523094
4.6851854
5.037072
5.038684
5.0610065
5.3102884
5.2544103
5.3778205
5.4450407
5.4958057
5.5286674
5.4606953
5.61509
5.6649117
5.8220716
5.7827353
5.778925
5.7959785
5.5364966
5.673785
5.4349194
5.6331835
5.05436
4.7420344
4.7465687
4.800028
5.0702114
5.370528
5.4548764
5.406926
5.580741
5.590734
5.6108
5.7601376
5.8379283
5.352529
5.179259
4.969874
4.5672326
4.5577145
4.4250097
4.1679816
3.9263005
3.735005
4.1975245
4.329826
4.377459
4.343729
4.2781396
4.1953707
4.2825484
4.1143336
4.1504254
3.4471145
3.600533
3.2147079
2.5824382
2.5077977
3.1612525
3.161494
2.659792
3.5014799
3.7719414
4.155772
4.5018125
4.365038
4.8056417
4.5726337
4.7979093
4.9514613
4.9771547
5.032522
4.819495
5.048441
4.850235
4.7260704
4.7284794
4.2259073
4.136726
4.051548
2.4118538
3.7584836
3.9933348
2.5946639
3.4235988
3.050422
3.2936811
3.5794926
3.9399066
3.9931183
4.0933237
4.3802557
4.3699255
4.454831
4.334056
4.312284
4.149098
3.9663584
2.6410556
3.7699835
3.6678863
4.210054
4.1432223
3.6892767
3.3528814
3.7446911
3.9025912
3.7792423
3.8127413
4.841709
4.908905
5.0744734
5.154622
5.5456276
5.2290125
5.271717
5.3029084
5.157361
5.0422044
5.1067495
5.5698028
5.706477
5.410594
5.3788776
5.458413
5.507084
5.480961
5.449497
5.265754
5.2004447
5.323301
5.5690985
5.694291
5.7400823
5.447647
5.0273046
5.1656427
5.2594953
5.3582077
5.2038245
5.226071
5.4877815
5.38597
5.3614507
5.2841034
5.046452
4.9650183
5.1808114
5.064909
5.176674
5.243311
5.2551394
5.2235227
5.331498
5.0382533
5.0729327
5.07009
4.946211
5.063422
4.9224315
5.2609754
4.936904
4.640266
4.511675
4.5573463
4.726248
4.7465057
4.8232703
4.7164226
4.6289225
4.6171393
4.538677
4.560381
4.5036373
4.480851
4.4578037
4.4716806
4.49564
4.588469
4.753701
4.846258
4.9215364
4.877848
4.9182987
4.845835
4.852359
4.773256
4.678007
4.6937947
4.709682
4.6971087
4.6492624
4.890301
5.079526
5.2799215
5.272461
5.356121
5.2639675
5.350881
5.3102374
5.2048635
5.0318446
4.911405
4.9522343
4.8982444
5.129261
5.089359
5.101551
5.113571
5.05931
5.1429014
5.374468
5.306613
5.2364397
5.097497
5.021864
5.068944
5.1788344
5.245443
5.0756407
5.154934
5.086285
5.0482802
4.951438
4.8844085
5.041018
5.018729
5.1221914
5.100988
5.1749315
5.076241
5.0933104
5.3106565
5.2797437
5.247963
5.0913982
4.632255
4.507803
4.448791
4.891586
4.851145
4.8790994
4.7592015
4.9965553
4.9237776
4.959472
5.12848
5.1261473
5.365799
5.543926
5.5655913
5.7884755
5.583085
5.434045
5.1675506
4.8697944
4.7775197
4.578348
4.4760914
4.2928386
4.4182777
4.506549
4.643681
4.7148614
5.081056
5.105962
4.9706316
4.822395
4.9125814
4.7891145
4.816918
4.7494745
4.669627
4.9201174
4.76956
4.746208
4.7531633
4.905985
4.8724713
4.8121367
4.439984
4.4539685
4.691537
4.563587
4.403506
4.7221193
4.8929935
5.5628896
5.562807
5.388401
5.2876406
5.1453934
5.1036105
5.2995796
5.4672694
5.540962
5.8219323
6.092009
6.3082657
6.0950866
6.2033863
6.339808
6.4132085
6.41869
6.5395236
6.2439446
6.2498775
6.191973
6.1274605
6.02659
5.956845
5.8732514
6.204979
6.207008
6.201006
6.018325
6.160659
6.1996593
6.238278
6.1244364
5.9992948
6.303984
6.301015
6.342698
6.245489
6.4317236
6.5951576
6.3525705
6.620948
6.2332435
6.080316
6.4826937
6.619844
6.393587
6.3868995
6.317944
6.3632364
6.4098415
6.5594435
6.394406
6.6567006
6.90908
7.0167313
6.8707943
6.939612
6.776307
6.726796
6.816413
6.7174854
6.6421847
6.598925
6.5206146
6.5287256
6.586393
6.5832896
6.2263913
5.9813104
5.99571
6.306084
6.508712
6.232077
6.2309265
6.537887
6.3706474
6.2563767
6.1951876
6.10756
5.889949
5.515978
5.2009573
5.273591
5.4169683
5.3450437
5.294011
5.2825985
5.1486645
5.1153574
5.051432
4.965867
4.900314
5.2294006
5.2476854
5.2076473
5.192762
5.32142
5.2187696
5.5093513
5.663947
6.0084887
5.9877634
6.206192
6.1947784
6.391657
5.8905687
6.0607824
5.8566375
5.877283
5.281843
5.514582
5.4307976
5.2158804
5.1657934
4.8956685
4.716777
4.771079
4.6198316
4.809133
4.924897
4.8451595
4.6691647
4.4189353
4.3882475
4.3715844
4.735412
4.827283
5.007746
4.974433
4.3296943
4.0321345
3.1767554
2.2323923
2.3914123
2.4195428
2.1534996
2.0930011
2.17315
1.8200185
1.8317804
2.055633
1.8588746
2.039929
2.1718855
1.9597375
2.183999
2.1796725
2.2046604
2.1959481
2.0197527
2.2065167
2.0860925
2.3563752
2.2817988
2.4395084
2.3378394
2.4974105
2.5128164
2.6853554
2.6420052
2.8138664
2.6410766
2.5225902
2.6207738
2.6354122
1.8728454
1.8551807
1.8157736
1.784274
1.910047
1.8529419
2.063711
1.9464014
2.450277
1.959977
2.121963
1.8904562
2.2572634
2.0096855
2.2796228
2.406717
2.4865224
2.084491
2.3338666
2.4707484
2.8279529
3.1794696
3.5234103
3.678101
3.2752867
3.5567656
3.5223172
3.3791862
3.3339553
3.4182754
3.5225327
3.5639286
3.552271
3.50583
3.704913
3.5287097
3.576609
3.407113
3.2786946
3.3607202
3.2817996
3.2220976
3.2669759
3.236916
3.280848
3.323275
3.4373426
3.4909062
3.3168669
3.4971347
3.4760668
3.5159287
3.536796
3.5871532
3.5573237
3.5864313
3.6307132
3.607946
3.60046
3.5967112
3.6075163
3.6192017
3.621337
3.6059222
3.6001754
3.6215076
3.6056087
3.6055768
3.664494
3.615454
3.634736
3.6779342
3.6870246
3.7032661
3.7062373
3.7205849
3.7321281
3.706318
3.7261424
3.769979
3.7090683
3.7435236
3.7608318
3.7480493
3.7643592
3.7247963
3.7328243
3.8020406
3.7179275
3.687797
3.5544052
3.6733174
3.68873
3.7087789
3.691428
3.600632
3.7745857
3.6917522
3.8322463
3.8772533
3.8776696
3.7449327
3.7452712
3.7172928
3.7497914
3.7277074
3.732358
3.7314458
3.7335541
3.7207453
3.7503808
3.7001052
3.852207
3.7106605
3.7079124
3.9299781
3.8042388
3.7220654
3.7839112
3.8069105
3.879066
3.8253348
3.741307
3.9306684
4.0500793
4.0341153
4.017981
3.9638016
3.6175108
3.8118675
3.7463005
3.70124
3.7055497
3.627771
3.6929
3.6858692
3.6961691
3.724711
3.713878
3.748088
3.7573447
3.7553773
3.7149599
3.6457667
3.6274872
3.6753294
3.673484
3.6494954
3.6373096
3.7276511
3.679201
3.6907496
3.4187505
3.6314392
3.6586852
3.5890808
3.5091114
3.6475031
3.5362391
3.639627
3.7544284
3.7261462
3.6462126
3.6710856
3.682926
3.7645824
3.649004
3.8878298
3.7896144
3.7393699
3.8430996
3.7672462
3.95179
3.9301958
3.8621883
3.8663745
4.0367565
3.7481382
4.02883
4.1487403
3.8779635
4.0801525
4.2335873
3.7631197
3.9252443
3.7260132
3.6649606
3.919918
3.3093376
3.8989942
3.9046009
3.8442526
3.7312732
3.891773
3.8353562
3.8212461
3.8155959
3.8153768
3.5736573
3.807854
3.8014975
3.9317834
3.8458714
3.8389323
4.225151
4.2242155
4.280742
4.5432386
4.727689
4.9667544
5.229216
5.2943077
5.400565
5.357981
5.2299986
5.223609
5.1567426
5.171381
5.4019403
5.233353
5.3650203
5.6206946
5.9410744
6.280497
6.3152766
6.5103273
6.852091
6.813136
6.866628
6.888475
6.6901493
6.926935
6.9656653
7.149598
7.098499
7.283735
7.130888
6.7286835
6.8244457
6.6807394
6.6547027
6.646694
6.5476575
6.1187825
6.053447
6.0485086
6.155478
6.2836814
6.1677957
6.1482806
5.7070594
5.7103076
5.8396964
5.6743803
5.405477
4.997819
4.818811
4.665038
4.6872134
4.563076
4.6195
