10000
9.8511505
9.834777
9.782578
9.812406
9.76192
9.796145
9.769922
9.749731
9.728027
9.620703
9.579989
9.557969
9.542392
9.457875
9.4832325
9.416366
9.435967
9.337927
9.245485
9.212638
9.223399
9.252915
9.129723
9.022023
9.120194
9.086432
9.110327
9.016135
8.935704
8.921912
8.812959
8.815256
8.709957
8.710612
8.612625
8.611822
8.503709
8.385298
8.297807
8.352648
8.370878
8.200481
8.099693
8.055515
8.045305
7.891269
7.7724857
7.814763
7.6156807
7.5389814
7.2750583
7.494079
7.326608
7.152876
7.072456
7.007287
6.9899297
6.8531275
6.944154
6.9551253
7.03723
7.003436
6.939082
6.7843566
6.9450874
6.8482285
6.826847
6.851305
6.8888493
6.9573727
6.936126
7.007557
6.9577284
6.948197
6.997325
6.978159
7.1082115
6.9913287
7.060894
6.798157
7.0504584
6.896987
6.9789815
6.8521614
7.0043535
6.845365
6.902947
7.0265203
6.9575496
6.9584866
6.9730043
7.231446
7.4053974
7.399754
7.4907036
7.562598
7.587807
7.8347635
7.949045
8.24276
8.159418
8.207594
8.182027
8.03866
8.0880575
8.238555
8.300389
8.274783
8.231146
8.502655
8.4023075
8.329932
8.299692
8.227019
8.177335
8.122082
8.115594
8.192221
8.135277
8.112391
8.052787
7.974377
7.9109707
8.049897
7.981878
7.975433
7.983378
7.9042077
7.855192
7.780813
7.7483697
7.652966
7.5956693
7.6487904
7.5629783
7.5862255
7.5042496
7.616468
7.5600805
7.5631576
7.609325
7.5907826
7.550303
7.5667133
7.500439
7.5802927
7.5284224
7.558011
7.609459
7.543255
7.503542
7.609645
7.493757
7.4950614
7.416792
7.412148
7.393707
7.415191
7.280926
7.3273325
7.372456
7.336855
7.2995806
7.3935237
7.3211484
7.2611923
7.2610707
7.340755
7.354303
7.338005
7.3717446
7.398917
7.508572
7.5382752
7.318186
7.3887057
7.3032045
7.2736793
7.3167677
7.265753
7.1667457
7.127184
7.1142583
7.1241336
7.033365
7.105106
7.102654
7.0871577
7.1214066
7.0124397
7.1858068
7.0506287
7.0187216
6.917584
6.8718386
6.7942653
6.7783628
6.6738687
6.5295067
6.885114
6.598232
6.6966796
6.555714
6.5695415
6.5589175
6.365027
6.3668685
6.4126425
6.387534
6.2515225
6.336208
6.255637
6.5286746
6.4319735
6.596734
6.223607
6.4619575
6.604164
6.627709
6.6948733
6.5034776
6.6585145
6.5326796
6.8279004
6.6969924
6.7249866
6.48505
6.794486
6.592382
6.7727227
6.734492
6.6922913
6.658495
6.673414
6.7085714
6.6976833
6.6277676
6.5603437
6.6720467
6.7050943
6.568284
6.642543
6.4544787
6.742358
6.6347065
6.850448
6.4775248
6.8606906
6.7910132
6.7334347
6.7401977
6.366424
6.659008
6.5492425
6.555528
6.505155
6.6030636
6.5631
6.755071
6.743754
6.5556293
6.5062637
6.686398
6.6143827
6.716869
6.636626
6.5950317
6.7601686
6.790236
6.6321225
6.7011943
6.681801
6.633874
6.569306
6.67908
6.468074
6.616707
6.8186116
6.683428
6.584141
6.7322264
6.724459
6.6647415
6.64662
6.5365205
6.6344547
6.5119886
6.701176
6.6927433
6.6081715
6.561352
6.568246
6.454973
6.439652
6.6369452
6.281976
6.429126
6.5071654
6.3178196
6.4280095
6.2585044
6.343719
6.4511957
6.1581097
6.31117
6.180129
6.5182266
6.424832
6.426123
6.380329
6.4059563
6.518997
6.47398
6.3786964
6.5364614
6.5990443
6.608964
6.231255
6.677667
6.475513
6.5620856
6.454314
6.5622215
6.36864
6.6164827
6.5516458
6.536046
6.4560113
6.506259
6.441692
6.5468283
6.3598475
6.5755243
6.286794
6.5209002
6.3057904
6.519129
6.5284986
6.356475
6.4044476
6.4281135
6.502177
6.4454894
6.373257
6.288161
6.2879596
6.359147
6.379856
6.3678923
6.3125124
6.4389606
6.3514915
6.355631
6.200261
6.467162
6.4584
6.4940805
6.5378375
6.61103
6.519665
6.5245457
6.5961375
6.5966473
6.6742105
6.921751
6.8479156
6.874314
6.814501
6.8872204
6.8603783
6.8458824
6.887947
6.911016
6.941843
7.126249
6.9443364
7.115895
6.9473205
7.0131707
6.857563
6.9052677
6.932619
6.954963
6.836417
6.7979155
6.9139194
6.966109
6.850081
6.891147
6.8022285
6.8075495
6.8001018
6.704016
6.6800675
6.5885124
6.6320558
6.6437674
6.7192063
6.7026634
6.606151
6.885297
6.586327
6.6941977
6.6625586
6.6636367
6.4949694
6.5989404
6.6477723
6.529648
6.5589633
6.6558166
6.5733385
6.6678367
6.706128
6.7005754
6.7708755
6.7366533
6.6336203
6.6829667
6.651336
6.827996
6.5871325
6.6451817
6.633703
6.6562233
6.6583138
6.7672677
6.60208
6.6455517
6.7299075
6.7892523
6.6395473
6.797221
6.895107
6.8193564
6.715531
6.6345515
6.7005496
7.0111217
6.888404
6.815466
6.8720284
6.965854
6.8291426
6.8885803
6.941314
7.0111914
6.936379
7.1340675
7.024025
6.90043
6.8111467
6.8892813
6.9077063
6.717273
6.796827
6.9288883
6.8869305
6.8823075
6.9016232
6.85303
6.985053
6.7749934
7.014931
6.8165827
6.8422904
6.8968115
6.7188883
6.9378138
6.779316
6.658261
6.90541
6.925018
6.746266
6.824758
6.851491
6.8422956
7.0558877
6.764371
6.8618994
6.8176937
6.936267
6.7160463
6.9345455
6.8192344
6.955831
6.898033
6.971198
6.9676924
6.903742
7.0596743
7.0230336
6.948044
7.0922146
7.0309772
7.1723976
7.288394
7.0069532
7.408155
7.3022814
7.2692046
7.2283173
7.324689
7.184551
7.2791924
7.1788073
7.3960514
7.378168
7.4543557
7.4154606
7.4337997
7.3434258
7.1625824
7.206652
7.1148577
7.3481407
7.3887115
7.4046226
7.2389154
7.146108
7.205427
7.3832464
7.1233144
7.1530113
7.141057
7.1039076
6.92734
6.9893394
6.987212
6.983072
7.000313
7.052446
6.9956903
7.156547
6.9201283
6.9336143
6.9256215
6.933285
7.0479164
6.968277
6.905565
6.9273887
6.9002323
6.9323487
6.9848256
6.932477
6.9935136
7.01225
6.9159446
6.877146
6.783889
6.9275036
7.021886
6.960068
6.8568187
6.8491516
6.873974
6.8059134
7.023214
6.976781
7.1620846
6.9855523
7.05943
7.172688
7.117074
7.084336
6.9840565
7.0516496
7.081856
7.133219
7.246179
7.2531333
7.4447136
7.2477016
7.385886
7.38811
7.348056
7.3549666
7.306961
7.2952213
7.4084363
7.407219
7.3240805
7.1349263
7.140264
7.348747
7.3269496
7.386066
7.3014207
7.3528337
7.167405
7.154195
7.3115263
7.2287064
7.327611
7.3202477
7.2325873
6.8604712
6.957321
7.0647845
6.9903274
7.0710015
7.042184
6.949784
6.856211
6.7020097
6.8624487
6.8348594
6.7967515
6.854108
6.842979
6.716636
6.9649367
6.8804054
6.7631817
6.8924365
6.9221582
6.867422
6.8756685
6.750001
7.0340586
6.8797755
6.842782
6.8998976
6.9315333
6.935755
7.0191703
6.7884626
7.026791
6.9332333
7.0574355
6.8728156
6.9653935
6.949018
7.072982
6.8139896
7.2045717
7.198939
6.8946376
7.1456637
7.285034
7.214945
7.18039
7.1903687
7.2219014
7.0842924
7.2787523
7.461212
7.2996225
7.3470774
7.334878
7.2516265
7.4111176
7.562929
7.238182
7.414886
7.379905
7.461579
7.1681685
7.387059
7.4742894
7.2105722
7.400641
7.0926943
7.2982903
7.2424746
7.1140566
7.238614
7.4234314
7.225811
6.9695287
7.27741
7.1752954
7.069743
7.024984
7.069898
6.848375
7.0679307
6.9176483
6.945851
6.91378
6.8493657
6.6752405
6.8352075
6.7847323
6.6673765
6.852968
6.908759
6.822324
6.8256955
6.6718616
6.895079
7.0389867
6.9423394
6.895693
6.9024115
6.7002788
6.9331427
6.9757576
6.8877254
6.933169
6.7963405
7.045502
6.905897
7.0414257
6.802535
7.034432
6.9754896
6.8580446
6.9868526
6.8923764
7.0447135
7.052372
7.0256968
7.0992293
6.929252
7.1801386
6.9961505
7.2298813
7.1912327
7.043307
7.12803
7.067063
7.081236
7.3984585
7.0413494
7.394638
7.085925
7.394379
7.3293343
7.369886
7.4510126
7.184352
7.3205814
7.29696
7.224059
7.314758
7.227781
7.147295
7.1639557
7.219093
7.1032495
7.0997725
7.137274
7.1497293
7.216674
7.2247286
7.150959
7.2114964
7.0298996
7.118914
6.9387836
7.1144223
6.9217253
7.051463
6.9409704
6.9824176
6.864597
6.8616996
6.8134427
6.645631
6.711896
6.7460012
6.8812957
6.91623
6.884622
6.7420306
6.8368616
7.0856943
6.868598
7.175079
7.16279
7.1122074
7.1094255
6.847866
6.5628257
6.4609733
6.637058
6.6050377
6.1914034
6.006914
5.75697
5.2556267
5.391477
4.853677
4.613301
4.472682
3.987002
3.595201
3.1674864
2.9371786
2.8072577
2.46658
2.2665524
2.0079727
2.120836
1.9811039
2.1409974
2.519522
2.1580665
1.8837074
2.0999367
2.0422256
1.888117
2.2573755
2.365014
2.4885714
2.447071
2.6647453
3.0514324
2.6678305
2.1289155
2.2810106
2.5350218
3.036986
2.4710855
2.056808
2.4594643
2.7903903
2.1908505
2.4850223
2.8543563
2.8339949
2.5737994
2.402238
2.7373383
2.9946918
2.9727163
1.9869689
2.7236753
2.7781477
2.3214934
2.3109612
2.5503063
2.3411553
2.5140843
2.750229
2.820178
2.3111637
2.6219862
2.1370904
2.0934181
2.4048896
2.4987743
2.3325229
2.4737396
2.1791003
2.2170138
2.379679
2.6865191
2.3966737
2.4835725
2.2408469
2.413995
2.1880448
2.51248
2.3985555
2.4435194
2.3869708
2.588854
2.4308789
2.115896
2.8415515
2.5420122
2.8084502
3.1411383
2.9736643
3.1911364
3.1719074
3.2909918
2.9460618
3.091823
2.9509132
3.271308
3.1347353
3.0166967
2.836862
3.1653326
3.2422194
3.2899623
3.156453
3.051286
3.288481
3.0700133
3.369073
3.1043396
2.9924715
3.2533476
2.9306169
3.1546571
3.0942006
3.219945
3.0745983
3.1411192
3.2102556
3.1929674
2.9370382
3.0303006
2.8096921
3.0519903
2.6869307
2.8013704
2.8248765
2.9091666
2.6820812
3.0108316
2.863022
2.4909909
2.8336499
2.7824876
2.9096007
2.8394773
3.1493359
2.7593725
2.8545003
2.8125415
2.5462556
2.7310402
2.8377562
2.7656531
2.4915
2.6019073
2.6217692
2.4848201
2.4924898
2.3111143
2.2593818
2.273211
2.1830018
2.0589118
1.9242857
2.0062885
2.0932717
2.149625
2.149945
2.344459
2.231977
2.1715472
2.1968062
2.2615712
2.3802214
2.677864
2.6945918
2.7524524
2.68312
2.638942
2.8631744
2.713832
2.6828141
2.7065325
2.5996485
2.7310092
2.7302787
2.9924448
2.9627962
2.8017108
2.8342197
2.9173474
3.1068685
2.866723
2.8279066
2.8596945
2.8773718
2.7962914
2.8576045
2.8903308
3.2350745
2.926
2.7087176
2.6519744
2.5324965
2.5902708
2.6498315
2.653213
2.8515165
2.8869903
3.0065875
3.1978233
3.4062092
3.6636605
3.582011
3.7942653
3.5752485
3.5989559
3.5946012
3.565063
3.714338
3.5150254
3.6168542
3.6453564
3.6550806
3.648345
3.7980757
4.0971003
4.142295
4.0797544
4.2116513
4.206571
4.208241
4.121425
3.8797023
3.9474967
4.2071037
4.0491047
4.015719
4.0314484
3.773221
3.7306724
3.8790843
3.3891885
3.5569334
3.7256665
3.3870986
3.4236946
3.2777843
3.2806354
3.3150496
3.3257961
3.2004912
3.2568464
3.0507827
3.034499
3.1627843
3.1550047
3.0428674
3.2292829
3.1483097
3.05655
3.2213717
3.1615217
3.3902936
3.3551412
3.4633453
3.6153035
3.5442781
3.4731998
3.4720685
3.628669
3.7151349
3.6984208
3.7868602
3.5859878
3.6141841
3.6330564
3.5737946
3.4611886
3.3412182
3.533272
3.407314
3.3095253
3.5056782
3.391915
3.444487
3.5341644
3.5887446
3.3891418
3.3697436
3.5283046
3.4106982
3.3481104
3.3151588
3.5103378
3.563949
3.2606049
3.3157785
3.4184647
3.4910872
3.4583204
3.1201146
3.3602052
3.1934373
3.3016512
3.1833835
3.3770971
3.2325284
3.3837457
3.3270965
3.390759
3.3787253
3.5140975
3.3546026
3.3750286
3.209424
3.3125498
3.1767702
3.306432
3.2794998
3.2707188
3.0993016
3.2470028
3.056318
3.1146703
3.1044989
3.1768231
3.0966365
3.2360005
3.042417
3.2472632
3.3087986
3.3846412
3.3409708
3.4248223
3.3814332
3.3847175
3.2776039
3.3850262
3.2557588
3.3641233
3.3563216
3.3107188
3.2676067
3.3358912
3.325818
3.3543305
3.2903259
3.2096534
3.3311043
3.3139486
3.2978876
3.364557
3.3494813
3.3856647
3.3770595
3.291008
3.1050968
2.9943159
3.137332
3.1566744
3.0746007
3.3190048
3.2176557
3.3468022
3.2260885
3.3158877
3.3297002
3.4566438
3.4222038
3.5956435
3.5253177
3.551324
3.6288543
3.4625778
3.622566
3.5853863
3.5958652
3.6072106
3.727981
3.7188787
3.603803
3.5532017
3.4342046
3.3567488
3.3367057
3.3200045
3.165071
2.953034
2.7630496
2.6161792
2.6315033
2.7850964
2.9148383
2.9850395
2.9385161
3.2427325
3.1382055
3.1891212
3.1394103
3.1691308
3.3694713
3.3368137
3.4124951
3.4164581
3.5184195
3.539272
3.432189
3.4715245
3.5114794
3.498437
3.602928
3.517043
3.6855695
3.860093
3.850019
3.8602724
3.8863006
3.9221244
3.5969405
3.5898595
3.470368
3.2472706
3.0704134
3.143691
3.4661798
3.4646678
3.5891788
3.7506135
3.6934628
3.7452693
3.8182814
3.4536905
3.60907
3.6751869
3.5078063
3.7481263
3.6349647
3.7101676
3.6344001
3.540796
3.7150908
3.7810674
3.8036742
3.621566
3.7288861
3.766642
3.7623856
3.7823806
3.7796311
3.6090724
3.6935081
3.7650826
3.621656
3.6132936
3.7547262
3.557376
3.4932902
3.5790572
3.514684
3.6152527
3.5127463
3.4328287
3.5043468
3.4581845
3.4462764
3.428716
3.2662997
3.3645477
3.2629411
3.30177
3.3495855
3.2857015
3.2437682
3.2320921
3.232712
3.2426643
3.3820372
3.3883495
3.4748569
3.449122
3.5076828
3.600946
3.576521
3.5792441
3.6834273
3.545827
3.57319
3.479941
3.4239278
3.5034254
3.4255688
3.349753
3.4417765
3.4007952
3.4191203
3.377026
3.458364
3.490272
3.336147
3.4569964
3.5467803
3.4945247
3.523913
3.4781215
3.4109871
3.519552
3.5130916
3.5769477
3.6811996
3.6270323
3.604525
3.7351952
3.7784934
3.7715263
3.7158754
3.8532996
3.672211
3.6829228
3.6916344
3.6291723
3.568262
3.6081178
3.5439095
3.4655862
3.4793959
3.565276
3.6019983
3.7000399
3.5935028
3.658987
3.772926
3.7922807
3.764337
3.8328092
3.7237446
3.734341
3.7065918
3.7270637
3.8268733
3.820268
3.6990473
3.7305293
3.6872425
3.729168
3.7090528
3.623413
3.5608091
3.5731337
3.4526422
3.5298767
3.4112868
3.4083235
3.4359949
3.4821923
3.2480967
3.4311104
3.437261
3.3496246
3.4939246
3.3898568
3.3358672
3.414912
3.5807152
3.5534256
3.5937178
3.6444871
3.793822
3.9555664
4.0066195
3.954746
3.992268
3.9885635
3.826528
3.9592216
3.797865
3.7161303
3.7175145
3.6057863
3.505651
3.4900444
3.4486506
3.6899436
3.6192865
3.5998678
3.502718
3.5553803
3.317883
3.425241
3.5425894
3.5241392
3.4129868
3.6041484
3.3519201
3.4198456
3.6087854
3.324165
3.4372315
3.4105747
3.4261544
3.5472186
3.6247735
3.6787863
3.7664342
3.8963735
3.6859317
3.7207475
3.8396387
3.7729797
3.8425264
3.5917785
3.6553226
3.6363547
3.743843
3.7342448
3.697368
3.6661475
3.8628397
3.765577
3.7623963
3.755145
3.751444
3.6446376
3.6987162
3.5408957
3.613502
3.4388697
3.3939216
3.3841264
3.368916
3.3552196
3.2598834
3.3452294
3.3376694
3.4006114
3.3967035
3.1961348
3.3850136
3.3746333
3.4746566
3.5314167
3.5329952
3.6354144
3.7646055
3.6863449
3.910347
3.670089
3.7357988
3.7650018
3.769547
3.544424
3.4570181
3.4501085
3.4304204
3.2833817
3.2139053
3.0221953
3.2457526
3.3862572
3.444817
3.464653
3.4288194
3.4027288
3.4536064
3.412283
3.3824623
3.3392155
3.2960548
3.2390616
3.3812442
3.4342568
3.5067675
3.3928409
3.2859535
3.195991
3.1830645
3.0295937
3.040163
2.9561858
2.9329724
2.949628
2.8404186
2.8917334
2.923469
2.9195085
2.9597301
2.9340796
2.9728189
2.8737953
2.8714705
2.8090112
2.7478027
2.543043
2.5506012
2.5609286
2.6587489
2.5546482
2.7038631
2.694522
2.7770627
2.886421
3.2783086
3.0332484
2.8718011
2.7284017
2.8353686
2.9770508
3.0466273
3.0226953
2.9869235
2.9057007
2.8511243
2.9025412
2.756746
2.9620967
3.0532067
3.0679696
3.122875
3.0940933
3.2939513
3.3226764
3.249671
3.0992832
2.9729824
2.8149714
2.8542323
2.8413863
2.5962756
2.6222796
2.4662192
2.538391
2.5175579
2.381739
2.6411865
2.7423964
2.7612476
2.9228604
2.8131795
2.7653277
2.8142154
2.8915572
2.4993143
2.6176333
2.7127876
2.6890395
2.520868
2.609458
2.7128935
2.7400806
2.723853
2.7601926
2.7392936
2.845621
2.826666
2.8791099
2.911608
3.0937016
3.0521832
2.9535728
2.916655
2.8939273
2.7284465
2.5611115
2.612391
2.5090075
2.3151138
2.440304
2.2966752
2.315466
2.120009
2.1411655
2.3406134
2.458442
2.4425085
2.4045146
2.3856802
2.585603
2.4816327
2.642088
2.4940674
2.4959075
2.4688783
2.498808
2.384695
2.4525435
2.4510436
2.472541
2.4581575
2.284236
2.3297365
2.4620028
2.3678732
2.4353702
2.4553292
2.5262725
2.4878678
2.422718
2.5775273
2.5174735
2.5471892
2.6025405
2.6491172
2.658501
2.6985126
2.655233
2.6526873
2.6527865
2.4316266
2.23701
2.318681
2.2686956
2.2469466
2.3096342
2.2054121
2.159781
2.2453585
2.0242598
2.259622
2.268869
2.4708402
2.6481752
2.553105
2.7137103
2.6944604
2.691443
2.6023786
2.5598023
2.6322706
2.639248
2.6210628
2.5818114
2.6372612
2.4082873
2.3221788
2.1917548
2.2123308
2.2918417
2.4115262
2.1832888
2.2365599
2.1394765
2.1202843
2.0997674
2.1254811
2.1830127
2.2555058
2.3968217
2.3827083
2.46439
2.5366604
2.5002663
2.5525286
2.606601
2.5760345
2.6605608
2.6951993
2.790159
2.7000577
2.6650445
2.7428024
2.9044821
2.8891985
2.9113812
2.903751
2.950395
3.039795
2.9286695
3.1482253
2.9266326
3.1031077
2.9781113
3.0441267
3.2772267
3.3540316
3.6693559
3.8566592
3.915064
4.0546584
3.979543
4.0854597
4.158259
4.2418094
4.4137616
4.5246205
4.3098917
4.473997
4.525178
4.55979
4.5048704
4.5439644
4.298532
4.2336154
4.2616124
4.391809
4.002063
3.9440227
3.9025347
4.0363903
3.6978962
3.9482439
3.866452
3.8804483
3.7083013
3.4552546
3.2641397
2.942815
2.7424002
2.4263735
2.4044063
2.331251
2.4001946
2.3235075
2.3620965
2.4877803
2.5141335
2.5790186
2.6050918
2.7699566
2.7775443
2.6832235
2.7262175
2.8474944
2.7368884
2.892724
2.8531437
2.8028567
2.7946734
2.684537
2.7608218
2.7550995
2.6666718
2.534631
2.5244837
2.5325904
2.8169541
2.7422075
2.7962902
3.105672
3.2802684
3.347154
3.350366
3.1893654
3.1491792
2.8803222
2.737914
2.567668
2.4535935
2.4206138
2.1615553
1.970437
1.8747602
2.01439
2.0814602
2.1492083
2.3086119
2.0977986
1.8220462
2.0323007
2.0315757
2.251821
2.5055258
2.882535
3.28132
3.291144
3.5384514
3.5180066
3.547258
3.126295
2.9078755
2.4687128
2.0584533
2.1774802
2.3040218
2.4880369
2.4649916
2.609828
2.610934
2.7555315
2.7890577
2.9328253
2.8387244
2.9664447
3.0957136
3.1647124
3.2838056
3.2791433
3.0050516
2.70396
2.6084042
2.6865914
3.0695212
3.2783072
3.413544
3.396179
3.4033358
3.2527428
3.276644
3.2980235
3.4144437
3.3452015
3.245623
3.1831205
3.2127638
3.1806881
3.12793
3.0444655
3.2094066
3.1018589
3.105162
2.8836417
2.7990897
2.8527217
3.0309002
2.8207293
2.8127093
2.7862315
2.6948755
2.5848875
2.490679
2.5675662
2.7027988
2.7825177
2.8449023
2.913277
3.0002747
3.0428455
3.0144722
3.147025
3.145534
3.052585
3.1725185
3.1056373
3.3833146
3.2570548
3.335112
3.2790055
3.309648
3.2445745
3.2529008
3.1870158
3.3350828
3.2267864
3.2911782
3.172509
3.0844588
3.1232126
2.9646866
2.7472055
2.5548475
2.355852
2.2152345
2.0510602
2.0821943
1.9061007
1.9126748
1.764387
1.5533459
1.773832
1.851922
1.9368567
1.9635872
1.6821464
1.9021075
2.0867696
2.2191935
2.248044
2.3382857
2.2515736
2.152509
2.1537397
2.079225
2.0666094
2.015421
1.9891518
1.9065951
1.8537387
1.7591369
1.7267861
1.7480088
1.638398
1.7474202
1.6050527
1.318009
1.4062779
1.4873495
1.5484143
1.5249517
1.6742224
1.658088
1.720734
1.7599683
1.7568475
1.9925098
1.8956946
1.7380853
1.8026575
1.695362
1.5091857
1.4707962
1.5368568
1.5906769
2.0677147
2.297062
2.2436683
2.2718387
2.186679
2.2304416
2.048079
2.0171504
2.070081
2.1472101
