10000
8.855925
8.894522
8.842512
8.898587
8.876266
8.818639
8.897623
8.863003
8.824477
8.865965
9.019688
9.002464
9.009519
9.023256
9.070306
8.941676
8.815331
8.837641
8.878685
8.887012
8.89477
8.971702
9.032063
9.059419
9.0974
9.073157
9.134813
9.136303
9.157341
9.156444
9.135529
9.143045
9.054917
9.007448
8.942007
8.964034
8.935296
9.023968
9.00778
9.04377
9.060867
9.128103
9.135676
9.127192
9.068688
9.139687
9.132026
9.06319
9.007679
8.935916
8.90552
8.902407
8.962897
9.05513
9.091387
9.189315
9.191882
9.193496
9.202212
9.152608
9.094902
9.039874
8.9852295
8.968887
8.978762
9.048559
9.022432
9.0541525
9.029931
9.042386
9.002441
9.062552
9.02754
9.062149
9.04587
8.999342
8.993869
8.949216
8.966642
8.931801
8.784878
8.762955
8.7700615
8.805954
8.760654
8.783473
8.860563
8.82933
8.874748
8.789043
8.877847
8.873372
8.934473
8.881399
8.913094
8.911775
8.921003
8.942304
8.851841
8.837885
8.839083
8.810007
8.795844
8.819386
8.821524
8.81052
8.814131
8.868125
8.783412
8.867227
8.827831
8.930559
8.887432
8.870677
8.860879
8.851772
8.871677
8.858451
8.920183
8.942293
8.813359
8.876251
8.816049
8.839981
8.915874
8.827238
8.840492
8.835609
8.828819
8.899776
8.851951
8.9405365
8.922427
8.918554
8.873632
8.837209
8.853264
8.810194
8.868844
8.891921
8.970707
8.925608
8.89366
8.827148
8.850313
8.750453
8.778215
8.734157
8.719488
8.70932
8.698684
8.759759
8.669928
8.800426
8.712626
8.771016
8.724002
8.685224
8.606507
8.546899
8.493783
8.4119
8.416206
8.420818
8.610739
8.564964
8.521005
8.507247
8.448598
8.350358
8.282508
8.249126
8.124141
8.148713
8.001355
8.026135
7.896625
7.8699255
7.757572
7.6591473
7.3286214
7.1149373
6.784612
6.4439735
6.031232
5.4215617
4.9192905
4.40752
4.360299
4.5124474
4.698307
5.128105
5.32252
5.5718374
5.6679893
5.8242445
6.219268
6.443817
6.6429586
6.8984604
6.9582543
7.143725
7.292517
7.3628364
7.5405264
7.544252
7.479253
7.4819317
7.622674
7.66722
7.857447
8.070494
8.109886
8.038745
8.104226
8.14044
8.069603
8.074015
7.9273453
8.003807
7.8789973
7.9084516
7.9263344
7.9384475
7.91153
7.9737043
7.9825172
7.9958677
7.9743953
8.026899
7.9564652
8.104603
7.947204
8.071242
8.001001
8.005407
7.9766607
8.066349
8.088207
8.053691
8.025608
7.99541
8.107663
8.072361
8.101861
7.998183
8.042216
7.978229
7.9795513
7.9951572
8.003101
8.015849
7.9501967
8.07153
8.103015
8.092514
8.096938
8.108939
8.110271
8.108076
8.245991
8.237891
8.238506
8.260468
8.2543745
8.266086
8.272633
8.261518
8.279913
8.251525
8.300958
8.3553
8.347105
8.350718
8.313888
8.350556
8.320014
8.354021
8.310337
8.325334
8.316654
8.317632
8.333616
8.342085
8.3323
8.3628235
8.358388
8.396642
8.312083
8.378988
8.421546
8.466295
8.535155
8.483926
8.503574
8.426226
8.351435
8.282132
8.374681
8.380856
8.467222
8.454294
8.487368
8.476199
8.4934635
8.503545
8.480709
8.474652
8.468167
8.45257
8.457873
8.483736
8.4812355
8.44988
8.47988
8.473792
8.449305
8.438095
8.43366
8.39584
8.351042
8.297236
8.275702
8.277517
8.250803
8.337872
8.309273
8.382882
8.316435
8.382719
8.334608
8.399707
8.423463
8.377552
8.453181
8.412008
8.489692
8.389006
8.415692
8.380858
8.3758955
8.36587
8.38017
8.375167
8.408758
8.415041
8.397668
8.437926
8.34514
8.278355
8.398332
8.329412
8.330005
8.255625
8.274432
8.245147
8.266266
8.2884
8.276444
8.305453
8.277042
8.2573
8.272471
8.253806
8.289535
8.284339
8.260363
8.232658
8.23317
8.373134
8.440319
8.514791
8.522304
8.47866
8.472455
8.505042
8.4317465
8.463401
8.452885
8.459425
8.469259
8.417674
8.461772
8.327649
8.386108
8.285405
8.274441
8.25612
8.259669
8.240879
8.246053
8.235369
8.2216425
8.259074
8.204038
8.307554
8.186564
8.295067
8.1944475
8.259965
8.227953
8.25552
8.214087
8.263325
8.187183
8.306013
8.170117
8.320061
8.26717
8.400265
8.256271
8.347918
8.271468
8.2963505
8.281218
8.312699
8.298525
8.424083
8.334824
8.376486
8.349461
8.488115
8.357441
8.491147
8.359103
8.410155
8.239455
8.234944
8.044789
8.1934
8.12415
8.314503
8.4069
8.535477
8.445681
8.551667
8.453596
8.556347
8.448183
8.5521965
8.40363
8.384777
8.146416
8.185316
8.0859995
8.161761
8.119447
8.241144
8.171568
8.3479395
8.210203
8.363776
8.184158
8.22152
7.975302
8.038959
8.013893
8.100597
7.942539
8.028812
7.9474173
7.850626
7.968358
8.009403
7.9185057
7.9238834
7.917539
7.9704275
7.8928475
8.011991
8.002464
8.048204
8.003696
8.0125885
7.9837966
8.130899
8.074685
8.167569
8.221116
8.201483
8.122106
8.07916
8.103344
8.123568
8.085463
8.036472
8.121899
8.159696
8.157804
8.121778
8.091701
8.179125
8.242824
8.156977
8.274894
7.9132557
7.861063
7.6440744
7.478136
7.5015993
7.3609285
7.0942545
7.124117
7.0982604
7.029148
7.0264807
6.968832
6.827388
6.6628833
6.331012
6.249215
6.390168
6.2112403
6.0578322
5.7936215
5.513906
5.2180185
5.2349524
5.0526576
4.8520966
5.140875
4.6752167
4.6127634
5.0102825
5.2123604
5.7571034
5.4742975
5.2522807
5.1220536
5.0554132
5.495319
5.467787
5.425146
5.0002446
4.4940023
4.835819
5.337043
5.401102
5.0775
5.3170958
4.7859745
4.722522
4.9699407
5.034968
4.9921856
4.7791595
3.9887428
4.3111486
4.3184505
3.9966023
4.303238
5.1479435
5.2632003
6.1559105
6.6343107
6.8254337
7.357348
7.0335584
6.454779
6.063093
5.405257
5.1582813
5.0538797
6.3571873
6.990412
7.9891915
7.5137653
6.8259883
7.2497053
5.9002886
6.72713
6.6655517
7.3600674
7.375997
6.8887167
6.9654484
7.2056704
6.6461997
6.827302
7.1376433
7.6894712
8.04838
7.737457
7.7923064
7.821456
7.6080775
6.4934087
7.301572
7.5671935
7.4679585
7.6199017
7.241001
6.8633018
5.984109
4.6449294
3.6776016
4.219533
3.6134977
3.030921
3.6480591
3.45207
3.3242428
3.3541222
3.2945251
3.3873174
3.5735579
3.7131
3.5840538
3.3743124
3.6686702
3.5683439
3.554715
3.9489129
4.062727
3.9283073
4.045682
4.1488667
4.1701593
3.8991733
3.6154804
3.6292303
3.3403344
3.2625449
3.2375073
3.2724001
3.173679
3.3029928
3.1983113
3.2150297
3.398878
3.472388
3.577411
3.5405664
3.1212187
3.0881164
2.7676854
2.8526924
2.9591289
2.8129382
2.7222757
2.7622616
2.7523613
2.8410628
2.78763
2.9428625
3.1840274
2.9750276
2.307113
2.12747
2.4770083
2.6783106
2.8426812
2.7233388
2.9381137
2.8024297
2.9682367
3.4153042
3.7922885
4.023238
4.098069
4.036901
3.9358265
3.6034293
3.3836906
3.454987
3.381465
3.37718
3.3104644
3.403798
3.19758
3.3503017
3.4532957
3.5162246
3.7394257
3.6938674
3.8435693
3.8548546
3.7536483
4.017176
3.9135442
3.504009
3.420582
3.39586
3.4166665
3.1682127
3.1463525
3.2797012
3.1756082
3.1108353
3.1386857
3.1048884
3.1113837
3.1552322
3.1287644
3.1446707
3.183274
3.0976317
3.1943994
3.1216214
3.1185782
3.1674244
3.0341477
3.2486172
3.1963835
3.1537938
3.0633736
3.0777802
3.261687
3.078388
3.1022286
2.975325
3.0015376
2.900276
3.0798082
2.9332485
3.0079756
2.9293094
2.871482
2.8823752
3.0053196
2.8820941
2.6542702
2.7339396
2.872627
3.1346254
2.7384896
2.6160493
2.7013435
2.9417253
2.7733307
4.4287596
3.3061311
2.1794639
2.128238
2.448693
2.9046624
2.8722892
3.0289614
2.4568188
2.4367177
2.8490963
2.8343012
2.4896677
2.31097
2.3663087
2.5409746
2.684097
2.869883
3.10256
3.2666209
3.1539364
3.0298517
2.7638998
2.246369
2.0670986
2.1663847
2.0170188
2.302092
2.0941427
2.236803
2.2364028
2.1977239
2.2015464
2.1374424
2.1984558
2.120104
2.1277187
2.2737927
2.2548704
2.229821
2.1490138
2.0349774
1.9183273
1.8912905
1.7611125
1.7984927
1.9630777
1.9607856
2.0146677
2.0671058
2.0103009
2.0267003
2.078852
2.2204278
2.2302604
2.276922
2.1503513
2.226925
2.360845
2.3449593
2.4358582
2.4551861
2.4634638
2.5048025
2.3574162
2.516119
2.4948223
2.503707
2.3704371
2.5503237
2.353526
2.5385249
2.3882535
2.4344451
2.5067415
2.3513374
2.4367669
2.3038669
2.4334967
2.4019847
2.413045
2.2494617
2.2510526
2.1521444
2.2140348
2.1211207
2.159836
2.0329213
2.1493824
2.0090137
2.1187801
1.9296198
2.017541
1.9868429
1.9283912
1.9357822
1.8898504
1.8897398
1.8719609
1.9769706
1.9822822
2.0178769
2.1071105
2.0202992
2.156552
2.0650272
2.1156752
2.014416
2.0635645
2.059398
2.0637357
2.0075839
2.071724
1.9020981
1.9843829
1.8955518
2.0292354
1.9693815
1.92002
1.9905443
1.9374304
1.962652
1.8757445
1.9749986
1.9222385
2.0108542
1.9310099
1.9924232
1.9199595
2.0023994
1.9737134
1.9302636
1.9383087
1.9669414
1.967591
1.9185597
1.935555
1.9100958
1.9662418
1.9963012
1.9527683
2.0061677
1.9574976
1.9372458
1.892778
1.9958237
1.9419769
1.9936328
1.9298625
1.9737121
1.9638697
1.9412535
1.9206855
1.9825734
1.903293
2.0037436
1.9949399
1.9789702
1.9651896
1.9310545
1.9555596
1.9562161
1.995585
1.9801692
1.9761697
1.9952654
2.013944
1.9706423
1.9973748
2.028114
1.9918975
2.0745463
2.0220013
2.0320463
2.0306835
1.9803016
2.059338
1.9519095
2.0555766
2.0966597
2.0071273
2.03068
2.1200314
2.012307
2.1364033
2.0520577
2.1941123
2.049454
2.1505506
2.0883443
2.2078147
2.1207836
2.1738667
2.2158341
2.2110236
2.148727
2.2894123
2.226441
2.2769911
2.2990255
2.217055
2.297849
2.2261004
2.324457
2.3696225
2.208886
2.3094592
2.2094443
2.3110607
2.3191404
2.3060985
2.3364103
2.2600842
2.3574865
2.360809
2.3144803
2.1940079
2.392075
2.1794014
2.3921287
2.364566
2.3395476
2.3300302
2.3534882
2.27689
2.386089
2.3905659
2.4767997
2.354764
2.545196
2.456595
2.4244182
2.439566
2.3681924
2.3032353
2.3428118
2.2797465
2.2299414
2.2793572
2.249526
2.1733668
2.201838
2.1614575
2.200118
2.169302
2.235761
2.259251
2.098644
2.0779026
2.2006633
2.1874323
2.2817588
2.2533243
2.4740577
2.5369694
2.8318
2.8332226
3.1073055
3.141763
3.298444
3.2892518
3.3703518
3.412087
3.2511377
3.199517
3.4554143
3.9267855
3.783215
3.1471899
2.949349
2.804939
2.7000637
2.5190458
2.3310704
2.3080583
2.6025772
3.692926
4.0988593
4.6298165
4.835891
4.8902802
4.843215
4.5658755
4.6662207
4.3479724
3.637004
3.2987278
3.6071568
3.6305974
3.870778
4.095788
4.095639
4.115184
3.9689066
3.584176
3.6764846
3.3487902
3.6129203
3.9745936
3.4255435
2.841027
2.7553332
2.6900795
1.3311529
2.5064065
2.404534
2.5454664
2.4162529
2.596618
2.8384905
2.8123817
2.8097281
2.9778697
2.849642
2.8506117
2.8822958
2.9779723
3.0675135
3.0325952
2.9399724
3.0049412
2.9358182
3.0961704
3.086613
3.1180778
3.1611898
3.1386569
3.1564348
3.1379714
3.2638602
3.1785092
3.1041284
3.1549811
3.1601474
3.1792367
3.2477803
3.329242
3.223186
3.13411
3.3243926
3.3202481
3.2876098
3.3433208
3.3494396
3.377934
3.3822563
3.401209
3.2860584
3.1160452
3.1153305
3.2582004
3.2343
3.2365055
3.2966793
3.352043
3.243099
3.4241617
3.3947587
3.390941
3.3483353
3.4072695
3.39249
3.4543216
3.4181433
3.4693005
3.3165617
3.4129908
3.3113036
3.409679
3.3873606
3.379687
3.305229
3.4283733
3.310913
3.4154916
3.2209985
3.2961884
3.1811638
3.2155917
3.2186117
3.2191415
3.1846454
3.189295
3.2106676
3.2554812
3.3136718
3.2769835
3.2612865
3.3285635
3.202646
3.239092
3.2557719
3.1702752
3.1909685
3.2408721
3.2597497
3.4018798
3.3062346
3.181151
3.2684925
3.3704145
3.3394654
3.3335786
3.3263865
3.2821133
3.3496065
3.3375084
3.3272862
3.2694166
3.133726
3.3456495
3.2597919
3.3346293
3.245031
3.3594007
3.3375494
3.3526876
3.3662093
3.314642
3.2901185
3.3078556
3.1720142
3.3287551
3.229752
3.2335136
3.2303088
3.3634927
3.3699198
3.4033792
3.3347387
3.4020658
3.322978
3.2524674
3.2993016
3.317804
3.2345312
3.2466412
3.2549005
3.266639
3.2220871
3.228675
3.231736
3.2012289
3.187597
3.2085016
3.2560585
3.2348516
3.2385657
3.2475533
3.1144958
3.2285066
3.2076461
3.0251448
3.2677228
3.2474556
3.2251961
3.2209728
3.2290978
3.2186341
3.2055652
3.1726265
3.2012165
3.1620052
3.1664908
3.206795
3.2235198
3.2021632
3.1172101
3.2084846
3.121039
3.2555783
3.2613459
3.1266258
3.2366045
3.0943825
3.2114925
3.2605164
3.3164468
3.2860599
3.3478982
3.34295
3.358909
3.3450305
3.3665829
3.347582
3.3896236
3.3379111
3.3537009
3.3656611
3.4302673
3.4270701
3.2904444
3.240801
3.2776027
3.2703056
3.3636518
3.2531264
3.2933042
3.1645257
3.272628
3.334675
3.3647287
3.2886922
3.2097325
3.277272
3.2339592
3.285945
3.12334
3.162015
3.287848
3.2599387
3.2102952
3.2300494
3.2272053
3.159894
3.1943982
3.0874584
3.17069
3.2459006
3.293891
3.2432504
3.3043025
3.3058374
3.2565687
3.1267915
3.168745
3.6222787
4.4089
3.6441627
4.057054
4.0375886
4.097715
4.538899
5.006699
4.636779
4.6994205
4.230075
3.929692
3.8257115
3.6503208
3.7405088
3.5200093
3.4347503
3.787295
3.8464575
3.7971568
4.070268
4.161365
4.4388466
4.335936
3.7549078
4.1568317
3.8791676
4.2054105
3.8594418
3.9012861
4.020695
3.8197906
2.9466646
3.0170405
3.7547443
4.8021464
5.254548
3.8888206
3.987099
4.299621
3.7049346
3.4323833
3.1959665
3.2178814
3.180063
2.633693
2.6206052
3.1050122
3.2239797
3.2404518
3.4700499
3.520885
3.4077342
3.3722453
3.5017335
3.3865063
3.3757353
3.4442265
3.3700333
3.4055018
3.271916
3.3420153
3.402196
3.4531846
3.501805
3.4548955
3.6110182
3.4388785
3.538726
3.471385
3.565319
3.3591425
3.6116607
3.6035864
3.564146
3.5346937
3.563301
3.192469
3.3231637
3.3190932
3.219036
3.1542833
3.2952876
3.8999228
3.83127
2.78145
2.879529
2.6697793
2.6104753
2.6565433
2.5318658
2.3239686
2.285685
4.1358795
4.5209107
4.42821
4.572301
4.6610227
4.6981454
4.536257
4.477096
4.4055953
4.4886656
4.6719003
4.5593367
4.6064467
4.471965
4.5291686
4.3190064
4.3286304
4.376918
4.4521675
4.421359
4.540518
4.5443616
4.56141
4.6194835
4.6210546
4.603523
4.6342435
4.6127925
4.647498
4.663859
4.598826
4.643923
4.5806828
4.630612
4.5722203
4.5960836
4.6556544
4.610769
4.6054564
4.6694613
4.636356
4.7682495
4.679871
4.705273
4.6870594
4.7780447
4.7421136
4.6633744
4.7563133
4.6739936
4.7510004
4.7491646
4.743507
4.716666
4.6932096
4.742194
4.7578187
4.742235
4.7636695
4.7714624
4.7608933
4.735782
4.7160606
4.744405
4.784141
4.7731967
4.743657
4.787587
4.7821755
4.818283
4.7560763
4.68912
4.741584
4.777624
4.771037
4.723836
4.793229
4.786605
4.7847376
4.7702384
4.839891
4.8351784
4.8963966
5.0303364
4.988772
4.9588547
4.903267
4.9219933
4.868468
4.8867598
4.845907
4.87027
4.866171
4.86702
4.966552
4.8242826
4.8840775
4.8341618
4.7411604
4.781351
4.783307
4.7869325
4.816352
4.8245497
4.8600063
4.853491
4.864521
4.8738976
4.9028597
4.92195
4.906823
4.8959675
4.892643
4.885122
4.8689423
4.807245
4.796495
4.8373923
4.755879
4.8180957
4.8784876
4.8540525
4.847785
4.851473
4.857663
4.839298
4.8065915
4.831837
4.748289
4.7675586
4.7552743
4.823489
4.7809057
4.833559
4.8329477
4.7564607
4.8120832
5.0611815
5.1508465
5.2233624
5.345896
5.4578667
5.4501085
5.493222
5.4212027
5.4362407
5.428247
5.4696217
5.4178367
5.54642
5.547682
5.4915423
5.5102825
5.493931
5.5326443
5.5447254
5.5837245
5.565236
5.4703693
5.4997945
5.462931
5.5410566
5.614974
5.6708736
5.6606593
5.6192517
5.5826344
5.5846004
5.635229
5.6121182
5.6313233
5.650421
5.566142
5.6186314
5.6760335
5.5914526
5.6683707
5.664617
5.6902437
5.5964394
5.5844455
5.667259
5.558002
5.587489
5.6391187
5.682811
5.7230496
5.694591
5.698555
5.8833117
5.704867
5.7619543
5.8142185
5.877752
5.858012
5.8627076
5.8017216
5.941516
5.8381324
5.917836
5.7324705
6.016032
5.788273
5.799302
5.8211303
5.7156534
5.94738
5.8008776
5.8096943
5.721778
5.794197
5.7593327
5.849725
5.64541
5.7846527
5.8099165
5.6929245
5.708061
5.736722
5.7010393
5.7139893
5.7635155
5.783184
5.7289476
5.798216
5.7910414
5.7695913
5.7050056
5.777767
5.7036057
5.783842
5.764555
5.7605615
5.7651777
5.794261
5.696803
5.804583
5.7704334
5.887825
5.980905
5.9172993
5.8808627
5.575609
5.6996727
5.618003
5.5586243
5.3410974
5.4899125
5.707093
5.2357154
4.4421697
2.8400035
2.6690726
3.0342917
3.1822674
3.7944133
3.5363572
2.4017224
2.519959
2.1590874
2.2424731
2.1234398
2.4501414
2.625807
3.048833
3.530889
3.6900754
3.7459242
3.8148491
3.7464418
3.491782
3.576233
3.3812373
3.437803
3.265618
3.4305007
3.3668604
3.6066184
3.5448205
3.5820405
3.7297778
3.6026607
3.4572794
3.2398026
2.8797872
2.3842556
2.3617144
2.5186756
2.4970171
2.679373
4.702535
5.5745687
5.9079995
4.5299864
2.7859623
3.0299745
3.1928775
3.8480315
3.855823
1.6114326
1.0935092
1.2907709
2.200513
1.9877055
2.146795
0.56815165
0.952279
0.89550173
0.7423753
1.1000656
1.5941254
1.4552656
1.5070126
1.3390884
