10000
5.1389556
5.139011
5.02818
5.2145824
5.151083
5.1871276
5.124645
5.1697946
5.173108
5.1061816
5.089721
5.1032467
5.155025
5.1046586
5.155289
5.140472
5.148159
5.2429047
5.2666445
5.2171073
5.1449237
5.0918493
5.268745
5.1767178
5.204055
5.261315
5.1942954
5.1827507
5.2407737
5.2120004
5.2830243
5.1913176
5.2131286
5.2388344
5.142761
5.244183
5.276556
5.170318
5.231492
5.1707354
5.1801414
5.190693
5.180417
5.2144866
5.1760674
5.190421
5.2544975
5.2149644
5.152479
5.2304506
5.218476
5.2346826
5.004692
4.9120617
4.8330007
4.7444777
4.906389
4.8945107
4.8713427
4.758808
4.9440603
4.8026743
4.701488
4.8115144
4.6389985
4.817724
4.7970915
4.8018217
4.8736258
4.8982058
4.823668
4.900008
4.76398
4.762514
4.7193484
4.7071056
4.652469
4.7328744
4.6753554
4.6451178
4.7622914
4.7531805
4.5894275
4.67192
4.637241
4.6863422
4.700204
4.6508446
4.657378
4.5705748
4.574928
4.552369
4.592049
4.6410847
4.7108464
4.758093
4.6024194
4.464509
4.6133056
4.6815076
4.632277
4.6066346
4.608031
4.5697813
4.600485
4.555613
4.60262
4.7241015
4.6342316
4.6515546
4.6046085
4.6334963
4.5638638
4.4983673
4.6172557
4.331437
4.353455
4.4622254
4.29801
4.2111855
4.2966437
4.0825768
4.116313
4.054765
4.056174
3.9241514
3.9459476
3.799697
3.7706382
3.746286
3.7736645
3.8100288
3.7388558
3.6844018
3.515631
3.5984695
3.5521553
3.673468
3.638462
3.5738153
3.6497827
3.5765045
3.6936455
3.633223
3.70628
3.6723273
3.6160269
3.5092409
3.4963293
3.4985776
3.49982
3.398189
3.4616072
3.5018213
3.4908373
3.4167624
3.3582273
3.321163
3.1527905
3.22425
3.0978408
3.2202632
3.1026626
3.0483165
3.0891933
3.0925534
2.9736936
2.9117916
2.7007413
2.6859474
2.5659986
2.4196477
2.30368
2.2550552
2.1116548
2.0622241
2.0545654
2.0127566
1.9975951
2.0416949
1.9665184
2.0453908
2.052388
1.9719476
1.9282073
1.9844306
2.0523279
2.097265
2.0476887
1.9841669
1.9453608
1.9435812
1.9989429
1.9914857
1.932183
1.9493787
1.77549
1.776495
1.8962888
1.7916768
1.7738384
1.6868063
1.7723053
1.6180867
1.4549963
1.2516371
1.1696054
1.109974
1.1855729
1.2110907
1.2812566
1.1068661
1.0191579
1.0928221
1.1713232
1.1343182
1.1429836
1.2441915
1.3319737
1.5082731
1.5851147
1.7640765
1.6741204
1.8376887
1.8270321
1.8543867
1.9690071
2.1407225
2.2832124
2.371982
2.5145364
3.0714407
3.022802
3.0584831
3.0526495
3.0170655
2.981679
3.0760376
3.0125287
3.030604
3.0129552
2.9845996
3.0328946
3.053575
3.0392804
3.061705
2.945243
3.0516915
3.0287676
3.0308418
3.0185196
2.957379
2.9970012
3.0607424
3.0012214
3.0082712
3.1238303
2.9991138
3.0361166
2.9567473
3.1033616
3.0368512
3.0162234
3.033117
2.9427717
2.9866261
2.945908
3.054106
2.9821727
3.0284874
2.9817948
2.9665608
2.9757915
2.9228253
2.9295425
2.9533463
2.9893205
2.9354377
2.957724
2.9533777
2.9051082
2.9703486
2.9364398
2.999926
2.9829326
3.0215306
3.0089052
2.9913976
3.0001254
3.1025996
2.927086
3.0139961
3.109108
3.1325436
3.0999985
3.0383933
3.050248
3.1028414
3.099976
3.0401478
3.1214998
3.0437503
3.0927815
2.9863157
3.0555959
3.0493727
2.957766
2.9470034
3.0370188
3.0048037
2.956119
2.9906638
3.0692954
2.954382
3.0031948
2.88868
2.8440475
3.0126786
2.9608424
2.9135466
2.891738
3.0061603
3.0386512
2.9007592
2.9029164
2.9292686
2.8764846
2.9755936
2.8842475
2.9409626
2.953703
2.9408073
2.9771142
3.0483496
2.9537547
2.9168768
2.939333
2.9209437
2.8646154
2.9453032
2.9447427
2.9160724
2.8770099
2.8718386
2.939211
2.9617672
2.981924
2.9505982
2.988995
2.9548223
2.9955187
2.897674
2.99121
2.930532
2.9197407
2.936075
2.962017
2.9544654
2.9827683
2.9750423
2.900558
2.91319
2.9454765
2.8457112
2.8862193
2.860956
2.876768
2.8371005
2.8246877
2.8081317
2.9219737
2.7623262
2.8143806
2.781592
2.9214077
2.9174275
2.820333
2.8851013
2.8313913
2.9189062
2.9743676
2.946023
2.896636
2.9273226
2.919699
2.9579284
3.0225077
2.9880288
2.970202
2.9752424
2.9832704
3.0593727
3.0904672
2.517786
2.1254556
2.1167371
2.2672489
2.2775197
2.6019075
2.635615
2.6047895
2.9087696
3.0918324
2.675176
2.6036391
2.4346142
2.5543075
2.5731192
2.4307208
2.5322464
2.457294
2.998686
3.1289918
3.1465125
3.1933262
3.1488698
3.12048
3.0921001
3.161414
3.0881724
3.1265259
3.0952692
3.0804245
2.153958
2.3520982
1.9121473
1.9564098
2.067919
1.9305058
1.9596072
1.9875801
1.7461113
1.9225607
2.1043139
2.1899266
2.1213372
2.297676
2.6824586
2.7963953
2.7342746
2.865412
3.102047
3.3889804
3.4357328
3.5354865
2.1246583
2.2353013
2.9126103
2.899947
2.8399422
2.9311454
2.256422
2.1867585
3.0156636
4.3483496
4.4061303
4.392462
4.3500867
4.3131213
4.3254347
4.0420537
4.1511917
4.2165856
4.2631874
4.3777266
4.3511887
4.4574656
4.5326085
4.586771
4.6075277
4.5117292
4.4606986
4.667962
4.646506
4.6931014
4.7257857
4.722186
4.700359
4.8022304
4.7939267
4.9036617
4.9108787
4.813278
4.8727074
4.782197
4.7688303
4.8192663
4.8089314
4.7740226
4.836931
4.802657
4.7576823
4.8458104
4.8549886
4.83395
4.763441
4.832249
4.8485985
4.6962304
4.8597174
4.7426586
4.717324
4.6944327
4.6913342
4.721967
4.795493
4.681737
4.8138013
4.651457
4.7750435
4.6850033
4.770498
4.7005897
4.679018
4.6721945
4.679879
4.700519
4.685871
4.702797
4.823136
4.706564
4.7147026
4.5190372
4.4928083
4.338669
4.2643533
4.006798
3.9844756
3.5760787
3.3430245
3.4419708
3.7077963
3.692594
3.8457837
3.9284396
4.2684784
4.5358486
4.606797
4.522006
4.5261545
4.5580335
4.265812
4.3732557
4.5627503
4.4669504
4.5412207
4.4891415
4.5482774
4.2779126
3.976706
4.157555
4.0061913
3.9560628
4.0450172
4.1459174
4.1177506
4.2042866
4.318008
4.4802713
4.5547256
4.6196156
4.610214
4.699136
4.592272
4.643115
4.647482
4.6383157
4.6177373
4.6327405
4.613138
4.610588
4.6182795
4.628714
4.679269
4.621336
4.669897
4.633047
4.659176
4.6719437
4.696664
4.702461
4.702375
4.656544
4.685193
4.631951
4.589725
4.6716156
4.5801005
4.613672
4.6150746
4.6182337
4.616818
4.639003
4.6574287
4.6386023
4.6182957
4.6316824
4.651919
4.642881
4.6323886
4.531159
4.503117
4.4257345
4.443632
4.6236787
4.589105
4.6884594
4.5595665
4.5213375
4.3800793
4.55089
4.38627
4.4270544
4.384763
4.414178
4.408215
4.3923254
4.2482862
4.0935116
3.9701211
3.8913665
3.7552116
3.799686
4.036898
4.2040424
4.2319784
4.1044235
4.0261497
4.150456
4.1404066
4.22173
4.2032037
4.3016443
4.245596
4.1971006
4.123726
4.009516
3.7575374
3.6903057
3.8711605
4.0537405
4.1880093
4.067622
3.8725603
3.8502796
4.0025487
3.9349043
3.540184
3.5965219
3.7368956
3.704302
3.875613
3.3939486
2.9891462
2.9429264
3.0901651
3.1967206
3.2913728
3.2348795
3.2852125
3.347321
3.3310864
3.3308783
3.2925088
3.3210516
3.2770166
3.2940216
3.236454
3.2579498
3.3096285
3.3160846
3.2748713
3.2139788
3.2405128
3.2729359
3.2639022
3.306322
3.2582612
3.3034997
3.2902558
3.2774234
3.2952328
3.2913604
3.3016157
3.3109303
3.3824668
3.3264723
3.3435833
3.3563886
3.3466449
3.3324313
3.3383243
3.3521814
3.3437023
3.309192
3.3071656
3.304082
3.3279223
3.3271472
3.287005
3.3303175
3.3342013
3.3075504
3.337728
3.3063936
3.4588404
3.604652
3.6733298
3.5267646
3.4041214
3.2032158
3.0137515
3.2764015
3.6925588
3.5275846
3.324097
2.9055166
2.472305
1.9960246
2.1133335
2.3166203
2.4072242
2.4332209
2.4714112
2.5488117
2.5451565
2.4805002
2.475371
2.4596357
2.6758213
2.731924
2.715438
2.6255932
2.6479099
2.6072319
2.4753256
2.374847
2.3602946
2.5212085
2.5236535
2.4694695
2.3836772
2.368464
2.3304706
2.3458076
2.3584843
2.3843598
2.4625268
2.4848144
2.5372167
2.5716023
2.599892
2.5813928
2.2036266
2.1031983
2.1158915
1.9945996
2.1474433
2.949461
2.988017
3.0260844
3.050414
3.0405998
2.967935
2.9613273
2.9604545
2.9106388
2.8466876
2.823945
2.7570832
2.7153106
2.7381387
2.7869081
2.7876208
2.87937
2.9095867
2.881057
2.931206
2.6937222
2.2741308
2.1500208
1.9733294
2.014672
2.095345
2.1222975
2.1901922
2.1160223
2.251486
2.2893507
2.1462154
2.1736574
2.2754931
2.215972
2.3005247
2.4158773
2.393904
2.2771652
2.3301017
2.3738465
2.4385242
2.6962163
2.6232443
2.6011682
2.4989803
2.5832336
2.6112866
2.3744478
2.336387
2.1641207
2.2179186
1.7112476
1.791222
2.1195138
2.3573492
2.285337
2.3966181
2.2966835
2.2595966
2.4308188
2.3395991
2.461067
2.384694
2.6228063
2.5564196
2.5646553
2.5321152
2.8359861
2.8114634
2.8071358
2.8681128
2.922788
2.9209096
3.0182505
2.9665918
2.9574542
2.9754715
3.0824244
2.988912
2.9240808
2.6682267
2.5191202
2.4095547
2.5080347
2.3949187
2.364184
2.333126
2.3791146
2.3188705
2.516028
2.4183555
2.453717
2.3276577
2.369238
2.38402
2.3941967
2.4195678
2.30525
2.4169865
2.3361275
2.3071792
2.0150752
2.1565518
2.1816158
2.072126
2.0368023
2.183093
2.266324
2.4429722
2.64441
2.5271468
2.598702
2.7212372
2.6878238
2.6235132
2.6095366
2.3255708
1.9453616
2.0543654
2.1666672
2.1569345
2.3921146
2.4038277
2.2815657
2.4534492
2.351433
2.308031
2.5079348
2.4987755
2.682732
2.3901746
2.0599732
2.3352287
2.671577
2.5285614
3.004315
3.120068
2.9957502
2.7142012
2.3160892
2.2805104
2.2658067
2.398819
2.3121474
2.2219834
2.3979943
2.6344864
3.0766494
2.9965382
2.557041
2.0824428
1.9491891
2.1958437
2.009783
2.6044953
2.6704674
2.6914363
2.556101
2.592363
2.8132098
2.844934
2.8040357
2.5204568
2.4004908
1.9391421
2.828649
2.8044057
2.823462
2.8222713
2.7192073
2.613152
2.761354
2.8509445
2.699366
2.6187067
2.3434372
2.8609707
3.030509
2.9811997
2.9191418
2.7858458
2.802864
2.9799924
3.0165465
2.5328152
2.3296897
2.06946
2.6098526
2.655769
2.867948
2.4506629
2.4188943
2.1924012
2.6593764
2.5008066
2.4208252
2.225434
2.1835115
2.1427653
2.1857605
2.0571012
2.2143312
2.4323218
2.6627443
2.413592
2.5059876
2.1915975
2.7181811
2.5571785
2.3436697
2.6110375
2.5987463
2.6421318
2.8987296
2.8650846
2.7319384
2.0432658
2.0860329
2.6618419
2.6371691
2.600926
2.566053
2.6519854
2.6759753
2.6466074
2.8051353
2.6981835
3.0159783
2.9836564
3.0435572
2.3150294
2.3693585
2.5403454
2.6806986
2.76448
2.8626623
3.0624871
2.400733
2.2585435
2.2882552
2.576426
2.761412
2.1173458
2.0741608
2.0796838
2.1708488
2.1938758
2.189865
2.223701
2.2100587
2.4500816
1.6706773
1.7178462
3.028764
2.6539469
2.592246
2.4618783
2.3792856
2.1428266
1.6582074
1.8019048
2.011579
1.9957085
2.0582013
2.1350245
2.3477786
2.2629204
2.5709186
2.254501
2.1262896
2.4984984
2.3599162
2.6679301
2.6087618
2.6361277
2.6551228
2.3319678
2.757378
2.3819635
2.894434
3.1515481
2.917184
2.5919409
2.5792592
2.6509478
2.813044
2.133603
1.9314086
2.070575
2.1086724
2.1073613
2.4259644
2.5620625
2.231379
2.332769
2.4584959
2.6703517
2.7103946
2.549821
3.0688932
2.1963503
2.0013275
2.2524576
2.1341667
1.8282504
2.1612203
2.457358
2.4404747
2.1515903
1.9992802
2.1598399
1.8105794
1.9158986
2.1776175
2.1481774
2.4875069
2.2595448
2.1590629
1.6974871
1.9611982
1.9303849
2.069713
2.034706
2.373017
2.419989
2.4090288
2.6486063
3.0079837
3.0614123
3.0541117
2.7637224
2.3426073
2.3476415
2.5435038
2.5753336
2.763461
2.572248
2.457647
2.4119003
2.5468476
2.5473683
1.8575957
1.873822
1.8935556
2.0481095
2.4930296
2.5408368
2.637872
2.7542481
2.7131631
2.7610438
3.020582
3.0881002
1.9228914
2.3999014
3.0824199
3.0035853
3.1534462
3.307451
3.0120354
3.1353204
3.181905
3.2300494
3.2951136
3.2480986
3.1407323
3.0505838
3.0167873
3.3949838
3.3859901
3.3135893
3.206141
3.1615858
3.2007496
3.1713777
3.074261
2.9594185
3.1263802
3.0952616
3.0812256
3.0720754
3.0493193
2.9604778
3.1556876
3.0489147
2.9575057
3.0356822
3.0076542
3.0115724
3.1795683
3.2500653
3.243898
3.3560693
3.2967155
3.2634041
3.3129184
3.1730485
3.199911
3.1751277
3.0697026
3.3744462
3.280283
3.1415858
3.2804039
3.0736675
2.9834902
3.02499
3.0683355
3.1959848
3.2924168
3.2400556
3.074759
2.9849496
2.872415
3.1028347
3.207169
3.1942854
3.128205
3.2997308
3.2229362
3.2793252
3.2667797
3.195153
3.3185163
3.3167439
3.2412314
3.2500138
3.312614
3.40197
3.3926985
3.3109047
3.3875496
3.424148
3.3247783
3.5165062
3.2829013
3.2593303
3.1368217
3.1886039
3.0800924
3.2473464
3.2253895
3.2546816
3.2346485
3.238428
3.3438623
3.2611187
3.245252
3.3606615
3.3823962
3.3980162
3.5087707
3.3524904
3.2405195
3.4041896
3.4300177
3.5038497
3.3866322
3.4069514
3.4435282
3.2655833
3.3014398
3.1746664
3.1746967
3.1301572
3.2073107
3.0952506
3.1178577
3.1321745
3.1361132
3.0703485
3.0751462
3.04953
3.0031748
2.9717093
3.0127487
3.140133
3.0694003
2.895298
3.026401
3.04585
2.9920058
2.9683464
3.0142033
3.0575962
2.9405637
3.0915637
3.1415668
3.102717
3.1382613
3.0547943
3.061476
3.0888271
3.1005006
3.1411772
3.124441
3.076892
3.1561432
3.5665784
2.1104255
2.4133618
2.5724382
2.4287612
2.5892842
2.6459527
2.8376253
2.679265
1.8824766
2.2118762
2.0670624
2.0828998
2.462864
2.138604
2.3108494
2.420273
2.7893271
2.7418714
2.7725694
3.2777824
3.1799905
3.0808995
2.6215496
2.5902514
2.6020849
2.524184
2.457256
1.7443961
1.8346976
1.2752365
1.3693414
2.337097
2.8691323
2.8611088
2.780039
2.8064072
2.6797218
2.7482834
2.4270651
2.4336853
2.3408394
2.200047
2.892908
2.933458
2.7118783
2.8319464
2.9226785
3.0502222
2.88685
2.6403852
2.0989466
2.1258633
1.8138715
1.2654834
1.5991578
1.7841692
1.9872339
1.6948849
1.98019
1.732983
1.4430846
1.4247603
1.4662374
2.1565742
1.9324791
1.8960906
1.4284292
1.417665
1.5907066
1.4363667
1.7205904
1.9699146
1.9062861
2.037329
1.9384276
2.0907786
1.9362739
2.0420554
1.9823533
1.9121541
1.9356637
1.7775602
1.7150327
1.6246423
1.663897
2.0754197
2.222714
2.4517338
2.5624008
2.2582204
1.8883649
1.7588991
2.1614869
2.246327
2.1340754
2.2637694
1.9908183
1.6848621
1.7088678
2.6654916
2.862471
2.1758857
2.409631
2.5123484
2.5683928
2.6006153
2.4422178
1.7457057
1.4859605
1.4378628
1.3800344
1.5197519
1.3766359
1.4639667
1.471818
1.4085768
1.4543126
1.4932117
1.3831084
1.44169
1.4734068
1.3275676
1.3340868
1.3870239
1.4853873
1.489965
1.6453575
1.8894634
1.8391212
1.470997
1.413219
1.4798652
1.6224786
1.892691
2.2505317
2.2724426
2.2078378
2.2706566
2.328344
2.2762933
2.3051949
2.378676
2.1236317
2.2884488
2.0689855
2.0432205
2.0325823
2.1411066
2.028091
1.9644672
2.0486836
2.1464844
1.8227748
2.2007723
2.1329505
2.0994935
1.9095542
2.049122
2.2528334
2.3942735
2.5794892
2.1062827
2.1005783
2.142816
2.036322
2.044942
2.135221
1.8651187
1.9373654
2.403534
2.5499923
2.5630453
2.3637452
2.2155502
2.2902799
2.1921532
2.5231142
2.527696
2.4826913
2.4521224
2.506811
2.5627391
2.6431808
2.4041383
2.5346138
2.6506867
2.4075186
2.2384794
2.3800588
2.379643
2.0849252
2.0997972
2.00306
2.0490677
1.8952919
1.827953
1.9909708
2.362636
2.4748182
2.499804
2.5123668
2.6884384
2.6093233
2.6242108
2.6395214
2.4207926
2.5591216
2.602494
2.618481
2.4589274
2.563498
2.4481378
2.3620532
2.470746
2.3638108
2.363239
2.3332744
2.3059044
2.3211205
2.3323362
2.3583555
2.1841013
2.293959
2.130576
2.2001326
2.0109737
1.9001914
2.0483243
1.8239636
2.0423427
2.2131023
1.8974317
1.4980605
2.060006
2.2303247
2.3570817
1.9797672
1.9191132
2.1660166
2.138387
2.2180932
