10000
10.156259
10.058741
10.0669565
10.06109
10.025461
10.0563
10.095269
9.983187
9.964537
9.951051
9.899041
9.937592
9.942278
9.902117
9.966426
9.981007
9.887067
9.866277
9.981448
9.865583
9.987338
10.055765
10.035625
9.864784
9.990878
9.992186
9.990359
10.009891
10.133249
10.224968
10.008636
9.985966
9.84826
9.93181
10.064311
10.105289
10.062949
9.93776
9.763362
9.625558
9.396134
9.150436
8.832907
8.668956
8.269226
7.5345306
6.6511974
5.9643617
5.499481
4.371993
3.6531394
3.8377945
4.0784326
3.9861572
4.1941657
4.8041763
5.3110127
4.350069
3.5176337
3.9476275
4.996753
5.086008
4.859371
4.002567
5.376547
4.894623
5.201729
5.740295
5.254406
4.316132
4.360055
2.3352962
2.8107338
2.9967732
3.4079428
3.8866436
5.3107576
4.952362
3.7902606
3.31359
3.35482
3.44673
2.8336189
2.4891574
2.4923224
2.269547
2.50957
2.876968
3.6202536
3.958268
3.9333997
3.923146
3.6840625
3.8379922
3.630695
3.943848
4.3696594
4.2598004
4.3269286
3.51581
2.3906813
2.4747603
1.833319
1.9181191
1.9268792
1.8519053
2.3540301
3.1110399
3.6201205
3.4709117
4.228996
4.0348024
3.8127606
3.9291155
3.5069704
4.858895
4.671934
5.1598654
3.9164734
3.9225972
3.6069741
2.909968
3.8841767
6.2600117
4.459651
2.2171996
3.452945
4.813024
4.0470977
3.78666
2.7891064
4.204837
5.181406
5.037023
4.0744977
3.8263426
3.803214
5.2570925
4.4304566
4.2362704
5.2748485
4.669181
3.7461293
4.667577
5.0274873
5.5883837
5.1355324
4.096383
4.7020864
5.929489
6.2123475
6.4810047
6.1368732
4.9388795
4.2093267
5.0294156
5.610354
7.17748
6.475448
5.0795655
4.8462944
4.6752834
4.8713064
5.529628
6.553649
5.8800697
4.848345
3.947194
4.739272
4.1974993
3.7938104
4.8272533
4.549606
3.86052
3.7055352
5.4024253
6.3430843
4.994015
4.9885125
5.044694
4.861272
4.666781
4.61966
4.6810026
5.0763454
4.803954
4.182462
4.18644
3.8652625
4.1563306
4.4422274
5.305728
6.275193
6.884312
5.7478023
4.874499
4.20792
4.569084
5.5367513
6.9430723
7.063824
6.752782
5.7500234
5.086532
4.5804334
5.504437
6.3084803
6.7281017
6.1391006
5.9743032
4.218879
3.566093
3.7899055
5.2291393
5.3137846
5.2830925
5.1847944
4.6689157
4.858711
4.113346
3.9637055
3.9791207
3.8334594
3.8905172
3.9103951
3.285547
3.6163576
3.3133855
3.4497497
3.8929157
3.9466727
4.106689
4.2305627
4.0593686
3.95938
3.8488212
4.1642237
4.396044
4.864685
5.396474
4.1125183
3.7498236
4.0264516
3.8588524
4.0145926
3.9012592
3.3387866
2.7044294
2.876548
4.172499
3.5726552
3.3029556
3.6034265
3.699706
3.717629
3.4972105
3.7754934
3.1393216
3.584011
3.8265421
3.3426464
2.994605
3.473974
3.235374
3.6700616
3.2081943
4.086342
4.275728
4.1597123
4.216625
3.4224205
3.1954148
3.1265495
3.1277628
3.6313324
3.8304188
3.9905233
3.8143387
3.7579741
3.4209986
4.3296223
4.4432926
3.7924962
3.6936479
3.6156254
3.785365
3.0035615
3.1723027
3.7548492
4.1658607
4.7169023
4.8943067
4.1434875
4.4486704
5.171033
4.741494
4.008145
4.1295295
4.487649
3.446471
3.3155315
3.239222
2.5083885
2.827227
3.37261
2.8918176
2.4338052
2.7878397
4.3771706
4.456265
3.6240196
3.4174771
3.3572476
3.770911
3.5425713
3.506879
3.2872393
3.2702346
3.0342803
3.0856779
3.4656475
3.5202622
3.1624813
3.2500715
3.6721666
3.8866925
3.768334
2.8434699
3.388282
3.6161492
3.0165186
3.0514839
3.4542968
2.9259808
2.7489538
3.0291803
2.8487806
2.8693182
2.81748
2.775982
2.859998
2.9436977
3.1351025
3.2372139
3.5305269
3.4821758
3.4639587
3.6689975
3.8359466
3.8446786
3.7642643
3.1537855
3.028939
3.349367
3.6190777
2.973798
2.901811
1.895363
1.6551439
1.7119068
2.474615
2.883633
2.4131932
2.4291475
2.3794038
2.724952
2.387065
1.5176326
1.4230392
1.4123396
1.3988427
1.3825095
1.3244208
1.4136688
1.4281502
1.346151
1.5512332
1.4302001
1.3518248
1.4291446
1.3630788
1.3476219
1.3767015
1.4287018
1.4215894
1.4343771
1.391367
1.4031272
1.3691555
1.4140079
1.3079001
1.378319
1.3346704
1.8049049
1.9705139
1.8899426
2.3053396
1.461197
1.3747871
1.3922591
1.4797883
1.5801806
1.5480039
1.5393395
1.6183345
1.7715526
2.5214834
5.321851
6.3869543
6.2988896
6.485057
5.670302
3.5882263
3.3259332
2.9946043
1.9924794
1.4343097
1.4439409
1.3238379
1.262841
1.3208216
1.4544368
1.6059008
2.6791143
2.4487119
2.470571
2.813221
3.5913224
3.382289
3.4900627
3.6345737
3.5167212
3.0274618
2.580326
3.5741334
3.8812041
4.0168505
4.0321116
4.917837
4.704259
4.519373
4.44136
4.3153844
4.036552
4.898308
4.7358747
4.8579025
4.757006
3.580919
3.9784732
3.4575572
3.848004
3.8040686
4.1836286
3.8133342
5.0240207
4.8340015
4.813629
5.0713544
5.2788763
5.4199653
5.198097
5.1017084
5.261488
4.9674506
4.4300117
3.1479905
3.5480926
3.1578252
2.982612
3.1078644
2.9884965
2.9673083
3.177391
3.1548057
3.1033669
3.2156472
3.111136
3.107317
3.1447177
3.0088677
3.2232177
3.0472286
3.0374599
3.252936
3.3945603
3.380923
3.4616518
3.721792
3.6168792
3.2071068
3.5959213
3.2410672
3.320126
3.286856
3.2491941
3.1599026
3.3638248
3.356545
3.380577
2.6434693
3.418684
5.0529613
4.506265
4.442648
5.012455
4.949628
4.9618144
4.6478763
5.0521936
3.1594665
3.9476955
2.26317
2.2672284
1.886099
0.4230138
0.39331204
0.5288885
0.5175326
0.5674805
0.55519044
0.54084295
0.47594222
0.4533031
0.4324153
0.45829573
0.79165876
0.44716746
0.43609753
0.47510436
0.4135815
0.42332608
0.4433152
0.54957706
0.51142794
0.52987087
0.4983924
0.48215878
0.5035709
0.50147146
0.52271414
0.49034882
0.7510825
2.1487386
2.7870312
2.8044496
2.8365643
2.8353114
2.7784636
2.8970542
2.8930688
2.7273355
2.8620584
2.8204846
2.800766
2.760675
2.63264
2.3767679
2.124535
2.305442
2.4990637
2.4885745
2.5195243
2.5157819
2.5973997
2.6754122
2.4715543
2.6695416
2.9274118
2.7874568
2.2277758
2.1181166
2.5234344
2.606118
2.4417012
2.3446956
2.2457585
2.2236505
2.249944
2.1720974
3.8233166
4.186235
4.056893
3.2638173
2.9922543
2.8589473
1.9975759
2.572378
2.3967664
2.2726028
2.7493548
2.6449895
2.8894763
2.5583808
2.6852727
2.6873765
2.7014077
3.3982067
3.6845908
3.3180099
3.2187452
3.528232
3.8872797
4.1421795
4.182091
4.1004186
4.056198
4.154754
3.834231
3.8675199
3.8720307
3.967712
3.8844123
3.844349
3.842361
3.76041
3.8157036
3.7608063
3.732706
3.7656248
3.8401365
3.9054956
3.7483354
3.6543293
3.774419
3.8260822
3.7903054
3.9331353
3.8237572
3.7801661
3.5490227
3.6723282
3.503099
3.541136
3.6626837
3.5683365
3.4479966
3.6358993
3.6710007
3.6402903
3.5631077
3.7658565
3.5429363
3.7716563
3.6109316
3.7055302
3.781551
3.6054056
3.6631866
3.6543021
3.7176204
3.8276405
3.6055822
3.7032986
3.6390274
3.6045985
3.756509
3.6461782
3.615161
3.7124677
3.7346294
3.6081314
3.727959
3.5945616
3.6196938
3.5695982
3.5196304
3.667973
3.5652478
3.525722
3.4372535
3.4692185
3.631328
3.6363132
3.5987608
3.4400373
3.5599623
3.4581358
3.6848238
3.6660314
3.7391338
3.7616663
3.9922204
4.314337
4.4310446
4.3917027
4.445864
4.5526457
4.0256777
3.8034534
3.7609205
3.7230163
3.37497
3.1021094
2.9419816
2.6679716
2.6320267
2.775528
3.177589
3.3397727
3.6710489
3.145953
3.3847382
3.3075738
3.2365372
2.7593784
2.8969545
2.5704613
3.0312397
3.1490605
3.6260257
3.8987174
4.021014
4.20136
3.7008536
3.095265
3.2180142
4.0510807
4.4298787
3.5568588
2.1688654
4.694272
5.0346756
4.7603145
4.0382767
3.9492712
4.510098
4.6391244
4.9475727
4.930887
3.7099319
3.1074479
3.4964926
3.7361562
3.8334453
4.388904
3.574334
3.2224903
2.8595233
3.2373166
3.3998585
3.1141605
3.299695
4.0676064
3.9781184
4.007511
4.5223837
3.6519415
3.5829127
3.3394513
3.2535815
3.863442
3.0290413
2.9876072
2.8116946
3.0780954
3.1371431
2.8009763
3.0627391
4.3721156
4.0503483
3.214615
3.5992045
3.2383294
3.6629086
3.0425994
3.6678195
3.1945477
3.3895333
3.2718658
3.477621
3.809602
3.7873878
4.2032495
4.3406944
4.486986
5.159777
5.0886493
3.0811732
5.0803514
6.0754614
6.468265
6.518868
6.316839
4.946961
3.2925184
2.3158147
2.4658275
2.3674996
2.3450236
2.355404
2.6852186
3.2500067
3.7604222
3.689904
3.576727
3.6047935
3.5632982
3.4744728
3.6377592
3.725687
3.7527592
3.758098
3.7824616
3.7798066
3.5092204
3.7220201
3.7210174
3.7178926
3.7289162
4.002588
4.039193
4.0594063
4.326781
4.0889935
4.219597
4.1566076
4.3044844
4.1971035
4.112698
4.115714
3.989005
3.9689631
4.0792274
3.971159
4.2477384
4.1832433
4.2364306
4.18938
4.219535
4.1309633
4.0733624
4.127916
4.2951565
3.9805644
3.963212
4.1463437
4.190514
4.141114
4.0539794
4.1792936
4.3145924
4.514116
4.303721
4.48572
4.587343
4.571089
4.443496
4.478424
4.283244
4.355688
4.3763547
4.3202143
4.3570194
4.14822
4.296167
4.316899
4.3186946
4.4305234
4.417233
4.455729
4.5143447
4.4403152
4.6047487
4.249937
3.978284
3.9192982
3.832766
4.252913
3.9497492
3.9348502
3.7131033
3.2971654
3.4629421
3.1082559
2.983993
3.27023
3.3452857
4.11959
3.8955865
3.4327605
3.6444035
4.1566954
4.744517
4.24397
1.8974271
1.8906221
1.9881215
1.9798181
1.9728508
2.2823086
2.343446
2.6173687
2.6210856
2.754388
2.7787583
2.7489827
2.750729
3.246186
2.9873888
3.2888575
3.0316296
3.0764203
2.8322656
3.0330882
3.0598311
2.7816494
2.9510112
2.869128
3.021285
3.09575
2.9878452
2.8949764
3.0641992
3.0776236
2.8264418
2.6409893
3.0177104
2.8142803
2.739428
2.6309693
2.5938354
2.669689
2.530684
2.6740196
2.5600824
2.633297
2.7903771
2.6058362
2.6509242
2.4115138
2.778092
2.6699193
2.5802677
2.6582727
2.6772387
2.7053866
2.5844827
2.6749237
2.5104477
2.6477704
2.6409492
2.8152316
2.8472912
2.8103812
2.775683
2.3861868
2.51085
2.3179882
2.5175934
2.4891777
2.713904
2.641104
2.7921
2.7120066
2.7678452
2.9080193
2.903663
2.8994403
3.1601198
3.195101
2.9607763
2.9489145
2.882074
2.9502182
3.1303365
2.8397863
3.029403
3.003334
2.9168973
2.8528283
2.8313031
3.111158
3.1107392
3.0161047
2.9251418
2.8574314
2.8604734
2.872078
3.0047185
3.0253043
2.9506028
3.0131216
3.0196114
3.1072989
2.8736968
2.9398785
3.0259926
2.8953953
3.0216846
3.2044492
3.0080018
2.986693
2.897534
2.8672268
3.0237658
3.009938
3.0207279
2.9535544
2.9585044
2.9548202
2.987486
2.9942765
3.0793161
3.054114
3.0128481
3.1513975
3.0611572
3.1479344
3.062467
3.1150417
3.133552
3.058847
2.9254851
3.042977
3.006705
3.1672626
3.078014
2.8608284
3.0170867
2.695567
3.005979
2.9780936
3.003737
3.0008168
2.8742833
2.8363116
2.770956
2.9081879
2.8243299
2.7938235
2.7151983
2.6798666
2.9307308
3.2333026
2.6944137
3.1214368
2.8320572
2.8807158
2.99403
2.7759356
2.8534596
2.8541336
2.8780937
2.8604922
2.9299011
2.930709
2.990674
3.208287
3.1574423
3.44248
3.1008024
3.481882
3.3788223
3.201531
3.3177233
3.333374
3.6565065
3.5933156
3.5748866
3.4770508
3.3608775
3.596507
3.622157
3.8231423
3.5485303
3.4483411
3.5109353
3.5400012
3.5150723
3.689679
3.8146229
3.8670104
3.6630282
3.6227584
3.6263447
3.5753105
3.440259
3.4338415
3.6771195
3.391544
3.5182295
3.6960258
3.4061203
3.7510448
3.5702345
3.4860992
3.5753987
3.58559
3.5792205
3.694974
3.6089163
3.4009237
3.536064
3.4559326
3.6110888
3.4478078
3.4560251
3.7253118
3.5959811
3.778154
3.4613528
3.7250748
3.5982554
3.4176722
3.7365623
3.5426097
3.7171881
3.569273
3.4920468
3.6736069
3.6708603
3.4772878
3.4606957
3.5017462
3.4974346
3.5353532
3.5031862
3.6288066
3.5220337
3.357288
3.594424
3.5007863
3.5223374
3.5830734
3.508883
3.3540597
3.4200733
3.4119964
3.445482
3.6954422
3.4925725
3.6400785
3.5855632
3.7271008
3.5805323
3.4135075
3.757166
3.7016304
3.5839348
3.4850736
3.596534
3.812768
3.5636117
3.5365853
3.6461492
3.3882751
3.4125552
3.3015282
3.538845
3.4537146
3.4727235
3.484433
3.4868426
3.117077
3.0863953
3.2121308
3.103469
3.307087
3.0793312
3.7437916
3.541598
3.3555145
3.3402345
3.6184068
3.2804716
3.472913
3.3624225
3.206389
3.276426
3.4009733
3.5710797
3.5394902
3.6197224
3.5565817
3.382139
3.6546323
3.0585132
3.0153785
2.6474469
3.1795964
2.7359366
3.367813
3.4481618
3.1225657
3.295294
3.0803301
3.7357805
4.1083264
3.9764366
3.4221659
3.1594508
3.526306
3.9873996
3.9692612
4.0762515
2.648416
3.639811
3.8478637
3.97413
3.9176726
4.0535603
4.124056
4.1046596
3.7964625
3.914754
3.8789675
3.6707394
3.5430894
3.479692
3.5877607
3.429039
3.4775846
4.346995
5.749526
5.8836126
5.5134373
4.4001484
4.6744623
5.3923
5.994849
5.617027
3.9763288
2.606686
3.1300695
3.419855
3.101572
3.2992027
3.6428814
3.2763808
3.2765076
2.6926935
2.9101658
2.0063941
2.0082943
2.0150123
2.208849
2.4222806
1.96447
1.4201796
1.0696198
1.1119602
1.1442552
1.0249243
1.0994551
0.9477506
1.0489135
0.9174369
0.94477606
0.9827377
1.0473421
1.4478903
2.7540283
4.3796964
6.067648
6.079934
5.8912516
5.3639803
4.5631437
4.6051097
5.114777
5.0249505
4.6807213
4.82173
4.57983
4.5460453
4.727677
4.4544373
4.5015564
4.643997
4.958271
4.665847
4.434081
3.6917877
3.5308707
4.0134716
4.602246
5.447953
3.5543182
4.2953415
4.750466
3.9233992
3.828414
4.479454
4.566571
4.4023247
4.274687
4.1001635
3.6338072
3.605052
3.4098442
3.8230493
3.7646956
3.901357
3.9311352
3.8080802
3.809002
4.027048
3.892679
3.4564917
3.0888216
3.3484352
4.855199
4.847534
4.7317767
4.08803
3.8059545
3.9891548
3.6946423
5.123896
4.988382
5.182645
5.511305
4.256611
3.5041625
3.8286633
4.5472717
4.730899
5.3198214
5.5524693
5.2776713
5.4774017
4.8846464
4.455072
4.839269
4.843255
3.8095717
3.4534452
4.341734
4.11518
3.8819332
3.2364979
2.6395535
2.7942326
3.1186078
2.5175462
2.756002
2.6626894
2.7090657
2.6958184
2.633962
2.645835
3.219119
4.698633
5.2228274
3.8469672
4.542346
3.9170802
3.1757326
3.8388474
4.5084634
4.2475843
3.54733
4.0264616
3.7102623
3.8320718
4.4336133
4.5897684
4.095589
3.634111
4.714038
4.978685
3.6506824
4.889223
3.8545265
3.6580303
3.436707
5.038615
5.060997
3.323151
3.3393238
3.215189
3.1687381
3.312889
3.3844433
3.3188806
3.4010243
3.3398242
3.5239544
3.322353
3.466818
3.6111765
3.5428226
3.7143688
3.6420624
3.6156597
3.4986928
3.5034533
3.5231397
3.6332061
3.3365898
3.4042072
3.262324
3.2093227
3.3855305
3.6637857
3.9743218
3.763098
2.9409378
2.921202
3.465159
3.6188393
3.2917671
3.2872539
3.828429
4.0170355
4.1206894
3.4730103
1.0901566
1.1055461
1.1338775
1.1225724
1.1694336
1.224934
1.2390425
1.2735085
1.3448837
1.3507507
1.4191022
1.4612689
1.3772203
1.2963976
1.1909668
1.2192291
1.2185493
1.2193624
1.2179383
1.2265726
1.2676741
1.7966717
2.9542298
2.5954063
2.7300339
2.9837759
3.0130684
3.701796
3.6906283
2.0699015
1.8291771
1.9053984
2.0888171
1.9026195
2.0675514
2.2507992
2.067772
1.5542151
1.1469376
1.0642251
1.0950598
1.1353046
1.1238891
1.1413001
1.1886336
1.3198128
1.3353094
1.52924
1.4962019
1.6696857
1.5957885
1.6753093
1.5629946
1.5288601
1.5005225
1.4704744
1.3343561
1.2456428
1.2402619
1.2912569
1.3004613
1.1952677
1.0915968
1.0710891
1.0246212
1.2039812
1.1857405
1.1360086
1.1106447
1.1638561
1.1807961
1.2456506
1.840948
2.1430635
2.3565128
2.2716687
1.864975
1.4994504
1.7820325
1.1533433
1.0660088
1.8663851
1.9875255
2.8428192
3.4116251
4.138955
1.1095574
2.6923437
2.2169135
2.3368778
2.5724485
1.0600777
1.0685161
1.050334
1.0127434
1.1132742
1.0703384
1.1279813
1.0858321
1.0674725
1.0759736
1.0509567
1.1303415
1.3824576
1.544707
1.8154805
1.8244383
2.1942773
2.20753
2.2256088
2.2231255
2.8123221
3.5921955
3.457463
2.6403089
1.8739216
1.8032632
1.3782868
2.0835168
2.0175836
1.8561033
1.7932643
1.8093601
2.2814207
2.8259647
2.858557
2.9624758
3.7344823
4.224207
4.17622
2.9986262
2.283433
2.3900325
2.7536705
3.1508229
2.815178
3.11791
2.676784
1.87034
2.1351445
2.7769065
2.8897827
3.1809084
4.030863
3.7736015
3.798369
3.301514
2.493904
1.8946427
1.9492502
5.513749
5.650615
5.5688953
5.654805
5.6818295
5.646618
6.1665697
6.233408
6.105486
5.977456
5.2229486
3.6380079
2.9132445
2.3844707
1.4359069
2.2352142
2.5914698
2.5633876
2.4139009
2.814789
3.374894
2.583436
2.625337
2.396325
2.3617115
2.4809146
3.6257353
3.898426
3.8826134
4.301724
4.420515
4.444309
4.888873
4.8985286
4.4467883
3.1361046
1.9298422
3.1711426
3.6195173
3.9798024
4.6243515
3.0680897
3.3417833
3.270526
3.1929202
3.4912696
3.3339689
3.2954779
4.0197606
3.1218803
3.4429796
3.833566
4.4183526
4.5736103
4.813784
4.7064695
4.04777
2.5505242
1.9653597
2.0716004
4.4430685
4.615702
4.6631374
4.455861
4.6129713
4.6093493
4.0363274
3.9023936
3.7591815
3.431217
2.4539936
2.8466668
2.8832583
2.585444
2.748082
2.4206111
2.5862086
2.689235
3.0816994
3.2786345
3.4323027
3.7150266
4.4665847
3.824972
3.2780814
3.2274606
3.316866
2.5822682
2.5405838
2.7133236
2.8887305
3.1731584
2.8437111
2.9592407
2.9454932
2.6540747
2.1543894
2.6652062
2.6122084
2.6337306
3.2414289
3.470802
3.5031471
3.3050833
3.0900638
3.2177362
2.9631193
2.955939
1.1788659
6.255144
6.9412084
6.7691193
6.860659
6.8161583
6.863291
5.1638765
3.049993
1.4792477
2.2369347
2.6382897
3.2861702
3.380893
3.110806
2.7935295
3.2246585
3.2421963
3.2385573
3.3893688
3.2003908
3.300267
3.2107427
3.268061
3.1417906
3.0108929
3.096465
3.1919954
3.1955626
3.2765872
3.400457
3.4703135
3.7817035
4.0277348
3.5619142
3.5278964
3.3631525
3.1889906
2.640697
2.1755018
2.2314234
2.7110343
1.7511427
1.7178161
1.4002272
1.4868
1.3058299
1.2252868
1.2183464
1.3591878
1.3094757
1.2531786
1.1755433
1.199358
1.1220033
1.1007589
1.2692703
2.709434
3.4083495
2.412056
2.7464871
3.1231484
3.175394
3.195233
3.302919
3.2947106
2.9707723
2.6993659
2.4831648
2.8508244
2.2088025
2.2828534
2.4742155
2.812303
3.0220692
3.4276276
3.3931923
3.4144568
3.3552268
3.3802757
3.4071114
3.4665341
3.5458636
3.1544552
3.1263456
3.243827
3.4926057
3.5203989
3.5088723
4.6669292
3.3455305
2.8852463
2.5261755
2.0078912
1.8271949
2.841052
2.6485083
2.2689776
2.6514764
2.5779262
3.2177997
3.4378512
3.4995387
3.5447445
3.8922565
3.820681
3.5656033
3.4310498
3.7941966
3.5230412
3.5845425
3.3624856
2.697291
2.0511012
2.2536798
2.209493
2.253904
2.1588674
2.0904918
1.5925248
2.1512372
2.141776
2.3623378
2.294911
2.3985345
2.2603066
2.6221888
2.878132
3.016729
3.3212657
3.0084112
3.0875123
3.3144183
3.2281559
3.3109746
3.2372115
3.2254531
3.284374
3.2980576
3.3574324
3.5337183
3.6947188
3.3527472
3.6519983
3.7082005
3.8042767
3.8687663
3.8350608
3.899959
3.939403
3.8244336
4.011933
3.8597858
3.7467651
4.060828
3.9218297
3.7997832
3.6557198
3.710597
3.6214073
3.6056647
3.330947
