10000
8.85126
8.706138
8.685974
8.777174
8.732111
8.608482
8.645031
8.587337
8.544406
8.1975975
8.051714
7.809586
7.9999
7.995864
7.7827563
8.088663
8.066326
7.6870894
7.300657
7.2119412
7.1041994
7.1560616
7.2407503
7.6460233
7.723382
7.9832506
8.171352
8.330762
8.183048
8.145469
8.275825
8.119679
8.048762
7.8294168
7.9825974
8.243692
8.281985
8.063126
8.148238
8.103991
8.233063
8.132231
7.995796
7.9716644
7.5825214
7.6546702
7.626673
7.937784
8.374252
8.347677
8.230075
8.08975
8.135331
8.385322
8.42629
8.499555
8.549275
8.367822
8.395479
8.193288
8.108819
8.296945
8.071785
8.084272
7.6676254
7.827496
7.6924906
7.8244934
7.7081127
7.983445
8.204023
8.138647
8.189348
8.274307
7.9281664
8.279173
8.571633
8.563201
8.426594
8.279222
8.297516
8.392166
8.189748
8.225506
8.026094
8.116212
8.218508
7.685296
7.739177
7.5474463
7.6876144
7.9617314
8.358669
8.2307415
8.510771
8.186514
7.7698603
8.358401
8.158453
7.737756
7.7662067
7.667755
7.6829185
7.097891
6.605916
6.1657295
6.3327527
5.9560347
5.398573
5.6465874
6.0810385
5.7124476
5.4962063
5.0343494
4.7007565
4.38604
4.539717
5.0628595
5.3711643
6.221114
6.419062
6.158318
5.735378
5.238883
5.4804196
5.6772795
5.412409
5.773628
5.6873903
5.5782385
5.5581036
5.1635847
4.60733
4.612856
4.1449404
3.6437507
3.5640526
3.8526251
3.966714
3.3762467
3.2040143
3.3496609
3.5476613
3.5928113
3.3624845
3.4818203
3.4120007
3.4709969
3.4902964
3.5993748
3.5057347
3.5650117
3.5796478
3.6187534
3.4690611
3.5303571
3.6161203
3.483267
3.7277794
3.724212
3.6268578
3.825044
3.7223485
3.8711567
3.7328932
3.7005746
3.7157001
3.7978559
3.8005788
3.629131
3.8405297
3.8402689
3.5503368
3.9157739
3.8898587
3.8547702
3.8627071
3.7434597
3.7607083
3.657721
3.8590832
3.805387
3.7906694
3.7589304
3.7819736
3.8935714
3.7489448
3.6707616
3.7916424
4.042672
3.8419797
3.9279463
3.742435
3.9034848
3.816919
4.0755982
4.1932178
3.981667
3.9358935
3.849701
3.9949439
4.1651845
3.7892485
3.7006264
3.7970948
3.9499571
3.9421382
3.7047515
3.7285423
3.74201
3.8371754
3.681449
3.6804852
3.869039
3.7735624
3.6471207
3.8004386
3.4975748
3.86543
3.6486373
3.5616095
3.7051039
3.6468537
3.603377
3.6124473
3.6257038
3.5475302
3.8316088
3.5289433
3.428841
3.4057474
3.301972
3.1581492
3.121236
3.1905804
3.122337
2.8750303
2.8528802
2.7877526
2.893774
3.0094383
3.2795105
3.263272
3.3483727
3.2870226
3.3858356
3.4421773
3.6023855
3.6013117
3.8128576
3.6853333
3.812952
3.5861845
3.4844074
3.593391
3.386859
3.6001399
3.5116754
3.1718247
3.2651148
3.1404648
3.260644
3.4859593
3.4771419
3.4119651
3.2947698
2.9393928
2.9372208
2.7626793
2.988263
2.7937088
2.9056926
2.7200952
2.9878173
3.3233802
3.5792954
3.3312147
3.0818024
3.369812
3.238115
3.6406221
3.4594336
2.9326365
2.5165098
2.1296544
2.1497357
2.7279093
2.5591626
2.9128268
2.9857385
3.3956847
3.0696003
2.1530778
2.7207513
2.5869982
2.642274
2.635107
2.7189157
2.3662097
2.6494343
2.9427867
3.2786164
3.3052526
2.7684548
2.9333284
3.0013912
2.5230234
3.0564535
3.8172998
3.3193512
2.2758353
2.3925238
1.2323983
1.6058897
2.48468
2.6573682
1.9850883
0.65340847
0.6449295
2.2914598
2.5874197
2.839166
2.916872
2.8705206
2.9233742
2.8766742
2.483272
2.6838791
2.8936515
2.9815204
2.8384917
2.6353886
2.6089635
2.4461567
2.3694324
2.6283078
2.9377372
2.8857288
2.8399568
2.9030454
3.3050632
3.873197
3.3283138
3.2933106
2.8444645
2.9573913
2.4170032
2.8199172
2.817935
3.7051845
3.7401297
3.6648219
3.3447347
3.276896
4.136802
3.921627
3.1842325
2.605553
2.5025806
2.2261722
2.7685704
2.6832244
2.9143364
2.6129465
2.100852
2.5280852
2.7370684
2.9314318
2.9787776
3.125574
3.0273817
2.8836324
2.767546
3.3817146
3.2428727
2.2885303
2.0801306
2.0995226
1.7873644
1.8440034
2.0530884
2.1437945
2.2751095
2.4298031
2.034776
2.783368
3.200215
3.1381602
3.4508214
3.008717
2.838486
2.7194881
2.537638
2.5767393
2.308104
2.338512
2.62833
2.6864529
3.2795217
2.395648
2.2905629
2.328617
2.6898084
2.4516249
2.9140139
3.4178047
3.0251613
2.6683607
2.439177
2.0881743
2.0935347
2.480542
2.3648224
2.4527094
2.4196033
2.2260208
2.7446983
2.5333388
2.4510746
2.5789456
2.7202318
2.9266577
2.6787355
2.403372
2.3869643
2.8402538
3.071727
2.9131844
2.7252088
2.8441865
2.3474045
2.3127952
2.771097
2.7922466
2.7287834
3.0897143
2.95177
3.0334024
3.2852912
2.9798372
2.145079
2.0529265
2.2851212
2.4201376
3.1395018
3.751103
3.4033732
2.846563
2.3401842
2.3553607
2.7644196
2.8728812
2.4641995
2.599244
2.856204
2.0821679
2.783128
2.4561255
2.5643294
3.2113338
2.9089282
2.5655847
2.3230915
2.203332
2.4315069
3.0759976
3.0343919
3.0430646
3.19822
2.7986448
2.3026133
2.9260194
2.7291818
3.0266023
3.9762068
3.5120535
3.1309502
3.1290991
2.8291664
3.246527
2.8326662
2.9458308
3.3873434
3.2375498
3.3532891
2.9154153
2.8767374
3.2320707
3.616226
2.9464653
2.3988087
2.0336034
2.2638664
2.4253004
2.1400373
2.226692
1.9848204
2.4818668
2.4551544
2.041323
2.666988
2.4416935
2.3986936
2.5960915
2.4909194
1.8993663
2.118972
2.4179623
2.4114728
1.5643864
1.8433621
1.78328
2.5082443
2.5469036
1.671177
2.549892
1.9644222
2.3407989
2.1978605
2.0996397
1.0484188
1.4027839
2.1449823
2.6079984
2.5739202
2.9038448
2.4838688
1.9525964
2.7654998
2.758707
3.067438
2.8285291
2.2199132
1.9355568
1.846899
2.0625768
2.3811967
1.5570862
1.9996741
1.9852997
1.4030479
1.8293746
1.7339206
2.1459987
1.7653693
1.4289609
2.1205196
2.0493667
2.5642748
2.190509
2.245754
2.6090221
1.8480831
1.8722916
2.2488525
2.204591
2.2685504
2.196301
2.3554387
2.4589171
2.8891554
3.0055614
3.1413202
3.3081498
2.8534014
2.7984388
2.113664
1.7995169
1.736043
2.01032
1.8903472
1.9934754
2.2208753
2.2226348
2.4887152
2.313065
2.5631511
2.4604836
2.1967158
2.3532119
2.1067736
2.6853936
2.646288
2.9520373
2.33368
2.3560574
2.5264668
2.3335564
2.9105074
3.0272212
3.413665
3.2751887
3.2021923
3.4816554
2.425765
2.1905148
2.341834
2.3137429
2.8441157
2.6466103
1.4423349
1.6586431
1.2279445
1.3918711
1.9612796
1.7666281
1.487414
1.7106222
2.2624648
2.424378
2.444654
2.480255
2.3735363
2.150787
1.6188431
1.9477446
1.7982258
1.6551296
1.8800762
2.149766
2.4133081
2.3455276
3.096853
2.6115358
1.6936823
1.2519168
1.593354
1.825524
2.4812722
2.279772
2.692843
3.0282254
3.0964885
2.1991086
3.0229013
2.9461527
3.170571
2.529733
2.2260227
2.5721695
2.5211272
2.4986894
2.0020804
2.5735433
3.0259347
3.1757793
2.7285037
2.4161973
2.0352569
1.8469201
2.2890067
2.5244846
2.1753902
1.6884655
1.8603507
2.2899377
2.1697912
1.6148038
1.7486266
1.5975132
1.4453468
2.026915
2.025718
2.6259181
1.4386941
1.523418
1.7413642
1.7894956
1.8716828
1.7561884
2.0831056
2.1088138
1.7059911
2.0355244
2.25225
2.1938207
2.4725165
2.5371168
2.429354
2.5656939
2.0855107
3.0193024
3.198863
3.121694
1.7913909
1.6754962
1.701546
1.7510706
1.8374
1.767513
2.722529
3.202085
2.8026204
3.422272
3.316167
2.2292888
1.4121507
1.9021429
1.9965408
1.8791515
1.9925357
2.09976
1.9587477
2.1211479
2.0827625
2.0793524
2.149906
1.8743194
1.7858672
1.6513603
2.0818129
1.914218
1.6259295
2.0198653
2.3274517
2.8149483
1.9955411
1.1689405
0.8857688
1.5403426
1.9184828
1.64143
1.7008603
1.4330028
1.6247582
2.202471
2.4716158
2.495804
1.7286516
2.1715364
1.749075
1.465588
1.5540048
1.580062
1.621826
1.5068578
1.5056102
1.8459456
2.065514
2.1019351
2.313425
2.2108088
1.5953333
1.4835953
1.8648353
2.0844297
1.9209284
1.7679884
1.3207774
1.6027772
1.6410785
1.8500729
2.1856532
2.2696106
2.2906692
2.3329704
2.0171595
2.1845977
2.4324722
2.6719403
2.644555
2.54054
2.5990896
2.7204425
2.6048932
2.68344
1.5541536
1.8226694
1.8780274
1.9550636
2.0975194
2.131066
1.966276
2.1052341
2.2471247
2.5593965
1.9439864
1.3084198
1.3225771
1.7521287
1.8382201
1.4882877
2.2244587
2.7377746
2.5006368
1.7938048
1.8672403
1.9148688
1.8049176
2.0259912
2.0175753
1.8512113
2.2263718
1.535466
1.5102224
1.7789997
2.1773045
2.1887748
2.0174007
2.3935127
3.3372672
3.237139
2.9936445
2.5105455
2.0945501
2.0212615
2.08233
1.1731721
0.7071846
0.9201284
0.9727594
0.95075476
0.9680562
1.3348844
1.4037892
1.5957202
1.3212168
2.1255214
2.9360054
3.1797588
3.4350595
3.2062306
3.2670796
3.0245934
3.039356
2.990186
2.6433313
2.73426
2.5386968
1.8516943
2.1292436
1.6050941
1.0309213
0.94999456
1.0954758
1.208098
1.644358
2.1365738
2.1390176
2.16879
2.3341737
2.4443593
2.6089215
2.9519513
2.455924
2.662498
2.2591755
2.211898
1.7068512
1.3728967
1.6104332
1.3454344
1.25124
1.6828876
1.6375504
1.7990644
1.8500757
2.147512
2.3222306
1.7929621
1.9404713
1.8110874
2.0609512
2.0537577
1.145794
1.1173571
1.2980094
1.3755126
1.4749408
1.8725672
2.0091305
2.0383554
1.7024193
1.6169393
1.7219527
1.8700999
2.1661503
1.7731235
2.0899963
2.275226
2.2708602
2.664484
2.481137
2.3265917
3.1301422
3.4255354
3.3548255
3.0198355
2.3423293
1.8647342
2.7387846
2.6218011
2.692872
2.6471226
3.481244
3.5071654
2.520079
2.6634536
2.7960882
3.1780539
3.241458
2.9113517
3.348447
3.4402757
2.820363
2.7964227
2.714107
2.8553047
2.7203453
2.5808096
2.111058
2.2883792
2.1977992
2.4843082
2.7915592
3.5327425
3.354572
3.0926847
3.2532673
3.0730674
3.2981887
3.4076731
3.6361003
3.703605
2.8793762
2.3701658
2.0729861
2.907704
2.8742476
2.638894
2.7562068
2.6097987
2.504416
2.7871327
3.235785
3.7500246
3.8147426
3.2438664
2.9868028
2.4457393
2.1376052
1.975915
1.9173448
1.9085813
1.8363886
1.7464504
1.7344935
1.6615129
1.6778967
1.9989302
2.3960233
2.345967
2.6897829
2.584343
2.5014124
2.6783392
2.5855813
2.2215633
2.3583033
2.2841058
2.0814555
2.2679217
2.2065911
2.2340052
2.5536745
2.689971
2.4196262
2.7852135
3.2307498
3.3241014
3.4217644
3.0211167
2.6259084
2.9045646
2.9613662
3.5094833
2.8082225
2.842826
3.86018
3.3439674
3.8906894
3.5508587
2.2056687
2.239504
2.4316719
2.5583613
2.6345692
2.812715
2.573105
2.737595
3.2243764
2.7920258
2.725991
3.2198951
2.9904046
3.4001024
3.4164622
3.2109272
3.045746
2.9013739
2.8507967
2.557491
2.8183858
3.0304198
3.1756275
3.0781844
3.181279
3.241634
2.3196356
2.4253068
2.3784509
2.7635813
2.8162498
2.926616
3.0946422
3.0087056
2.9596734
3.0005171
2.955104
2.7514212
2.1743312
1.4946147
1.3917209
1.1542138
1.2289567
1.5207691
1.6390843
1.3989408
1.2596139
1.559577
1.3592764
1.1468505
1.1510842
0.9888478
1.28559
1.3242121
1.1723806
1.461115
1.1600766
0.99517655
0.9545141
0.673486
0.8040907
0.94958645
0.89265156
0.9566896
1.099103
0.926741
0.96220106
1.3447573
0.8944284
1.0803386
0.8841312
0.96513855
1.0652666
1.1928097
1.2563252
1.1057525
0.89453083
0.9540114
1.4239126
1.2153759
1.2907928
1.1583146
1.434735
1.2593038
1.1846598
1.3181565
1.1767557
1.4356983
1.5306635
1.5303866
1.4916011
1.3282897
1.6921389
1.3386875
1.3283763
1.2094951
1.6062405
1.4482106
1.2247479
1.4741144
1.484623
1.3016196
1.4807732
1.6596591
1.6095996
1.4795392
1.8641678
2.0369287
2.266707
2.4252844
2.4194224
2.1143615
2.0850832
1.7630218
1.3223563
1.3471638
1.4017181
1.475006
1.8040586
1.6158832
1.2538171
1.1515427
0.9352457
0.984604
1.1534872
1.2106299
1.3395617
1.0882791
1.4537865
1.3574188
0.94535494
1.1353221
1.1530839
0.93782926
1.6077474
2.2943034
2.4115856
2.6688633
2.5310893
2.5311365
2.489397
2.4911566
2.706738
2.6197126
2.566621
2.3660123
2.4307144
2.5586123
2.8338785
3.1611583
2.9727664
1.8143184
2.0449872
1.9193785
2.0442224
2.2076006
2.0384395
1.7479148
1.618099
1.9026436
2.2017517
2.4014485
2.0669203
2.1646087
2.049419
2.590598
2.4471548
2.5490692
2.4812932
2.402616
2.2117891
2.0938053
1.5309367
1.6483202
1.8570715
2.1094153
2.1540194
2.143862
2.5954854
2.6185322
2.6994064
2.4417973
2.2177258
2.425969
2.273937
2.1273067
2.5158868
2.2825086
2.557004
2.5941496
2.5899546
2.517456
2.5202134
2.4429154
2.4655137
2.414508
2.4708557
2.4162836
2.8620954
2.4334607
2.5490968
2.550078
2.7808862
2.7031343
2.5379698
2.793323
3.039875
2.9641764
2.9081116
3.0419908
2.8073049
2.8865106
2.9623108
3.0966945
3.0534542
2.9210389
3.2335389
2.7401872
2.3776503
2.1122541
2.1816266
2.5133402
2.711352
2.760908
2.7576466
2.6717947
2.9680266
2.873554
2.7761488
2.8476708
2.6379905
2.9004545
3.0323427
2.9181418
3.2314093
3.0425208
3.0824246
3.0233314
2.874176
3.0427446
3.0469737
2.8775136
3.351458
2.762085
3.1217015
3.4010592
2.9046018
3.0504224
3.0768447
3.084536
2.9200652
3.2533143
2.98199
3.2778296
3.0619419
3.2352176
3.0786972
3.0782812
3.12099
3.0752764
2.9527361
2.7139091
3.0286944
2.8737836
2.8042777
2.9508936
3.0842524
3.0771477
3.0745091
3.0739424
3.0327733
3.1929402
3.1086826
3.20481
3.0844703
3.200466
3.1327808
3.2554026
3.3750055
3.2121751
3.3173048
3.2680972
3.473014
3.2424655
3.552472
3.2865348
3.4184031
3.5017657
3.5385811
3.533606
3.6670856
3.6182156
3.5460367
3.5643668
3.6241767
3.5812197
3.683701
3.8051188
3.8090234
3.6718838
3.816318
3.8081307
3.8637974
3.8698297
3.7105427
3.7100513
3.6021788
3.4223423
3.2505467
3.433498
3.310051
3.3242147
3.143034
3.3562827
3.3085952
3.5072675
3.25442
3.2441778
3.5582352
3.5830152
3.3704505
3.4673998
3.390707
3.4581504
3.519939
3.3715954
3.4813735
3.4673371
3.3103278
3.2595508
3.4729884
3.4102478
3.4825938
3.6416862
3.4309688
3.5275106
3.3120928
3.3778088
3.3421202
3.5030708
3.520844
3.7049804
3.5915189
3.7331676
3.5586576
3.5427544
3.5301888
3.5248315
3.5990705
3.7254262
3.5113816
3.731532
3.6646047
2.819869
2.901765
3.0683522
2.9244237
3.4618773
3.6360016
3.6735625
3.621871
3.6298149
3.6482115
3.7033186
3.8345308
3.6141307
3.464279
3.1555018
2.6939335
2.1221747
2.2204843
2.283331
2.0500374
1.518806
2.70211
4.0857215
3.9528778
3.8244157
3.5063412
3.9282408
3.4768972
3.0314488
2.618494
2.741169
2.3247042
2.4653995
2.1743062
2.7370977
2.312835
2.164294
2.0601885
3.5050569
3.3318348
2.9667742
2.538968
2.9574528
3.3128629
4.038392
4.2945185
3.9654374
3.409564
3.8657575
4.4437714
4.3733683
3.974658
3.9133627
3.5907779
3.1594849
3.6710162
4.054517
4.22168
4.024049
3.2750745
3.3162165
3.5630422
3.6507576
3.1699376
2.7716837
3.0232306
3.2334883
3.8207297
3.4876437
2.1797166
2.0102153
2.1412346
2.6164458
2.063786
2.6336408
2.705124
2.0764003
1.7831817
1.533485
1.8383913
1.2904205
2.040702
2.751988
2.6908786
3.3888693
3.01122
4.0538754
2.7318761
2.8898606
3.6642177
4.0466075
2.3617415
2.7792501
2.9006624
2.9885204
2.430343
3.037681
2.153216
1.6796144
1.888213
2.6625552
2.2565427
3.275437
2.6869044
3.00323
3.6621807
2.4296496
3.3560076
2.838234
2.2299168
3.2079334
3.129406
2.6354768
2.5607164
2.0902057
2.639496
2.604803
3.048001
2.8171732
3.0944672
2.7076879
3.2407095
3.4449534
2.0128055
1.234728
1.4887351
1.3392721
1.4304928
1.136944
1.2405119
1.4867005
1.7548146
1.4218208
1.5555019
2.0739946
2.2047768
1.201315
1.4781134
2.8767204
1.8668519
2.4747605
1.7627398
2.1201854
1.8624761
1.4784008
1.9067335
1.1385627
1.0208321
1.1268392
2.831908
2.8994522
3.1541817
3.6977415
3.2548242
3.3049738
2.4890227
2.7540658
2.97881
3.3262572
2.6221116
1.5909125
2.0738149
2.2053125
2.4140844
3.0840018
2.6232438
3.7433915
1.2445004
1.7568058
1.9851122
1.9836595
1.2515244
1.1144875
1.2946832
1.5815382
1.6694533
1.7277575
1.3845057
1.2281353
1.4900427
1.6273849
1.6667207
1.5928891
1.7438741
1.6847221
1.3116735
1.4954422
2.1642637
1.7892816
1.8022506
1.6583272
1.7988827
1.8030583
1.7195728
1.3071585
1.3625672
1.4268978
1.2803727
1.2896332
1.8292931
1.5654529
1.54625
1.6895578
1.4210335
1.398577
1.5621338
1.531895
1.3247418
1.684566
1.528337
1.6806569
1.2378714
1.0704564
1.5540252
1.4590526
1.4860326
1.2335558
1.5307585
1.7223217
1.6573478
1.8087748
1.4069903
1.4894459
1.4581809
1.589997
2.0157924
1.7454827
1.595566
1.5992719
1.4460516
1.7893683
1.5650901
1.8688906
1.4920703
1.2009338
1.1204176
1.0243192
1.3544345
1.5174372
1.1879019
1.2037416
1.1842389
1.2865173
1.3737233
1.3454189
1.4981468
1.6433375
1.5686784
1.5455889
1.4572294
1.6638743
1.6059088
1.638351
1.5628413
2.07779
1.6635025
1.4299659
1.8988247
1.8331025
1.8543156
1.9471279
2.4547703
2.4689956
2.7720675
2.6021256
2.6100004
2.952753
2.615808
2.612875
2.1547592
2.0388315
2.0339499
2.125863
2.3756657
1.690115
1.372659
1.508327
2.0544977
2.1745002
2.1374903
2.4843707
2.1318772
1.9432051
1.8995619
2.3393373
1.4240451
1.0614069
1.2533067
1.4271698
1.4403638
1.8619292
2.095699
1.8402789
2.4005435
1.8718076
1.6938455
1.6540933
1.7832965
1.7087653
2.2142515
2.1874542
2.2122355
2.3992276
2.732295
2.609724
2.8179052
2.9484262
2.5650058
1.8183336
2.0307152
1.9506984
1.9435347
2.110947
2.1710615
2.2229376
1.7836156
1.653007
1.4786892
1.6875476
1.9949851
2.4606125
2.5573921
2.4304476
2.3078837
2.2661705
2.1091406
2.2675722
2.3320699
1.944216
1.7617964
1.9331517
1.9251165
2.082066
2.2504256
2.3378503
2.1935778
2.2885158
1.9861071
2.6403046
2.2647824
1.6022263
1.4722495
1.4905229
1.763321
1.8808148
2.0086088
2.1173053
2.3747897
2.5641558
2.6316674
2.6768816
2.6323204
2.4370346
2.0843968
1.9260203
1.8423584
1.8683118
1.9166036
1.9936156
1.9705662
2.0073001
2.0649385
1.9424002
2.1665387
2.092764
1.5859973
1.6596321
1.8468745
1.5131955
1.3244945
1.5877281
2.0147073
1.3608198
1.7824891
1.5509478
1.4517257
1.7727818
1.5526603
1.606831
1.5264826
1.5081856
1.5238944
1.6039032
1.509629
1.8200877
1.6067424
1.8005297
1.6096376
1.7438865
1.708448
1.5719141
1.6031289
1.6744746
1.5666745
1.9690351
2.1370263
2.3760128
2.6684642
2.4279695
2.6862214
2.7426786
2.383986
2.4832034
2.1906881
2.080902
2.3843603
1.8852034
2.0021482
1.7294414
1.7380881
1.8359882
1.8378184
1.8513978
1.6705514
1.8815833
2.1188009
2.2871747
2.604442
2.6711984
2.5968978
2.2727647
2.5594614
2.426814
2.5479984
2.710949
2.6417208
2.5903497
2.332001
2.2847257
2.7286422
3.2825108
3.2830646
3.1114368
2.9528778
1.5174822
1.8981187
1.9950479
1.9323843
1.8035724
1.9260619
1.495198
1.6118838
1.9648093
2.7024589
2.3375213
2.9816687
2.2916186
2.777514
2.4033837
2.3004344
2.6665983
2.5198057
2.476202
2.4291275
2.6508458
2.8811753
2.3859906
2.7126772
2.5853102
2.0996106
1.71787
1.8036555
1.7136737
2.3333707
2.720064
2.326933
2.204273
2.332875
2.521103
2.4069097
2.3094943
1.9961601
1.5730965
1.6707938
2.4449174
2.681663
2.0249057
2.663578
2.2925067
2.7993793
2.6616518
2.9032419
2.7120147
2.5345626
2.826891
3.0569289
2.8354955
2.6196213
2.316011
2.5253425
2.6477718
3.3296628
3.544448
3.3659532
3.2205667
2.91028
3.1154196
2.5696616
2.3762677
2.555697
3.1130114
2.7076926
2.6878402
2.4471262
2.4106073
2.2202992
2.5854168
2.4133663
3.1124082
3.0363185
3.0708964
2.3083193
2.7400663
2.8044431
2.5219095
2.8003988
3.1605015
3.2146308
2.7542138
2.5236115
2.1935146
2.0757833
2.1985533
2.2174237
2.9713724
2.791033
2.8581576
2.8118956
2.7121625
2.9067595
2.6042385
1.9724346
2.4021137
2.0527542
2.6608908
2.0576382
2.0085738
1.839556
2.716521
2.5066724
2.5854154
2.7030745
2.9199815
2.323861
2.4341197
2.6902153
2.4897141
2.6719747
2.5121884
2.809824
2.9060433
2.8419452
2.8535469
2.5177393
2.5819128
2.7202713
2.631347
3.0613682
3.0439436
2.8605015
3.2662592
3.1975198
2.2204766
2.227635
2.0982418
2.567969
2.1850758
2.8205025
2.904997
2.7041206
2.5911868
2.2873363
2.129407
2.413862
2.2921762
2.3715892
2.203771
2.0542278
2.6344042
2.9206305
2.7896676
3.394035
2.9861546
2.4216852
2.2745273
1.9865855
2.1848686
2.131503
2.622219
1.9377185
2.1806765
2.2384071
2.3015337
2.3039114
2.2854147
2.3469281
2.5121615
2.4757392
2.971935
2.5025911
3.3225892
3.0454996
2.3899732
2.4859288
2.5131824
2.5474076
2.8207378
2.519006
3.264756
3.0484552
3.46072
3.0816576
2.5886924
1.8735306
1.9066318
2.4402778
3.1270897
2.1409369
2.8950663
2.5875957
2.6407573
2.4779413
2.9718394
2.9485297
3.4938731
3.39694
3.0598888
3.6970205
2.7823193
2.3201158
2.1951792
2.7343805
2.8980715
2.4732075
2.6992943
2.1338558
2.5705771
2.7097387
2.6861522
2.5245523
2.7824776
2.5832167
2.113574
2.5237432
2.891547
2.7085047
2.6886928
2.7996595
3.8170877
3.3931494
3.9513533
4.5026255
4.1341605
3.722499
3.4878817
3.3126054
2.969864
3.2296548
2.981606
3.230068
2.9647634
2.5827281
2.6773055
3.0325425
3.5469275
3.3228798
3.430447
2.8694348
3.0224428
2.8015897
3.8658924
3.389244
4.1048846
3.6713676
4.717913
4.0223722
4.033581
4.0690336
3.8716693
3.8829336
3.9278464
3.8831296
2.9048288
2.8332233
3.668281
3.152079
3.409102
3.3840046
3.5064309
3.0872993
3.1661592
3.1307878
3.4495134
3.2944055
3.8221388
3.4533975
3.9735665
3.4710684
3.2618537
3.4646926
3.0520158
3.014956
2.998662
2.6833477
2.9126801
3.1567771
2.7498863
3.1485236
3.1311324
3.1094081
2.747592
2.7992077
2.9519427
3.2916644
3.085163
3.0326223
3.3623214
3.1438143
3.422828
3.1403067
3.2796805
3.0173528
3.3347423
3.3113232
3.796415
3.2323804
3.4221864
2.8970537
2.9179876
3.1793666
2.3356216
3.2952433
3.5623736
2.9829261
2.3709652
2.5122745
2.852485
2.7344499
2.3573163
2.747534
2.8776698
2.7852643
2.6332178
3.4918427
3.3301592
2.9909925
2.9790814
2.9520998
2.8711011
3.0097575
3.1542306
2.892293
2.976499
3.398185
3.2782514
2.9301949
3.251207
3.415825
3.4437506
3.654127
3.7684715
3.5344715
3.5170822
3.8405304
3.6866608
3.5213847
4.001259
3.65515
3.6369421
3.9070013
3.6437988
3.393548
3.6103306
3.6796672
3.5810966
3.7059336
3.206962
3.6408687
3.3614404
3.5551329
3.2412815
3.5269043
3.4553356
3.550064
3.2011585
3.5360873
3.3695283
3.2004168
3.2099702
2.7514997
2.3122885
2.4314718
2.5286956
2.748822
2.9231596
3.2592413
2.8617697
3.6632974
3.0403018
3.363078
3.699464
3.263411
2.800374
2.9359689
2.900535
2.8819091
2.7526226
3.1661565
3.6898801
2.91713
3.2314572
3.5615137
3.4326396
3.5076613
3.2182956
2.9538817
3.2855635
3.4760256
3.4890163
3.1746616
3.3637888
3.7828135
3.1807916
3.4298403
3.4140952
3.7143877
3.7023122
3.7714405
3.3617108
3.3557043
3.090067
3.6462488
2.8052404
3.672204
3.438548
3.1768808
3.6603205
3.657449
2.5517216
2.2153716
3.3651624
3.2047935
2.8550246
3.056977
2.3261592
2.851401
2.8638332
3.0574875
2.4298398
2.0492823
1.2815427
2.2579489
2.8712795
0.5308786
0.28175756
0.21479899
0.27921563
0.17354248
0.34134185
0.22532357
0.30567098
0.5603953
0.3696892
0.5349154
0.5746141
0.563997
0.55717367
0.49053773
0.5624585
0.33090365
0.3409634
0.43162328
0.3772119
0.28007114
0.36685848
0.43743235
0.62325037
0.7212742
0.77366906
0.9331439
0.84418875
0.8539087
0.7566285
0.80594313
0.7282114
0.9061821
0.78478396
0.8026342
0.8006771
0.90503323
0.92481077
0.74631757
0.788236
0.7697701
0.52163744
0.6742262
1.0456893
0.9534966
0.8097415
0.77293015
0.7289767
0.93839157
1.0531138
0.60396194
0.844399
0.79141986
0.79796416
0.74087286
0.64824075
0.56713563
0.8811119
0.90131205
0.82441986
0.89842504
0.8502406
0.9597367
0.79602045
0.8285197
0.88277966
0.83945334
0.7992372
0.99002206
0.9539962
0.8758636
0.9879782
0.9491179
1.16936
1.195023
1.080905
1.0704312
1.0777522
1.1380804
0.9891885
0.9057669
0.8499418
0.94972026
0.9811562
0.9103148
0.8965886
0.52091694
0.6024366
0.881261
0.9087543
1.0436555
0.9187029
0.7752638
0.7093897
0.58658266
0.48931763
0.4791273
0.39411545
0.3770448
0.45440885
0.3289928
0.29872876
0.26203007
0.30844817
0.61471504
0.46245956
0.39418322
0.41928205
0.32149944
0.42453465
0.35160545
0.41458195
0.4653059
0.45085448
0.3846863
0.54826385
0.47170207
0.41518238
0.51591176
0.44557223
0.4592264
0.45220128
0.55697465
0.55631924
0.57038367
0.4536187
0.3720743
0.45997295
0.5284151
0.47783262
0.41777787
0.5566846
0.49486744
0.5557825
0.5353256
0.42591614
0.5409245
0.38313955
0.4554132
0.5093511
0.6091798
0.4868091
0.5525137
0.66141915
0.43507722
0.6348189
0.5956329
0.72826326
0.5328771
0.49912927
0.6881733
0.641162
0.50703335
0.53249353
0.56914175
0.45437503
0.40810838
0.28568354
0.34414202
0.8008841
0.79528296
0.70221
0.7423339
0.66076255
0.6988473
0.7325431
0.69827884
0.7791513
0.6296158
0.65034556
0.59228253
0.6945656
0.8380107
1.1395205
1.1067125
0.8905647
1.9099871
1.9307648
1.9219922
1.3806865
1.4904897
1.5960076
1.2662079
1.4961095
1.145752
1.14199
1.1747584
1.335454
1.2343289
1.318886
1.1465873
1.361999
1.127525
1.2216574
1.1738563
1.1099926
1.1262367
1.3207327
1.210127
1.2447556
1.2793447
1.5095562
1.5693554
1.2380744
1.2066776
1.2741069
1.1916838
1.1998202
1.2615215
1.2994926
1.0470306
1.2505376
1.1835314
1.2807902
1.2139097
1.2233835
1.423925
1.148506
1.31528
1.7077923
1.5402131
1.375367
1.812128
1.8483536
1.3038763
1.2314844
1.6352315
1.5422223
1.68615
1.7617627
1.6258588
1.370707
1.3043164
1.1297017
1.0327305
1.1275012
1.3874445
1.340307
0.9753876
0.9839989
1.1292087
1.6005167
1.7021112
1.4098091
1.2542683
1.1978059
1.2208256
1.0674515
1.2859107
1.2121793
1.268153
1.38023
1.3806933
1.222427
1.2231119
1.3429816
1.175794
1.3322084
1.2984098
1.2936405
1.2717174
1.3092844
1.4130541
1.1260945
1.0883808
0.8181193
0.87904274
1.1386697
1.127388
0.84972245
0.71393085
0.8957213
0.98890877
0.8484612
0.8344562
0.6609492
0.799994
0.8640431
1.1202766
1.0441692
0.92164934
1.1162171
1.1247742
1.3118218
0.81296736
1.4455277
1.2414984
1.2999383
1.8395542
1.9076391
2.1975114
1.4335457
1.1504847
1.3919044
1.4550596
1.5144056
1.6178708
1.6435822
1.6418698
1.8897387
2.0112805
1.7884957
1.4097232
1.4902644
1.3453279
1.5288324
1.5977966
1.5280484
1.6182917
1.5755098
1.9585117
1.9368409
1.7542714
1.7170565
1.4808393
1.9825747
1.7151356
1.781766
1.5244825
1.7371014
1.7619022
2.3880632
1.945331
2.3916934
2.5519912
2.574613
2.5548656
2.2237327
2.7567232
2.4839628
2.7866552
2.4515588
2.4622374
2.463254
2.367593
2.2845862
2.5172286
2.6084833
2.426555
1.7902226
1.9366819
2.3714113
2.6602466
2.916587
3.5099797
2.9334755
2.1447515
2.0604866
1.8923428
2.0604918
2.050943
2.3271856
2.3874936
2.8348649
1.9592717
1.9458865
1.6548167
1.2543465
1.2661624
0.7120382
1.0884403
1.8642347
1.8765659
1.7905133
3.1530387
2.8829489
3.0897665
3.229778
3.06115
2.8559856
2.9617403
2.712687
2.6490064
2.732181
2.8560655
2.6311986
2.3229077
2.7135448
2.3560014
2.5735471
2.5435045
2.2429035
2.3443086
2.5972238
2.2508807
2.4119132
2.436912
2.4747324
2.2836835
2.3613863
2.0513697
2.1453898
2.439576
2.7855456
2.6621668
2.5862808
3.0463648
3.4302936
3.1336596
2.6198559
1.2746764
1.1537822
1.1854062
1.0994915
1.2208
1.3553805
1.7982658
2.2399511
1.7179031
1.9832084
2.3970194
2.1121564
1.7314973
2.0877194
2.2282152
2.6567593
2.417772
1.965997
1.7525108
1.9713631
1.6558843
1.2433529
1.7806157
1.5235028
1.368041
1.7242601
1.370442
1.264565
1.1342387
1.5009598
1.199645
0.85254866
1.2892659
1.5259837
2.07202
2.2098835
1.6030436
1.9404706
1.9552553
1.9421166
1.9216008
2.320949
2.0573187
2.0872362
1.942359
1.9265243
2.1453388
1.9988525
2.094154
2.0854304
1.898616
2.6929624
2.341512
2.0559378
2.2905087
2.3200076
2.5452101
2.4856398
2.6059043
1.8714724
1.1684128
1.3283384
1.8880907
1.7930156
2.1542444
2.3362951
1.6436002
2.0914383
2.2770157
2.656888
2.5211499
2.683839
2.3849492
2.7316267
2.2695458
2.1649368
1.7592497
2.3154752
2.3307347
1.928878
2.583388
2.0299928
2.5741556
2.4828727
2.5973246
2.7643175
1.4803085
2.1949959
2.464733
2.591009
1.4749867
0.87185615
1.1134031
2.050597
2.1068153
2.0875235
2.5568461
2.3294878
2.0450058
2.9848137
2.7052732
2.051394
1.0837061
1.1112614
1.3635879
1.4351082
1.1828942
1.6175417
1.8060527
2.2305088
1.8310714
1.9061797
2.0864425
1.5781777
2.142494
1.8501405
1.7882462
2.031594
2.7237644
2.0707462
1.9739183
2.2137508
1.7854593
1.8763545
1.6751726
2.1916192
1.9746948
2.1604083
2.2967727
2.6787622
3.0197012
2.1368055
1.8903179
2.2849398
2.238598
2.3391402
2.0967398
2.2877462
2.5348415
2.329959
2.1277418
2.0134344
2.1935353
2.2206361
2.486484
2.2353425
1.3194617
0.6626721
1.0815495
0.7367331
1.1452607
1.3975667
1.167683
1.2579565
1.7435431
1.7193404
1.810327
2.1827786
1.7218543
1.854899
1.6725947
2.0626428
2.4264007
2.1225557
2.2706733
1.9392701
2.6619558
1.6274137
2.4042327
1.5294576
1.8330576
1.784195
1.6080334
1.8301818
2.4309826
2.6545534
2.743657
2.0748045
2.453346
2.5145786
1.8777797
2.0472498
2.0702896
2.2226808
2.4751153
2.41535
2.4363189
2.5041697
2.8632085
3.1347525
2.8226128
3.0989585
3.0546582
2.7932553
2.9676356
2.8980267
3.5654194
3.9639666
3.5224357
3.4266064
2.3731728
3.0857062
2.4120874
2.6069646
2.2013187
1.7492173
1.8021865
2.2663193
1.7076929
1.8837883
1.8647566
1.8425009
2.294333
1.942643
1.8864303
3.1834626
2.6766696
2.676107
2.6697729
2.3537846
2.432846
1.8785053
2.256601
2.665409
2.492318
2.5282261
2.362374
2.6256151
2.938036
2.5302784
2.5004554
2.2685726
2.3628006
2.57189
2.678886
2.2636795
1.8490323
1.8895421
2.184252
2.0686665
1.934453
1.7585553
1.8765928
2.1583247
1.9183714
2.064485
2.2588537
2.4421456
3.000997
3.3720527
3.3076828
3.088814
2.7281754
2.011489
2.2018368
2.540645
2.0720315
2.4543009
2.8919265
2.3675795
2.764575
2.520633
3.67313
2.146411
2.0783892
2.0994706
2.6634328
2.214219
1.8841891
2.923797
2.1002493
2.552804
2.398327
2.3130307
1.9747438
1.5040357
1.9581723
1.9596726
2.265104
1.9096558
2.0784369
1.8934655
2.0957546
1.930384
2.0122797
2.1050155
2.0441883
1.3743297
1.893542
1.733932
2.2277026
2.0547695
2.1903841
1.8328662
1.9814043
1.932914
1.9512954
2.0217602
1.9066342
1.9749534
1.806823
1.7083972
2.208561
2.2727807
1.765873
2.1168375
2.1862702
2.1431549
2.343147
1.8064064
2.1361413
1.8038847
2.083064
2.0016913
2.4054852
1.7501326
1.7966437
2.0866394
1.8537782
2.363115
1.6879394
1.9171221
2.255929
2.2030613
1.9939442
1.4258592
2.090227
1.7370517
1.817501
1.6319196
1.9024565
1.9933794
1.8250934
1.8701614
