10000
8.673188
8.520367
8.483446
8.587831
8.517721
8.541435
8.608698
8.5401745
8.565314
8.623653
8.622695
8.63973
8.599859
8.726891
8.628058
8.673777
8.620036
8.605519
8.68622
8.729243
8.692417
8.707618
8.6737
8.750459
8.661453
8.790031
8.681685
8.760952
8.731811
8.727757
8.774389
8.726486
8.632935
8.627204
8.602902
8.600979
8.570168
8.671711
8.570494
8.614901
8.488901
8.429523
8.441035
8.401623
8.319706
8.163049
7.985461
7.6871657
7.6284847
7.690148
7.442156
7.5292726
7.5210714
7.604938
7.5040264
7.4186134
7.3443384
7.4730906
7.5444098
7.707355
7.827707
8.066319
7.930831
8.026825
7.9032693
7.7441974
7.26025
6.801057
6.8199654
6.4489884
6.144822
6.000479
5.943228
5.889348
6.08055
6.0934258
5.9822187
5.720558
5.694007
5.296066
4.914789
4.7324133
4.8154707
4.8606043
4.8232007
4.7958035
4.8099813
4.7933855
4.7795277
4.7182584
4.751294
4.88585
4.822421
4.871682
4.7961326
4.887993
4.9268694
2.4039586
2.4503922
2.408922
2.4548337
2.3385515
2.2962992
2.305277
2.381469
2.2254398
2.1396954
2.2999997
2.3562088
2.8076143
2.942435
3.0233269
3.0766447
3.0119882
3.28046
3.2660139
3.587408
3.7040315
3.7082305
3.7456684
3.7916694
4.107128
4.015639
4.109346
4.104076
4.161123
4.1921716
4.580639
4.6134715
4.6802635
4.7573466
4.9522805
5.057971
5.0038824
5.011185
4.818012
4.53086
4.284925
4.1011004
4.2495785
4.5397825
4.5755816
4.521153
4.4401455
4.5459933
4.49607
4.5355206
4.3484526
4.388231
4.441771
4.619654
4.6839075
4.5087576
4.543149
4.6054487
4.7924814
4.7286882
4.8856525
4.810325
4.6848907
4.738776
4.790229
4.9710817
4.9529524
4.8943515
4.8107214
4.899255
4.8926644
4.979785
4.734769
4.8568525
4.7954674
4.744319
4.720683
4.6474376
4.7856894
4.78267
4.6932526
4.793821
4.656877
4.7383995
4.58518
4.3857713
4.5176244
4.3346267
4.2075067
4.0588207
4.199859
4.138853
4.1984334
4.1666603
4.3174825
4.448046
4.4749045
4.5362644
4.719047
4.8910227
5.040307
4.9732966
4.9693294
5.0969067
5.1089983
5.1487474
5.098573
5.1489067
5.187999
5.156625
5.090917
4.9800253
5.0594015
4.787278
4.5573006
4.5628614
4.6474085
4.849107
5.082325
4.4348807
4.584539
4.723289
4.7522073
4.6017485
4.590479
4.5392213
4.5693793
4.4351497
4.469998
4.470015
4.3488865
4.2783995
4.3624554
4.294551
4.306539
4.317766
4.2517066
4.347547
4.33906
4.1420474
4.164452
4.190278
4.268578
4.0917387
4.1530128
4.265113
4.1797786
4.2307177
4.3247495
4.32439
4.257899
4.273396
4.8245745
6.1178255
6.1258984
6.177574
6.336392
6.065032
6.18562
6.293314
6.282131
6.31454
6.257393
6.3052707
6.4088326
6.4258432
6.372168
6.3742633
6.385054
6.357642
6.4071636
6.397189
6.364853
6.33519
6.5639925
6.6142044
6.664499
6.644598
6.666853
6.654766
6.590135
6.6326046
6.614403
6.694561
6.7598853
6.7995625
6.7505608
2.1046102
4.1474752
4.2507777
4.2171707
4.198843
4.237697
3.9853253
3.9766421
4.3687
4.2524996
4.292506
4.524074
5.282659
4.344087
4.401137
4.0603147
4.06319
4.2013555
4.1720533
4.192346
4.378201
4.362254
4.479459
4.468265
4.4440193
4.564572
4.4865623
4.604437
4.535015
4.4803905
4.6423125
4.496306
4.44107
4.348145
4.2490196
4.4783664
4.416603
4.4595156
4.543012
4.434414
4.652342
4.6493926
4.531011
4.4230566
4.4826226
4.4222994
4.373854
4.1512537
4.0913973
4.029889
4.256914
4.2687335
4.1016064
4.287225
4.2151246
4.2517877
4.3469586
4.1911645
4.248114
4.2831616
4.3729205
4.644125
4.491687
4.625656
4.679911
4.7074375
4.7617455
4.750457
4.6665187
4.80963
4.758278
4.8356256
4.866598
5.0293097
4.977798
5.006173
4.7971935
4.8799877
4.7854323
4.712489
4.7105365
4.794488
4.8414316
4.715563
4.6375055
4.5908947
4.4647646
4.4824204
4.5394278
4.57789
4.445879
4.3206096
4.464908
4.438783
4.477742
4.4413958
4.549561
4.5031695
4.4676423
4.6379414
4.502575
4.355826
4.4358706
3.4130852
3.4256215
3.741559
3.7535172
3.796459
3.7114358
3.6505797
3.57192
3.620248
3.5144846
3.6154969
3.7623363
3.8027446
3.7982774
3.9653726
3.992397
3.9321966
4.025686
3.9443529
3.731131
3.842115
3.695736
3.6179411
3.493635
3.5101948
3.6975791
3.6099138
3.7681947
3.503805
3.983086
3.857271
3.8815696
3.4396043
2.1766279
3.8980784
3.9142666
3.5381703
3.6823704
4.474727
5.0750294
4.9129906
5.026929
4.9084578
4.8695674
4.9041824
4.9371243
4.7637577
4.8698454
4.6270866
4.7088904
4.6739974
4.713706
4.5747385
4.684704
4.5668874
4.618862
4.445021
4.502748
4.5061417
4.500418
4.5149975
4.4763393
4.5019307
4.3751493
4.487341
4.3665032
4.3668046
4.463999
4.609316
4.7004814
4.4920077
4.5330367
4.6451564
4.765206
4.6184354
4.4359937
4.5202894
4.6353273
4.498383
4.7581005
4.8011155
4.914252
4.7512913
4.7410192
4.707825
4.8612657
4.9941635
4.7733116
4.858487
5.109633
5.121684
4.9888434
5.0348835
4.9043255
4.6701264
4.545979
4.450863
4.6541624
4.660454
4.582361
4.5533075
4.4168677
4.527577
4.341049
4.212069
4.3101892
4.389521
4.343668
4.4289045
4.442356
4.2635055
4.2420583
4.208266
4.374982
4.159932
4.148484
4.0717087
4.044938
3.7279847
3.8723595
3.8014555
3.803741
4.1920524
4.5316358
4.5066648
4.5738344
4.3835363
4.519506
4.5301347
4.44391
4.3789325
4.22417
4.1840305
4.0876136
4.2389183
4.2605667
4.1949425
4.2843947
4.090724
4.144084
4.1466837
4.235865
3.5882015
6.7892513
7.0484266
7.1474295
7.0624456
7.1708345
7.0373363
7.245721
7.194815
7.1902494
7.2585936
7.1142263
7.17038
7.071578
7.141008
7.1512594
7.071865
7.0584307
7.156442
7.1241736
7.066888
7.192475
7.0322714
7.053995
7.055813
7.1085525
6.9608793
7.0862703
7.0001144
7.111065
7.15156
7.1889915
7.1092024
6.945635
7.0039454
6.6448927
6.5364294
6.4852877
6.2925515
6.3377504
6.318628
5.97561
5.782142
5.784972
5.8543115
5.8114057
5.834523
5.7719297
5.637927
5.60904
5.6877766
5.241772
5.076485
4.8313575
4.835458
4.6900616
4.5525513
4.754629
4.9332867
4.86703
4.824184
4.818129
4.8234544
4.656682
4.707735
4.6833725
4.606405
4.6206517
4.4345484
4.4878345
4.3673067
4.1848617
3.9035478
3.7422009
3.806453
3.751177
3.822396
3.8134277
3.6643274
3.690672
3.7176542
3.610661
3.753278
3.8551292
3.801615
3.8564165
4.026868
4.3186703
4.4811563
4.504081
4.6129246
4.6305685
4.369637
4.342264
4.462269
4.359997
4.262135
4.277443
4.2175746
4.107469
4.126169
4.155851
4.0483856
3.8924851
3.887148
3.7973542
3.5250645
3.5339687
3.7152925
3.5883658
3.6041126
3.7258675
3.5340824
3.5587292
3.568302
3.5160127
3.4946222
3.2361007
3.3339787
3.341399
3.3992724
3.4902706
3.5524907
3.6420815
3.7689245
4.0075827
4.0194325
4.0690827
4.208449
4.128141
4.1278677
3.9924407
4.099235
4.1283846
3.9599798
3.9798074
4.0881796
4.3050604
4.2793713
4.4011893
4.389034
4.617834
4.849496
4.816889
5.0965905
5.2406526
5.3295655
5.3675375
5.267735
5.3301287
5.132676
4.878017
4.785024
4.691285
4.7352595
4.561494
4.5948496
4.5408015
4.487836
4.5445366
4.3364897
4.296824
4.444642
4.548312
4.6200557
4.788241
4.934011
4.9504843
4.921715
4.9914303
4.845525
4.957851
4.6875396
4.8075094
4.7444687
4.783803
4.6802177
4.476447
4.468539
4.2407765
3.9773126
3.7625184
3.9065957
3.963022
4.2052484
4.1795177
4.147371
4.0912485
3.9888623
3.8715143
3.6199665
3.33647
3.2458208
3.2721767
3.357062
3.3055842
3.4750986
3.5773244
3.6973002
3.8652494
3.9268825
4.1804147
4.369137
4.2328715
4.359138
4.48246
4.525006
4.6185894
4.638436
4.6059723
4.7671866
4.8343143
4.8782706
4.811419
5.0769224
5.099266
5.1638837
5.288136
5.247455
5.365472
5.4575915
5.4206033
5.4397717
5.3719997
5.4486136
5.4378285
5.2375097
5.2692184
5.330622
5.518389
5.3281956
5.0740795
5.125947
4.9831095
4.846295
4.486765
3.4889462
3.4642587
3.0926237
3.0653772
3.0798507
3.1183615
3.0962143
3.1748052
3.0729487
3.051767
3.1809766
3.1679063
3.2488976
3.209585
3.2896237
3.1553497
3.254181
3.3351827
3.2366803
3.2076092
3.2442613
3.3519018
3.3664494
3.3250816
3.334918
3.4087708
3.3281693
3.4258065
3.3608847
3.422896
3.3854363
3.5238578
3.474854
3.4768455
3.3790495
3.3376718
3.3343797
3.2940922
3.3878922
3.3354588
3.3285804
3.2940392
3.3517957
3.310133
3.2401521
3.2498534
3.269484
3.147133
3.1582637
3.1089487
3.0643485
3.099975
2.9707165
3.023208
3.0545874
3.0312424
3.0684266
3.0352685
3.062894
3.070158
2.9614625
2.9994621
3.0083113
3.0363362
3.0621514
3.6337135
3.577269
3.4935644
3.7679574
4.046618
4.086518
4.1424828
3.8635185
4.2735753
4.436212
4.622691
4.590231
4.7123055
4.5840716
4.4423647
4.148251
4.0550365
3.942899
3.8695729
3.7703378
3.99248
3.9534805
4.0160556
4.0198255
3.9797437
4.0219855
3.9157023
3.9180071
3.8250823
3.9350164
3.9519129
3.9113767
3.9424682
4.0944557
3.975039
3.8583467
3.8116481
3.7597451
3.9654946
4.326623
4.097095
3.6327553
3.630006
4.077424
4.0900764
3.8965113
3.952956
3.9275305
3.7592082
3.7440553
3.5042377
3.4730906
3.5275316
3.253127
3.43342
3.4385066
3.5156
3.5376892
3.4823027
3.5705392
3.4802773
3.2694411
3.3839142
3.3540533
3.220552
2.9651875
2.9667718
3.063101
2.866539
3.3619397
3.6188614
3.6294086
3.3854673
3.2880192
3.332239
3.368006
3.5337672
3.471734
3.4100182
3.5480442
3.7107017
3.440127
3.4307232
3.5063453
3.68469
3.580607
3.6607718
3.6385155
3.6334639
3.7192328
3.9215467
3.7615702
3.8631122
3.7259054
3.6539237
3.5926533
3.3714197
3.6295137
3.6278217
3.595837
3.4885418
3.5537467
3.6720393
3.538581
3.792251
4.016333
4.091271
4.184948
4.2917614
4.534402
4.4583774
4.275652
4.279763
3.936709
3.6036303
3.5775614
3.6231458
3.7275105
3.555439
3.4866364
3.4910164
3.9353447
4.033438
4.1763034
4.0375795
4.126818
4.0835986
4.1376624
4.1039505
4.201068
4.0737977
4.2990866
4.1127424
4.1065245
4.1247053
4.0148134
4.0664186
4.2017317
4.299428
4.099277
4.024611
4.1075172
4.0195446
4.0649114
4.1165047
4.10825
4.2315545
4.128226
4.100085
4.241459
4.0868893
4.0731883
4.1099873
4.106578
4.2303405
4.0820556
4.1637836
4.0839877
4.202924
4.269983
4.170484
4.1574917
4.1751676
4.153617
4.1298456
4.0057564
3.7202706
3.56499
3.6029522
3.549885
3.824469
3.6976151
3.7680929
3.729937
3.7849638
4.031542
4.101942
4.2714624
3.764287
3.954095
4.5285673
4.5701766
4.6855307
4.6034794
4.6835513
4.6169767
4.6024513
4.569442
4.6147456
4.577758
4.499428
4.5585413
4.452903
4.6527195
4.61722
4.6630406
4.5794206
4.598713
4.562672
4.640168
4.644998
4.5328116
4.473025
4.5861154
4.593067
4.719644
4.491161
4.496825
5.928321
6.4746137
6.561264
6.508913
6.2884145
6.238982
6.3781433
6.3211427
6.38988
6.4166555
6.3108644
6.371584
6.356119
6.2733617
6.3076205
6.1869774
6.1372333
5.97698
5.7589574
5.628006
5.34996
4.960348
4.5155544
4.132311
4.132405
4.1413717
4.1083426
3.889525
3.83354
3.7661314
3.9022532
3.8787441
3.9559348
4.525137
4.470757
4.6733317
4.939066
4.9401064
5.075554
5.0280924
5.563843
5.5671363
5.822592
5.9911947
5.9219975
6.0970383
6.2855606
6.34818
6.2780595
6.3006716
6.430086
6.5145817
6.473129
6.291743
6.2533755
6.269501
6.250619
6.1407013
5.9207497
6.014528
5.990282
5.997808
5.908737
5.8297772
5.8713923
5.8484874
5.804713
5.8159914
5.857754
5.8659267
5.8645334
5.8504086
5.888236
5.883292
5.75595
5.8686495
5.8960776
5.925877
5.8481803
5.854994
5.7718253
5.664016
5.5618834
5.540433
5.5627522
5.5396957
5.317111
5.192585
5.1185083
5.15839
5.0266438
5.0403514
5.125539
5.03671
5.0308595
5.027529
5.041154
5.024145
5.0329657
4.989024
4.958121
4.953315
5.0200095
5.0588436
5.100769
5.150754
5.3524866
5.283265
5.405834
5.4767566
5.4473596
5.496275
5.593404
5.718389
5.7673526
5.9014773
6.056155
6.066323
6.0831127
6.03567
6.100838
6.094823
6.1018414
6.1681485
6.106712
6.1735454
6.0663314
5.9579544
6.0646844
5.9804463
5.978133
6.0489163
6.0493035
6.094942
5.930047
6.1705537
6.0992565
5.97905
5.929923
5.962536
5.9055805
5.8120046
5.8725348
5.9185457
5.9290895
5.806533
5.882012
5.784228
5.819655
5.8584957
5.8025966
5.8218226
5.7315097
5.9534836
5.931879
5.9511805
5.9938993
5.936593
6.139868
6.0902104
6.0911226
6.159961
6.1640363
6.114205
6.124281
6.205688
6.1559625
6.202982
6.041897
6.115668
5.883216
5.9557624
5.940212
5.9917555
5.8692083
5.8417363
6.0125685
5.960765
5.9557276
5.833287
5.9150057
5.956585
6.048478
6.0886674
5.9812236
6.177379
6.113955
6.0149584
6.0370317
6.097827
6.114822
6.257657
6.1080513
6.2544117
6.127641
6.2599635
6.099002
6.1228604
6.1126347
6.1605244
6.080254
6.122157
6.064314
6.0477695
6.0294814
5.9947414
6.055764
5.9566755
5.93083
6.019924
5.966059
6.0021434
5.974645
5.953638
5.925722
5.824061
5.8948197
5.8088155
5.723684
5.7339497
5.650504
5.7447357
5.80131
5.817057
5.819837
5.8137116
5.926321
5.846799
5.94567
5.8607044
5.9286733
5.7531323
5.9240174
5.8495746
5.9057913
5.8900104
5.8615694
5.913801
5.900644
5.8686004
5.8453918
5.993047
6.128116
5.998704
6.041634
6.02537
6.061389
6.12747
5.9691877
5.9577384
5.9914985
6.0554347
6.250078
6.1524496
6.1764574
6.150593
6.063768
6.208147
6.245311
6.2536707
6.269019
6.106553
6.0650268
6.004705
6.083531
5.9156446
6.0818863
5.902173
5.846553
5.9952135
5.884598
6.085451
5.7399926
5.895869
5.8243656
5.865421
5.741933
5.9568253
5.9656763
6.195971
6.0229416
5.9757466
6.185497
6.0620694
6.053418
6.0249386
5.953339
6.048074
6.0820866
5.9868493
6.194329
6.0259943
6.005168
6.1270714
6.0062265
6.0745964
5.9514
5.926479
6.009491
5.99068
6.0735464
5.938003
5.9788704
6.131683
6.041525
6.1057253
6.1331797
6.070296
6.1601152
6.1570864
6.1739583
6.084201
6.121056
6.148676
6.2404494
6.097126
6.061707
6.073313
6.070759
6.1644883
6.092411
6.1818624
6.1439505
6.172084
6.1773705
6.1695395
6.0119996
6.065148
5.9093885
5.877391
6.0561647
5.9277368
5.834873
5.9207363
5.9102707
5.987201
5.9817734
5.967025
5.8230643
5.787406
5.6728287
5.6185465
5.551774
5.629837
5.6104546
5.4264245
5.488029
5.587184
5.734913
5.7498965
5.8125467
5.959779
5.819108
5.6952276
5.739244
5.7739625
5.8663416
6.0192733
6.1833034
6.2241607
6.1930957
6.133175
6.1091976
6.0251274
6.041347
5.905134
5.909089
5.8969865
6.1655245
6.057302
6.2165427
6.1916294
6.1596537
6.08337
6.065986
6.042677
5.995365
6.0497074
6.172901
5.9905806
5.9182262
5.5699577
5.6384535
5.52412
5.4699507
5.4634266
5.4671407
5.486377
5.475603
5.5033317
5.575416
5.5935545
5.9261875
6.18845
6.329956
6.129019
6.1364293
6.0941744
6.2530303
6.016352
5.9748597
6.0421333
6.074954
6.4149075
6.4683323
6.3862896
6.429181
6.437373
6.410516
6.386167
6.4261413
6.212141
6.1900287
6.186734
6.2065444
6.1805863
6.326247
5.796376
5.737315
5.6658363
5.646906
5.6510773
5.683127
5.8389783
5.924685
6.1699014
5.911729
5.9073434
5.7611027
5.843347
6.074413
5.890221
5.7679048
5.865411
5.924274
6.202472
6.45049
6.1970253
6.1826534
6.0724554
5.898191
5.570741
5.315327
5.193592
5.205085
5.200049
5.1914577
5.296594
5.492366
5.517331
5.7124615
5.8862777
5.5522556
5.149081
5.1788335
5.328513
5.4618225
5.264091
5.2408633
5.3511806
5.241275
5.486253
5.609637
5.6366897
5.6900215
5.8192053
5.768446
5.617384
5.6475234
5.5616565
5.4736843
5.5558643
5.536148
5.4840198
5.5986075
5.571276
5.695974
5.728159
5.822936
5.8966746
5.8299923
5.945835
5.89526
5.6388893
5.537846
5.254797
5.2633114
5.2180815
5.228315
5.1695585
5.313348
5.255255
5.363139
5.3208985
5.2745104
5.311636
5.4138546
5.3514595
5.1348834
5.201499
5.1036577
5.061035
3.850769
3.8771515
3.9594285
3.7937772
3.8794687
4.037189
3.926377
3.855159
3.8679774
3.8905523
3.9326441
3.9023302
3.9549198
3.849761
3.7190537
3.4857047
3.5853631
3.5353088
3.42473
3.3916457
3.4224412
3.5489516
3.5478659
3.66637
3.9063716
4.00524
4.382183
4.4358015
4.1518126
4.0706944
3.2772315
3.418709
3.3439367
3.4569752
3.6297295
3.557878
3.654558
3.6644735
3.4776566
3.6557314
3.7809486
4.022573
4.095725
4.0994115
4.091826
3.9739404
3.8397682
3.8410206
3.9918823
4.031068
4.0736594
4.0785813
4.127266
4.3148985
4.072483
4.0392246
4.102902
4.082236
4.2562437
4.1731877
4.2358747
4.187953
4.2486963
4.2269254
4.278039
4.2558537
4.245303
4.2462835
4.160343
4.2582016
4.1659713
4.3117313
4.1722717
4.2742767
4.1570354
4.2682066
4.15477
4.2606626
4.160381
4.267245
4.188783
4.3085155
4.1703153
4.269058
4.1756716
4.3079796
4.18489
4.323012
4.2738605
4.3263035
4.20258
4.265964
4.2538624
4.276003
4.2653937
4.267741
4.2612658
4.235635
4.2488604
4.2534904
4.3085475
4.2398834
4.278518
4.2395797
4.274204
4.2171636
4.281059
4.2059774
4.2462525
4.2227535
4.2737145
4.192367
4.2671757
4.158879
4.249855
4.2138333
4.2843094
4.225869
4.168511
4.2363153
4.2417126
4.239624
4.292892
4.2571716
4.307279
4.308657
4.311926
4.3169694
4.3391237
4.339349
4.2379932
4.28419
4.235922
4.2906575
4.2571597
4.2987003
4.2575836
4.2998524
4.248529
4.271199
4.256176
4.3013268
4.2389235
4.317992
4.258771
4.346708
4.2359037
4.337785
4.366738
4.3122187
4.3470955
4.3283625
4.3632755
4.33734
3.8433454
4.174685
5.0610557
4.859499
4.760031
4.7177243
4.84207
4.821341
4.8944435
4.9387045
5.2173986
5.1856275
5.3933825
5.346088
5.454097
5.408684
5.5368166
5.404339
5.55147
5.3267946
5.5748143
5.3838797
5.5189996
5.273982
5.3436136
5.5813427
5.3815036
5.408523
5.4068327
5.391727
5.2556295
5.4440727
5.4733152
5.5078764
5.589206
5.6551986
5.684725
5.701545
5.896404
5.893429
5.906594
5.8904366
5.9023066
5.870543
5.9205885
5.819942
5.906791
5.8684444
5.8377085
5.824456
5.8612456
5.862133
5.896032
5.808942
6.031328
5.8974295
6.055914
6.0054855
5.9643955
5.9761415
5.985607
6.0462894
5.996666
6.0077715
6.012458
5.9975433
6.0670333
5.9209385
6.111041
6.0739584
6.0902004
6.283502
6.174185
6.1991863
6.1906734
6.2548547
6.27597
6.291428
6.3635654
6.2544494
6.2913375
6.33915
6.2320313
6.2574997
6.2733684
6.2624626
6.227013
6.2696652
6.1724195
6.279386
6.298218
6.1876917
6.1891365
6.1313567
6.112812
6.1817074
6.1221943
6.0746384
6.1078253
5.986513
6.065711
6.052551
6.0924907
6.056716
6.2078023
6.1630707
6.1425743
6.0870223
6.0588794
5.8740788
5.860199
5.7963824
5.8275623
5.885717
5.70484
5.8687067
5.851878
5.75247
5.9724455
5.593536
5.470193
5.2122703
5.385339
5.231012
5.4761066
5.5193024
5.5702357
5.547237
5.60931
5.4279127
5.2739854
5.6758547
5.578908
5.5868692
5.432557
5.6725945
5.7806993
5.7076483
5.9323997
6.1404004
6.2085404
6.2628245
6.236083
6.18612
6.1380763
6.107749
6.134623
6.0735507
3.984656
4.079817
3.9317973
4.037915
4.0311155
3.8971694
4.15666
4.042148
4.1720767
4.2318754
4.24644
4.048144
4.3630614
4.4053307
4.4810386
4.482876
4.4954014
4.527155
4.548172
4.480652
4.6591725
4.756563
4.772412
4.8153543
4.7473006
4.8726263
4.9500885
5.026077
5.176505
5.0271015
5.0910687
5.2033844
5.1759267
5.258384
5.2520566
5.3847656
5.4051485
5.390937
5.3615665
5.3991055
5.305353
5.378782
5.531051
5.4116106
5.4704657
5.469545
5.5260053
5.3862767
5.377883
5.2928348
5.377731
5.406624
5.411854
5.4477453
5.4283
5.484654
5.473061
5.4740934
5.487821
5.3590484
5.362174
5.407142
5.400397
5.437461
5.418956
5.4507194
5.3450727
5.3370595
5.296606
5.2731123
5.226995
5.2807274
5.3429327
5.328386
5.362171
5.274683
5.253815
5.3281264
5.3909235
5.3437157
5.272278
5.1621594
5.1580644
5.130185
5.179058
5.200023
5.009677
5.0766926
5.0180492
4.9589124
5.0290895
5.0501
4.961828
4.897798
4.941567
4.9072714
4.9503393
4.8982673
4.9919133
4.9788527
5.0293827
5.0429106
5.0939937
5.225244
5.1346855
5.085822
5.0083885
5.1553164
5.0494547
4.9331155
5.105625
5.2955723
5.4067364
5.302105
5.315669
5.2039084
5.2830377
5.3165154
5.4569845
5.424946
5.4880176
5.4094014
5.588867
5.5319834
5.585605
5.749316
5.776897
5.712955
5.748959
5.703099
5.8449607
5.5564003
5.492389
5.6056366
5.531674
5.816192
5.7849464
5.717093
5.6972494
5.664793
5.7430506
5.651271
5.7533045
5.6898894
5.671822
5.581455
5.6699924
5.6215754
5.7684383
5.7004967
5.6520343
5.6882606
5.7330384
5.599008
5.631073
5.537343
5.6170225
5.712343
5.556007
5.608155
5.609532
5.6531587
5.6163535
5.674564
5.6123824
5.5597982
5.6605277
5.731123
5.683838
5.7073154
5.6219378
2.3234034
2.4893835
2.4624417
2.6986618
2.3491597
2.3542469
2.5044045
2.5697055
2.5163124
2.498367
2.6589653
2.4559221
2.385714
2.427729
2.4182746
2.3467271
2.4032745
2.422071
2.3365958
2.3379574
2.354675
2.3579867
2.405559
2.3065383
2.337099
2.2794755
2.2537487
2.14716
2.3460348
2.3720412
2.2600508
2.2896202
2.3064528
2.3921492
2.4304435
2.4159172
2.3875973
2.3744044
2.3289306
2.365029
2.2983494
2.5088995
2.452459
2.492696
2.3966656
2.6070046
2.5070126
2.6295784
2.5978084
2.6031327
2.9004834
3.057564
2.92603
2.9975808
3.2297947
3.5804725
3.805211
4.037338
3.8010802
4.5004597
4.946527
4.940603
4.9988055
5.036376
5.0882688
5.3358994
5.3762965
5.528147
5.5255303
5.612619
5.7646556
5.5522933
5.5273957
5.6017275
5.7199373
4.67384
4.787318
4.712352
4.8036532
4.9321585
4.896973
4.962741
5.004091
4.9879713
5.132751
5.156549
5.3607426
5.435706
5.5443153
5.4572864
5.5030065
5.5434885
5.683931
5.547249
5.6438847
5.5858355
5.772382
5.9488883
6.0289116
6.209527
6.3582826
6.277889
6.177789
6.1956043
6.096284
5.9922037
5.953357
5.8678265
5.8707
5.8684654
5.8631916
5.7596564
5.7602243
5.835496
5.8438096
5.8250422
5.8279486
5.940995
5.817079
5.790272
5.8327003
5.7588067
5.7518044
5.723567
5.6294804
5.648548
5.4916496
5.4337893
5.27894
5.220928
5.1003113
5.042603
5.040434
5.2106996
5.0207977
5.0686674
5.1611366
5.168392
5.087631
5.161917
5.0563993
5.079713
4.9777184
4.882867
5.028732
4.98139
5.046733
5.065549
5.0543866
5.009206
5.051272
5.08375
5.056978
5.0542808
5.0739603
4.9988937
5.169368
5.130824
5.1343374
5.105947
5.218258
5.253869
5.2566605
5.283238
5.2683578
5.338703
5.2419395
5.1744843
5.1564217
5.1510835
5.2506037
5.2794
5.2881584
5.217701
5.227834
5.2593594
5.2226033
5.3236165
5.2960033
5.371945
5.259824
5.3091755
5.2782845
5.270869
5.2484226
5.2396436
5.3096375
5.304943
5.355849
5.3034964
5.336875
5.4141283
5.462473
5.373426
5.445375
5.494319
5.4764056
5.4499545
5.418166
5.473399
5.49662
5.392478
5.4344587
5.4318852
5.514309
5.4545183
5.515078
5.496519
5.5020514
5.496287
5.551103
5.521202
5.577451
5.5654154
5.6145663
5.6081595
5.5908766
5.6159024
5.6135507
5.6722364
5.711934
5.784584
5.690364
5.775086
5.633767
5.6154356
5.625093
5.6755576
5.6464252
5.67683
5.717619
5.660981
5.6786175
5.6670485
5.622948
5.746366
5.77247
5.7936587
5.750984
5.8116693
5.775947
5.7940383
5.6542854
5.56659
5.584201
5.3534927
5.371566
5.4354134
5.3373547
5.435705
5.221525
5.224551
5.22997
5.319744
5.324773
5.222538
5.16693
5.2390547
5.209515
5.2512155
5.2696524
5.14309
5.2426114
5.2553444
5.236393
5.137471
5.1779785
5.0234466
5.1339016
5.0616217
5.157687
5.188207
5.201266
5.341397
5.1813574
5.355935
5.366727
5.3841543
5.390723
5.4027185
5.422602
5.3607144
5.4411287
5.385398
5.417693
5.383544
5.393324
5.377524
5.5008154
5.4212737
5.461568
5.359727
5.370536
5.2651434
5.350524
5.2796216
5.189641
5.236042
5.0856347
5.2158136
5.2015176
5.224736
5.0789595
5.160407
5.2423744
5.1944666
5.060793
5.159042
5.1201377
5.1272116
5.086091
5.1772547
5.2976494
5.2298236
5.1494164
5.0625734
5.1714225
5.1704426
5.1204157
5.1774635
5.3297606
5.3425665
5.3436646
5.4711547
5.51793
5.694717
5.6825905
5.7619905
5.90086
5.9616413
5.9708896
5.985658
5.950857
5.956976
5.945331
6.00701
6.0216355
5.990005
5.996453
6.0189457
6.0132866
6.13013
6.1945553
6.2763762
6.291197
6.223472
6.2199225
6.210351
6.266877
6.2707906
6.3682675
6.3003817
6.2238603
6.3084793
6.151146
6.236088
6.1601753
6.1791105
6.205701
6.1716757
6.1461887
6.1861806
6.1793976
6.204489
6.2593284
6.188714
6.219495
6.1968007
6.1570206
6.202833
6.251402
6.2052755
6.2229185
6.1727433
6.1618385
6.2409887
6.1267285
6.176158
6.1516795
6.186785
6.1687064
6.1240983
6.110281
6.1276298
6.1193147
6.1141796
6.025412
6.0919013
6.091801
6.091014
6.0868244
6.069516
6.057273
6.0329123
6.009819
5.9655
5.896809
5.893119
5.937915
5.9079833
5.981795
5.9881124
6.0527577
6.0322986
6.111901
6.138255
6.1437564
5.9167104
5.861167
5.7585273
5.729394
5.565431
5.4439545
5.4145446
5.081265
5.0585837
5.0402784
4.965767
4.9710526
4.987189
4.80048
4.9019704
4.8800225
4.8415637
4.9458466
4.886676
4.7087913
4.6980257
4.7923503
4.750618
4.733506
4.7424374
4.816633
4.74622
4.8796225
4.798869
4.922939
4.9102416
4.958534
4.873093
4.8497972
4.852826
4.887404
4.84587
4.9401994
4.959522
4.95903
5.0061297
4.9457374
5.025709
4.9777794
4.9768085
4.9582973
4.9253902
4.9698844
4.925083
4.971055
4.945911
4.96931
4.983713
4.967508
5.006191
5.016234
5.0100455
5.043234
4.9983125
4.9958634
4.997585
5.0442243
5.0116005
5.006846
4.9975357
4.999187
5.0210805
5.0122075
4.9741983
5.020432
5.0431395
5.0218024
5.023023
5.011887
5.001355
4.999364
5.000953
4.9897265
4.9789023
4.9411626
4.9437447
4.9622674
4.9722385
4.933227
4.891507
4.904833
4.9623694
4.928162
4.9637756
4.916688
4.9336796
4.9033303
4.8693514
4.913133
4.8977957
4.8656816
4.923785
4.8918056
5.0007186
5.1148586
5.258452
5.213574
5.272491
5.3332624
5.2807555
5.204731
5.1977267
5.1295166
5.084219
5.1257806
5.199285
5.127585
5.244031
5.165825
5.236039
5.2014494
5.1654687
5.1479273
5.2365065
6.3929596
6.3851795
6.4589806
6.348867
6.2496705
6.2073755
6.1919956
6.1692667
6.2094007
6.048728
6.091507
5.997618
6.065788
5.991158
5.9683533
5.97768
5.91822
5.9294987
5.94083
5.936756
5.8618093
5.8900986
5.8706875
5.8527684
5.8895326
5.9642735
5.9631243
5.8728285
5.9679575
5.9154863
5.9101844
5.846098
5.890469
5.8854995
5.8694468
5.9126287
5.898341
5.907001
5.920774
5.9055257
5.89073
5.878617
5.8738823
5.8980665
5.910155
5.938186
4.960455
5.0170517
4.9182177
4.9696507
5.0445256
5.0200286
5.0618567
5.152129
5.013526
5.2209916
5.0634604
5.193972
5.086421
5.264338
5.0445647
5.2824893
5.097155
5.256682
5.0552006
5.266176
5.091387
5.2500544
5.1166444
5.3320756
5.171384
5.3151946
5.1257167
5.342484
5.151551
5.327797
5.054578
5.280844
5.175998
5.270536
5.137191
5.2555575
5.1374063
5.27677
5.1279488
5.332007
5.1359277
5.3296585
5.1268387
5.313818
5.1386075
5.2631383
5.145331
5.269616
5.074249
5.2914214
5.1365604
5.3274446
5.110182
5.306276
5.1058865
5.289404
5.0999913
5.3091903
5.101869
5.334101
5.150872
5.358207
5.1964517
5.347849
5.1742353
5.3801017
5.19001
5.345587
5.224033
5.3471894
5.205255
5.3561716
5.2757816
5.266656
5.281659
5.3527403
5.3120813
5.3640733
5.2954607
5.205883
5.2516956
5.1819954
5.1632023
5.202944
5.1352754
5.2173457
5.1393113
5.2142043
5.1254396
5.2881
5.1247005
5.247843
5.105637
5.3227825
5.1399317
5.3165264
5.1985993
5.2624235
5.1980367
5.304967
5.194407
5.3211155
5.233382
5.3339925
5.2330375
5.261957
5.208
5.306811
5.1851964
5.3174663
5.2307715
5.3176265
5.244075
5.228326
5.2285337
5.3039713
5.180007
5.2012444
5.222425
5.2042246
5.188837
5.281436
5.188307
5.256723
5.155247
5.2409062
5.1711326
5.240174
5.1930876
5.2249126
5.1935544
5.230564
5.1189303
5.220309
5.1242456
5.1032662
5.1110144
5.176939
5.1537943
5.15946
5.134431
5.1590257
5.114607
5.133396
5.1121764
5.1575437
5.0811563
5.1363106
5.1127143
5.1685324
5.073162
5.1599116
5.169094
5.216032
5.181535
5.2317224
5.149544
5.1850586
5.142758
5.2467937
5.1741667
5.2071548
5.20525
5.2182865
5.1956615
5.158097
5.231479
5.186119
5.2198815
5.166651
5.1838803
5.144367
5.2039995
5.1455407
5.170862
5.1629615
5.16091
5.1062465
5.1327844
5.157436
5.0857067
5.1663175
5.126972
5.1874313
5.0688844
5.232149
5.0779357
5.1955533
5.071105
5.1795235
5.0938206
5.1312766
5.112831
5.122423
5.091872
5.1339083
5.087648
5.1971073
5.0930758
5.177211
5.1712847
5.1966577
5.1696367
5.1696362
5.2003436
5.1613503
5.1572304
5.1770053
5.1030736
5.1851954
5.1956086
5.230929
5.2027454
5.245739
5.22729
5.2666926
5.2168894
5.891153
6.047551
6.0562673
5.857754
5.9856763
5.8751836
5.9812994
5.9395237
6.008808
5.895097
6.0492163
5.93929
6.0565643
5.9455023
6.0558767
5.920479
6.0498652
5.9427724
6.0670643
5.9389324
6.0186777
5.9251537
6.0239367
5.8713512
6.00426
4.821403
4.5794687
4.625638
4.619316
4.63358
4.588167
4.6023593
4.718993
4.650962
4.6854086
4.625223
4.640028
4.632533
4.6119094
4.606662
4.597828
4.6011577
4.7111835
4.593503
4.597389
4.595046
4.552764
4.599385
4.611369
4.673967
4.599675
4.607378
4.575731
4.59482
4.578969
4.619549
4.6217365
4.5761867
4.6400447
4.5633087
4.56764
4.570813
4.559114
4.58175
4.529045
4.5911393
4.519517
4.510503
4.5298533
4.5046196
4.508605
4.419364
4.449725
4.406252
4.493046
4.31172
4.4640155
4.345123
4.473779
4.330678
4.375127
4.31194
4.296542
4.356796
4.2457404
4.3749228
4.1062307
4.239578
4.216505
4.1240435
4.0257883
4.175265
4.162573
4.227895
4.1787796
4.207665
4.314956
4.3169956
4.3591046
4.429187
4.5279274
4.634668
4.6916223
4.6420994
4.6958876
4.6231465
4.688221
4.591487
4.649685
4.739296
4.7928615
4.985554
5.0018363
4.970306
5.07351
5.207371
5.1339607
5.218697
5.1502714
5.21368
5.1885777
5.4097033
5.361723
5.459692
5.509224
5.5598536
5.589613
5.6080203
5.597822
5.5675964
5.7320704
5.616972
5.6514783
5.6701994
5.6612506
5.646049
5.707861
5.70479
5.7333817
5.731716
5.7437954
5.839532
5.746874
5.8267584
5.81264
5.892905
5.829611
5.848619
5.810664
5.8478127
5.8376093
5.8603005
5.8758726
5.906447
5.883844
5.9118404
5.9431176
5.975011
5.907511
5.9798546
5.928946
6.0861177
5.9644756
6.090077
6.037231
6.171975
6.044459
6.1573324
6.1044025
6.1236773
6.150754
6.2142982
6.090932
6.140211
6.187079
6.2018204
6.1851635
6.129666
6.132093
6.079912
6.0821476
6.034496
6.067742
5.936499
5.8839073
5.7428036
5.7351847
5.657001
5.6266055
5.542628
5.496699
5.4179325
5.5246086
5.535386
5.511344
5.6133223
5.5811453
5.6475983
5.595436
5.5695963
5.5580273
5.6960435
5.5872693
5.6982102
5.6054773
5.735751
5.5930066
5.611823
5.5903044
5.636266
5.555511
5.635997
5.589356
5.666208
5.5725026
5.635646
5.557335
5.6414266
5.6522317
5.6016464
5.6171
5.5096164
5.6101694
5.5397162
5.5311823
5.518908
5.498999
5.565309
5.4734626
5.406637
5.516875
5.453869
5.4454374
5.377075
5.4199967
5.4081383
5.369136
5.4027886
5.354143
5.410273
5.3992605
5.397959
5.376697
5.3793983
5.3913994
5.4101086
5.4175916
5.3972692
5.3142304
5.324592
5.2987328
5.272593
5.245496
5.2368865
5.227516
5.2459455
5.2051086
5.103613
4.985131
5.1129637
5.088988
4.96365
4.926463
5.100246
4.8829107
4.940981
4.936226
4.861234
5.0433807
4.9039426
5.0151806
4.8774066
5.0130954
4.8363934
4.9244547
4.8695917
4.943323
4.8204727
4.9365697
4.8308053
4.939763
4.8083744
4.917682
4.7769794
4.9120173
4.7692785
4.904795
4.7626095
4.862877
4.722439
4.806965
4.75206
4.8269334
4.7568016
4.8502245
4.7223344
4.7661743
4.721367
4.7610817
4.737541
4.7559557
4.683842
4.7115564
4.712289
4.76423
4.6744127
4.740801
4.678564
4.72096
4.6946745
4.7798996
4.6614094
4.689383
4.6525726
4.7482243
4.70899
4.8189654
4.7696223
4.8177733
4.7256413
4.8069663
4.8271236
4.7585
4.8306155
4.7688274
4.8664784
4.737337
4.8689213
4.7575197
4.8532023
4.8792124
4.9156723
4.8377757
4.899192
4.8380046
4.931023
4.884023
4.9148326
4.8514457
4.8994284
4.7526636
4.8729763
4.803063
4.777109
4.8004956
4.8975806
4.785371
4.964098
4.814246
4.855032
4.804343
4.849559
4.8098955
4.8874817
4.736768
4.8799996
4.779427
4.8234367
4.7296696
4.870365
4.7037344
4.8440065
4.6897907
4.844987
4.675921
4.808825
4.6707306
4.7851386
4.6705985
4.8344135
4.681494
4.812306
4.72645
4.802761
4.7006135
4.808042
4.701
4.789273
4.720132
4.7902
4.7502017
4.8078218
4.72805
4.8196387
5.7671337
5.8821955
5.8475776
5.795505
5.8468795
5.7932215
5.853869
5.761232
5.8600216
5.7919087
5.8535743
5.753388
5.890434
5.8306084
5.850658
5.814196
5.8966846
5.865541
5.9718447
5.8500557
5.935839
5.884786
5.960713
5.928765
5.9650826
5.9056244
5.9458647
5.8491297
5.9394455
5.877162
5.898882
5.861463
5.92824
5.914559
5.9156256
5.9489603
5.9305325
5.894818
5.9968376
5.961123
5.9783826
5.9132323
5.9814215
5.9721537
5.9463663
5.957515
5.9644485
4.228609
4.191836
4.2225227
4.2228622
4.1781077
4.140879
4.2091475
4.131396
4.1741695
4.211327
4.250572
4.241069
4.2496862
4.201206
4.0902805
4.119044
4.2116876
4.1135426
4.193828
4.22662
4.138093
4.2749248
4.2111993
4.192977
4.295711
4.2616615
4.3120375
4.2051044
4.3133
4.250104
4.2055097
4.2303014
4.303717
4.30486
4.2357564
4.3505626
4.359103
4.386396
4.3219914
4.319866
4.3939357
4.31674
4.3617783
4.369148
4.36498
4.4022207
4.4153347
4.346912
4.353038
4.32829
4.2788577
4.262984
4.306252
4.2491527
4.2687664
4.260427
4.189975
4.3109245
4.2620735
4.307753
4.3277383
4.3499036
4.2905254
4.360383
4.361409
4.345353
4.312028
4.2938337
4.330051
4.295731
4.2529116
4.2713404
4.273586
4.263818
4.2144094
4.0545692
4.1782746
4.0710588
6.1278663
6.2320757
6.2380095
6.1876664
6.2519855
6.17094
6.220889
6.2144313
6.26577
6.269543
6.23156
6.189681
6.215763
6.164096
6.2490873
6.2273927
6.2746606
6.224342
6.311919
6.342749
6.3012066
6.2905545
6.319653
6.325642
6.301318
6.300633
6.2487297
6.312875
6.205569
6.2206306
6.2504873
6.487639
6.812012
6.9492493
6.872791
6.896223
6.8174434
6.6080337
6.45296
6.452214
6.346881
6.3001575
6.186177
6.0479617
6.1785316
6.0507426
6.1650515
6.0005918
6.070595
5.9362545
6.001254
5.9116793
5.986924
5.9168468
5.9623485
5.9275794
5.9150925
6.0101852
6.1267653
6.026425
6.216481
6.308324
6.3118725
6.369041
6.350093
6.422031
6.4902267
6.470577
6.562726
6.4781165
6.609701
6.601485
5.356641
5.2791643
5.397596
5.398965
5.389004
5.3090353
5.2911353
5.269085
5.415094
5.3112516
5.3970633
5.291732
5.411013
5.273464
5.3965306
5.339218
5.4461937
5.3536043
5.3727794
5.3342047
5.4268627
5.397562
5.411584
5.3725796
5.384724
5.4084716
5.482567
5.3820086
5.450225
5.4290376
5.4312024
5.456643
5.494485
5.3903236
5.454857
5.4652605
5.4861703
5.4890585
5.3870687
5.478696
5.434888
5.5217
5.4546385
5.51673
5.452082
5.52
5.488739
5.57619
5.461924
5.565328
5.465022
5.572209
5.4589024
5.5429797
5.5802317
5.6249146
5.6237736
5.5522556
5.646826
5.6431737
5.7125125
5.599428
5.677884
5.621152
5.700576
5.644686
5.796833
5.8256993
5.7997613
5.7722955
5.7269115
5.732869
5.7247195
5.6783304
5.7289186
5.6793804
5.7162395
5.6805263
5.7420835
5.6869955
5.753466
5.672196
5.750245
5.6969137
5.7419224
5.662532
5.7341266
5.6960435
5.692335
5.566578
5.652321
5.661278
5.67619
5.630272
5.6771426
5.5839186
5.599531
5.5887175
5.62518
5.5783515
5.663424
5.656217
5.708613
5.704584
5.7588964
5.7627344
5.7756696
5.7040434
5.770003
5.731508
5.767759
5.696861
5.7680674
5.723483
5.7457104
5.769034
5.796293
5.7968674
5.822707
5.7897534
5.7874184
5.7864995
5.691654
5.784077
5.6864514
5.773055
5.7021294
5.7649474
5.7095704
5.764013
5.7138557
5.6668453
5.6912413
5.7232575
5.6759343
5.650884
5.6460514
5.6356235
5.653462
5.6617594
5.6570096
5.686713
5.6610823
5.6430745
5.6694446
5.6402707
5.648105
5.6779923
5.650154
5.6769605
5.6543574
5.7018685
5.629139
5.598521
5.6071415
5.672633
5.59305
5.614353
5.577616
5.5548663
5.5466685
5.602149
5.540012
5.529026
5.532405
5.530222
5.552639
5.5291896
5.5210843
5.5301456
5.450571
5.540146
5.487797
5.522559
5.478158
5.552083
5.53661
5.614246
5.5598626
5.5115423
5.515505
5.5228343
5.5067587
5.471031
5.5284367
5.4645076
5.509051
5.5209794
5.4918838
5.46007
5.421137
5.4537187
5.4344788
5.3976483
5.4397283
5.4472275
5.4158335
5.4211583
5.4848638
5.4515247
5.366504
5.313652
5.3557577
5.426025
5.3724923
5.340003
5.421387
5.37042
5.3553143
5.3348446
5.2987857
5.319251
5.3262606
5.2753797
5.2772226
5.314654
5.333861
5.3219123
5.338387
5.3225193
5.2967324
5.329407
5.3165693
5.305611
5.281895
5.375531
5.3437815
5.3767934
5.3249865
5.388594
5.3298535
5.390964
5.3088083
5.3768115
5.292648
5.4087453
5.263154
5.343521
5.267301
5.4341145
5.3317785
5.407933
5.317253
5.448573
5.3417716
5.412524
5.358775
5.4146333
5.363789
5.471851
5.403098
5.4923353
5.3984303
5.435669
5.4503818
5.505083
5.4302545
5.465505
5.431443
5.3978825
5.441237
5.3354325
5.437519
5.360945
5.4334555
5.3923326
5.4952073
5.4378524
5.535997
5.513168
5.5735583
5.4686465
5.64006
5.537703
5.635238
5.559451
5.6568694
5.499358
5.595814
5.558029
5.60573
5.619855
5.6641364
5.713916
5.718052
5.681786
5.6668224
5.7404556
5.6405644
5.7404094
5.6128917
5.6945896
5.642823
5.6873155
5.6360593
5.6775894
5.631423
5.7318497
5.6721306
5.7695613
5.643601
5.748357
5.6966953
5.821494
5.737764
5.8893685
5.7225513
5.9230103
5.71106
5.869262
5.709502
5.651479
5.797927
5.630067
5.703692
5.5914483
5.740254
5.592391
5.762402
5.593811
5.765676
5.5787177
5.77386
5.5967584
5.692547
5.5488577
5.5257597
5.632022
5.5707927
5.6007156
5.594858
5.5887756
5.5154715
5.4981713
5.5140653
5.5932474
5.4747715
5.563154
5.4458413
5.463979
5.547378
5.473464
5.584487
5.531705
5.583143
5.647488
5.6398563
5.6448245
5.715698
5.721239
5.738431
5.6332636
5.7826333
5.797069
5.864616
5.7766004
5.6616864
5.6835394
5.74946
5.6933956
5.7140117
5.666468
5.7033987
5.7300577
5.7053137
5.781111
5.7218866
5.686483
5.7715783
5.705097
5.761824
5.6880536
5.7982283
5.778899
5.907963
5.8486385
5.9478645
5.885352
5.976042
5.8946986
5.9365044
5.919004
5.930094
5.865833
5.862565
5.810554
5.839429
5.8922777
5.911399
5.953165
5.9104304
5.7345514
5.932439
5.7435074
5.8788424
5.761486
5.861476
5.7972775
5.857549
5.811374
5.790755
5.819243
5.797209
5.7934985
5.8109303
5.762966
5.7661138
5.729915
5.725011
5.7858634
5.7159896
5.768259
5.771003
5.7068057
5.645018
5.635194
5.736518
5.6918497
5.757304
5.7133226
5.7244806
5.7272415
5.7264843
5.731003
5.737656
5.835983
5.816807
5.8072124
5.7859583
5.948796
5.819666
5.9836335
5.854416
5.9618945
5.740345
5.7857924
5.733155
5.813609
5.776153
5.801115
5.671697
5.725551
5.6703644
5.705269
5.717283
5.8186707
5.7750063
5.74338
5.8240666
5.7817726
5.796672
5.9064603
5.7881327
5.7930045
5.7581835
5.732375
5.7359343
5.6940255
5.621562
5.7180805
5.6336865
5.5922318
5.5305514
5.5400076
5.5708513
5.493885
5.5215125
5.516261
5.588014
5.547527
5.58082
5.599383
5.4452963
5.590412
5.5853662
5.5656934
5.5854197
5.5710835
6.201961
6.3021555
6.1829414
6.261165
6.210783
6.3682237
6.4279804
6.494738
6.475977
6.465527
6.602376
6.6268506
6.555928
6.569297
6.6671934
6.712001
6.7342315
6.902608
6.8161507
6.84711
6.736682
6.6813397
6.5608225
6.572403
6.423739
6.417522
6.3387394
6.2443566
6.309329
6.211785
6.2864847
6.3827286
6.3560543
6.3783336
6.303392
6.503684
