10000
7.7511663
7.7336383
7.474722
7.2912226
7.1894417
6.899267
6.5796313
6.5403814
6.675042
6.906894
6.9860983
7.1260343
7.1691446
7.1728954
7.251561
7.314821
7.1587915
7.03864
7.1956244
7.199154
7.644444
7.709869
7.5958843
6.926891
6.2345257
7.2090306
7.5741596
7.577419
7.4143586
5.995137
4.1519337
4.145446
4.700922
4.7016363
5.0813575
5.329491
5.336125
5.2843294
5.2438846
5.1322336
5.063262
5.121608
5.463866
5.1067514
3.5576277
3.6270773
3.883315
4.203739
4.643873
5.096528
5.484363
5.984497
6.1756024
5.7907248
5.1470847
4.868143
4.804795
4.8774023
4.7985544
4.802872
4.8040304
4.9721813
5.251999
5.309947
5.7531424
5.9252963
6.116722
6.049176
5.9340158
6.217978
6.3951397
6.420618
6.526181
6.8027835
6.8785853
6.929858
7.2034707
7.4040866
7.306455
6.856688
6.1475673
5.0800924
4.9509544
5.358284
4.738333
4.4012756
4.1803055
4.245435
4.106385
3.5673409
3.94835
4.3866134
4.4156747
4.1055546
3.1949406
4.0921345
4.5376534
5.063393
5.2555037
5.208151
4.907131
4.169214
5.2416177
5.7358036
6.5093913
7.2644305
7.97684
8.164767
8.30241
8.204767
7.479877
7.4603815
7.870697
7.4888706
7.097384
7.0762663
7.247642
7.7449293
7.7875414
7.474419
7.320511
7.214641
7.556427
8.00056
7.8780355
7.7603364
7.6668615
7.4925556
7.548739
7.427062
6.982628
6.0733595
4.4086123
3.6199567
3.5085478
3.1098049
2.5608819
2.556986
2.5761237
2.7936604
2.7932029
2.6109252
2.6096208
2.8222494
2.5241046
2.7495863
2.787043
2.6308353
2.9316947
0.6076496
0.64220417
0.5964823
0.59794825
0.5863702
0.5749483
0.609743
0.5365025
0.4907686
0.4855378
0.43568313
0.4570955
0.44609565
0.43116617
0.43863845
0.4646937
0.5583155
0.5221731
0.5151457
2.534761
3.1538196
3.6893015
3.6908302
3.3072762
3.604113
3.424976
3.4897869
3.548667
4.024191
5.217646
6.683263
7.5220957
7.2104177
6.9980917
7.3899026
7.043853
6.6409006
6.249533
6.516394
6.663586
6.778129
6.573186
6.2622547
6.005
6.1011353
6.0574064
5.899678
5.6985283
5.825576
5.713073
5.6507955
4.0038395
2.8908262
2.4935408
0.26463887
0.2934821
0.30088222
0.29780254
0.38602918
0.39676908
0.39152667
0.37510422
0.3186676
0.35122246
0.3200663
0.34189454
0.3812274
0.37604928
0.4068103
0.38765532
0.3925083
0.40804374
0.41277248
0.3889358
0.4059604
0.46150398
0.47390866
0.5266453
0.5065094
0.5160988
0.55446124
0.5619364
0.5555752
0.53873956
0.54092616
0.57425326
0.5859964
0.5303009
0.55360174
0.51544994
0.51909673
0.44364
0.54311264
0.5615625
0.38962874
0.3962956
0.38569367
0.36878777
0.3507958
0.38618428
0.37951925
0.3904238
0.3854936
0.403434
0.35891008
0.34997317
0.30523193
0.31815806
0.37502408
0.33404043
0.33087283
0.29528132
0.3113898
0.37351182
0.3786798
0.30971587
0.31631243
0.32406476
0.34121454
0.33459523
0.31642973
0.33572134
0.33365744
0.2616023
0.27418166
0.27783495
0.24552105
0.2549603
0.2776759
0.28854474
0.33424103
0.3047676
0.28275865
0.2749098
0.29426256
0.2651712
0.2894396
0.2891444
0.27871728
0.30489188
0.28233212
0.30269065
0.28664303
0.30752882
0.28855127
0.3515624
0.35993713
0.40595877
0.3749603
0.37662163
0.32926017
0.34186772
0.32854578
0.32042375
0.3143369
0.34512696
0.3517132
2.2497823
4.1835766
4.455888
3.5784652
3.651105
3.70786
3.2195406
3.9085135
4.103619
4.1771526
4.166075
4.2484202
3.4407988
3.139908
3.1865187
3.318654
3.2856898
3.143543
3.0107846
3.475354
4.2080073
4.3759947
4.8111043
2.7315054
3.092291
3.1952891
2.5989473
3.6257708
3.9451885
3.3368785
3.2645924
3.4542348
3.5156608
3.1048586
3.0380054
3.3214283
3.4448078
3.2886736
2.9855433
1.922067
1.3225272
1.3469948
1.2615615
1.4991742
3.0287626
2.7621455
3.4345107
3.0475202
3.6198816
3.7130373
3.3997705
4.1395426
2.935398
2.6463056
2.8870702
3.0114243
2.8274508
2.9901693
3.319336
3.4799573
4.3293104
4.6369705
3.709456
3.9458265
4.3298016
3.207984
3.7473872
3.9023955
4.6047525
5.1904335
2.4325678
3.657267
4.1493783
4.317743
1.3976914
0.48099387
0.91490734
0.47350356
0.58517617
0.37136877
0.5630672
0.30187896
1.1945896
3.2053936
4.0999656
4.4884973
3.8126786
3.7849684
3.161956
2.928332
2.6710212
2.647158
2.63571
2.3437932
2.389293
2.9328387
3.2447195
3.1501763
3.1355581
3.4339533
3.557298
3.742784
3.4068718
3.4313517
3.762675
3.467143
3.1765466
3.5184236
4.9226375
4.979103
0.8222344
0.74132764
0.84224653
0.8007422
0.7368718
0.94490945
0.70373166
0.88639235
0.7866255
0.7330539
0.7273105
1.7288008
2.8722987
3.628691
4.289779
4.8320403
3.7560513
3.3406887
3.5444124
3.663439
3.0552206
3.1875606
3.283247
3.6332912
3.4301736
2.6550722
4.690423
4.9346194
4.955224
2.9754798
2.628868
4.029715
3.1220124
2.7649894
3.7900977
3.6765418
4.051371
3.247149
2.8640766
2.4477663
2.8602767
2.9432404
2.505369
3.4355466
3.7311857
3.5498536
4.4897146
3.0824418
3.488448
4.2091923
3.8949885
3.952087
3.687687
3.4238725
3.530446
2.8446283
3.2718003
2.625784
3.0373785
1.1165539
0.66256946
0.75548977
0.923546
0.9591468
0.98777723
0.82135814
0.99668044
1.0284418
1.0066109
0.7906728
0.87059206
0.9141862
0.7853459
0.6837733
2.8120017
3.300581
3.9713216
2.678552
2.7924376
2.2798126
2.0866756
2.2795486
0.7904883
2.1344638
3.116847
3.3487918
3.3942947
3.4882102
1.9047209
3.4186854
1.8727069
2.1375384
2.0576696
2.112998
2.3127153
2.4869852
2.383319
2.427118
2.3893461
2.465676
2.626256
2.5038865
2.457314
2.2337945
2.0181003
2.0583487
2.3883688
2.705416
2.5859506
2.8464205
2.7740204
2.7283788
2.7029262
2.67835
2.7576284
2.8698232
2.7446995
2.7088664
2.473313
2.7791746
1.8309828
3.1790664
2.7228146
3.1467328
4.0489664
3.133533
4.2620482
3.7405581
3.7114146
3.4033778
3.1542103
3.6928263
4.148625
3.7368064
2.397827
3.0075073
3.6093411
3.6619172
3.5193892
3.5739884
3.5884874
3.1093726
1.7196926
3.580102
3.0385253
2.8631735
2.5803008
3.0586548
3.2288437
2.4402535
1.8369691
2.2494433
3.3077755
3.5787008
2.8681762
3.2994974
3.0635843
2.8905048
2.984014
3.2915337
3.3425236
3.4982908
3.5131192
3.5286005
3.6956909
3.661902
3.820892
4.003136
3.9443765
3.4849467
3.1786695
2.997905
3.0313761
2.481216
2.6851325
2.7432675
2.5689726
2.5662248
2.4138486
2.7742581
2.9821694
3.2343705
3.0674174
2.7971256
2.7780454
2.78884
2.7435338
2.9436073
3.671068
4.6355057
4.960203
4.8773417
4.967077
4.9419074
4.441829
2.7104216
1.9253519
1.3734591
1.5383906
2.2592103
2.182289
0.93874335
1.719044
1.76671
1.5965114
1.8549236
2.0694826
2.140798
2.3933725
2.5131683
2.4700572
2.2311985
0.51326305
0.55316967
0.6158901
0.58642906
0.7102694
0.6746789
0.66245884
0.65457195
0.7285209
0.61778635
0.621412
0.6195412
0.6047585
0.60005903
0.62076473
0.79377246
1.8562019
1.920507
2.2429938
2.8405468
3.121069
2.818191
2.749567
2.80006
2.5703938
2.37846
2.5032783
2.949666
3.391324
3.390523
3.5747604
3.022039
3.5072236
3.5930793
3.0677874
2.9511743
3.0692232
3.6873615
2.8365693
3.8294349
3.358058
3.1965342
3.373043
3.7941916
3.5406277
3.3847723
3.2916336
2.9419055
2.482186
2.8516157
2.3638291
2.6974776
2.3924906
2.4224117
2.8405492
3.0907505
2.9197536
3.2879357
3.2750502
2.940924
3.2042084
2.5081284
2.5035043
4.0228615
1.8481792
2.8367572
3.177414
3.1978064
3.4344301
3.5114942
3.4660878
3.4574656
3.3359153
3.1772907
3.2494915
3.6521506
3.391564
3.5292408
2.9850476
2.319593
2.7681787
4.1845903
4.275556
4.1583967
3.46397
2.2897701
2.1083844
2.4458961
2.5814097
2.688755
2.6944835
3.7418442
3.7207115
3.910379
3.6585603
3.3379033
3.0557442
2.769327
3.5281858
3.221878
3.3671284
2.4790814
2.9197476
2.953908
2.0028374
2.191626
3.0811238
3.3965042
3.0145247
3.3835945
3.7803268
4.041504
4.134946
3.8376665
4.0504622
3.7281163
3.7610066
3.5342267
3.286172
3.4961507
2.966471
3.177528
3.474801
3.884459
3.3232315
3.573792
4.2127566
3.8040478
2.2582414
3.0938554
1.8367304
2.4499667
2.83573
2.7303097
2.610661
2.968001
2.8823771
3.1590524
2.8836374
3.2728481
3.7926679
3.2898846
2.8878598
2.29351
2.3465674
2.7408714
2.882471
2.8473756
3.1952496
2.642906
2.510408
3.133986
3.4761682
2.7316568
3.4644876
3.0186226
2.5964115
2.535516
3.1631222
3.1451445
4.1782947
4.118291
4.4675956
2.3992143
3.6691182
2.6496952
2.8256707
4.397779
2.6971202
2.9171908
3.046614
3.434325
3.4623744
3.6217384
3.2237384
2.8972337
1.2634586
1.1379436
1.3986933
1.4303188
1.4972303
1.4086127
2.1075087
3.0129237
2.7785962
3.632928
1.2457408
1.2522274
1.2281245
1.2002921
1.1925651
1.3348749
1.2086496
1.3600596
1.3340393
1.3610029
1.3957849
1.4495254
1.4953383
1.3682202
1.3289683
1.486535
1.4685959
1.3519777
1.2594074
1.2545602
1.1454271
1.418874
1.3607216
1.2552352
1.1371465
1.2013972
1.0313828
1.106329
1.1344292
0.8571804
0.71860725
0.83412683
0.7343084
0.7307115
0.72521186
0.6919715
0.06749981
0.76558596
0.69415855
0.72256815
0.5969767
0.5860153
0.6027084
0.7089699
0.73274916
0.70055455
0.75204444
0.72634673
0.7040383
0.64149666
0.72015345
0.8338126
2.779447
0.7880221
0.972312
0.85165334
0.8400617
0.6475188
0.8402549
0.9166746
0.7911442
0.6177552
0.72192925
0.7292272
0.69188225
2.7491274
3.2212818
2.7878006
2.401579
2.093843
1.9957331
0.49749532
0.454447
0.41187003
0.51048774
0.33485577
2.3990664
2.5599146
3.3577085
4.497212
3.8993661
3.342255
3.4620502
3.226328
3.6785715
3.1837573
3.4857554
3.7388883
3.7232876
3.6630402
3.7441778
4.034825
3.9615235
3.938677
3.806881
3.679801
3.4576035
3.3015542
3.3991745
3.2152119
3.1208482
3.4681976
2.9744806
2.942435
3.0017827
2.9624546
3.1280103
3.173821
3.1209447
3.2867465
3.4919157
2.8034816
2.6931832
2.861987
3.3677306
3.5411334
3.7896745
2.9594038
4.0030117
3.7121363
3.8891373
3.9758024
3.5678144
3.8985643
3.319736
3.3336136
3.5888028
3.6189485
3.6435027
3.1702342
2.807667
2.692396
3.0454416
3.0354934
2.450906
2.8845987
3.7958775
2.9271605
3.195636
4.246894
4.8277607
4.1892414
1.1513349
1.1447659
0.99520254
1.1357687
1.1325232
1.1492915
1.1764302
1.1368644
1.1481141
3.651864
2.3681242
2.0675204
2.8268597
2.0203948
2.513706
0.5672687
0.5325444
0.5136508
0.87829363
0.96651644
0.9754411
0.8235297
0.78425467
0.6387224
0.811885
0.66393435
0.70629853
0.6614275
0.6317242
0.20689467
0.5650393
0.67494464
0.8186381
0.8186178
0.79585314
0.56568563
0.5624914
0.47623938
0.5385402
0.51708627
0.46764266
0.47888345
0.5686374
0.6156047
0.62271434
0.574921
0.7146605
0.61670846
0.75861657
0.6646784
0.5676958
0.56107897
0.65069705
0.64452136
0.38288835
0.44350913
0.510094
0.51924837
0.51594716
0.61499363
0.42163858
0.42753452
0.59486216
0.36596364
0.5431298
0.36890256
0.48466575
0.8395801
0.6173835
0.6159424
0.5435663
0.3407955
0.3705504
0.17970417
0.2785841
0.3003643
0.23619738
0.27816293
0.23525563
0.29290375
0.18401003
0.23388088
0.40309247
0.61730945
0.49095684
0.44343308
0.4556321
0.40313134
0.4983016
0.3972989
0.57073635
0.5177906
0.60337794
0.39103514
0.6265653
0.522573
0.38146383
0.43349338
0.4855288
0.4763785
0.48152223
0.6341329
0.5240499
0.5553282
0.6569754
0.6838586
0.5832692
0.6603199
0.5617564
0.7025087
0.70855093
0.7122927
0.7060389
0.72397566
0.59376544
0.7057579
0.9510269
0.89107203
0.9909652
0.78254426
0.80804914
0.92581487
1.8458897
3.0487118
2.089903
2.6942105
3.2840211
3.329097
3.3790483
3.0402415
3.132204
3.6487155
3.6011434
3.6506302
3.61873
3.5449913
2.7796655
2.9000256
4.3624287
4.165311
4.227447
4.330486
4.386698
3.570075
3.6061807
3.5816994
4.037302
4.196826
4.236066
3.978946
4.746443
3.3753774
3.0400355
4.6535845
3.4252481
3.8878212
3.7852654
3.4875598
3.2342315
3.1553583
3.3192992
3.4130378
3.45036
3.5559008
3.8581777
3.840088
3.8002298
3.5784674
3.2610407
3.1096783
4.2473984
3.5089633
2.8809445
2.7562447
2.306048
2.3623075
2.6450837
2.4781487
2.7476065
2.2671657
1.6670446
2.2316902
2.524181
2.0663054
1.8921176
1.4113569
0.93630236
0.79498744
0.90398115
0.92035204
0.9971697
0.8635641
0.9803971
0.8393335
1.0704019
1.0318573
0.97087497
1.0424231
1.0363691
1.0272307
1.0255843
1.0474873
1.0613126
1.06872
1.0664666
1.0744087
1.0532552
1.0564967
1.0488218
1.007125
1.0102562
0.97589016
0.9779599
0.9575141
0.9521512
0.8854323
0.8857188
0.88884413
0.9065347
0.89097965
0.7386889
0.83711314
1.7797842
2.5773082
2.6472285
2.707135
2.9085078
3.0434294
2.8406339
2.9683568
3.1826248
3.4359841
3.5581172
3.1305861
3.1944845
3.2347307
3.2290454
2.6077785
2.477843
2.5653765
3.0586255
3.0954833
3.4011776
3.1646485
2.7267985
2.9501963
3.3217158
3.28467
2.985989
3.1521127
2.7760613
2.6799104
2.700799
2.926378
3.0866528
3.4095142
3.729864
3.6798377
3.6473787
3.469437
3.8131363
4.308411
4.233917
4.109592
3.8696747
3.7120872
3.8550415
3.5789552
3.3640938
2.431765
2.4032226
2.42615
2.1422558
2.133944
2.335426
2.7425928
3.3692672
3.7658007
3.652991
4.049118
4.908126
4.865562
2.8928344
0.4555772
0.4076998
0.5299711
0.52263635
0.815804
0.7613083
0.791791
0.8296147
0.89152676
0.88500535
0.92028165
1.1546935
1.0740685
1.1250863
0.81653327
0.96793216
1.0410978
1.0437232
0.94519866
0.95209163
0.95067465
0.87565917
0.8658171
0.68664104
0.900785
0.87011003
0.97159797
0.9434659
0.8706505
0.9734989
0.9435179
0.97078174
1.2949762
0.9467429
1.0593573
1.0254437
0.90888333
0.90752286
0.8912192
0.87703896
0.86349076
0.97693807
0.9055652
0.93392897
0.85489434
0.86642164
0.7276293
0.76667476
0.65727425
0.6746198
0.558758
0.61150575
0.53894806
0.5494218
0.453985
0.4154517
0.38184085
0.3338344
0.33373296
0.3877936
0.37258506
0.28924054
0.3154559
0.101490214
0.2075835
0.26556596
0.31007063
0.31704858
0.57256544
0.5395956
0.581082
0.8454983
0.5630938
0.6814925
0.5198274
0.48189875
0.5219358
0.60867625
0.4928611
2.8814738
0.45656314
0.71316606
0.6635842
0.73093915
0.69092286
0.86518645
0.7751838
0.79629976
0.7568779
0.86318934
0.7576642
0.8058012
0.8136246
0.838622
0.8068402
0.6258613
0.6346165
0.7279038
0.56388426
3.0585034
0.63858235
0.50080335
0.63369894
0.44706398
0.6371772
0.39072055
0.33717993
0.20098819
0.23365761
0.20408466
0.22183515
0.22394449
0.21051957
0.20452781
0.16267112
0.18227118
0.19439821
0.17154539
0.18472815
0.22034115
0.2006317
0.2381391
0.23565283
0.24739714
0.22995313
0.22554742
0.24313438
0.21212982
0.2460507
0.21957557
0.21331102
0.22865738
0.24517713
0.3002227
0.26506034
0.29183257
0.27885365
0.29292455
0.27343035
0.2676268
0.25110534
0.26332128
0.34169537
0.37935627
0.3183063
0.30415183
0.5396648
0.4182962
0.42359746
0.47868198
0.48252577
0.5368657
0.4818547
0.55659336
0.46219698
0.5090249
0.40940785
0.55130905
0.52954143
0.430679
0.42513338
0.4523778
0.6432172
0.5336139
0.6789988
0.36787924
0.36160192
0.30268577
0.24258524
0.18339881
0.17816345
0.64521146
0.1389702
0.18396088
0.20574662
0.2530951
0.17416272
0.19355787
0.11488022
0.14277667
0.1534256
0.28784585
0.24622385
0.22307245
1.1984708
0.21867792
0.20949638
0.2160976
0.17911932
0.18194586
0.2890014
0.29607794
0.35905376
0.33882585
0.31494394
0.3993988
0.3510507
0.36168304
0.42207307
0.42173192
0.450253
0.39752644
0.47049686
0.3962887
0.4302107
0.5210501
0.49135333
0.55974466
0.44229758
0.5144394
0.44559047
0.5100016
0.4546096
0.49421036
0.47523433
0.4140802
0.46275815
0.39149606
0.5781719
0.49658334
0.6619747
0.6173852
0.67444897
0.43870443
0.41609016
0.28058514
0.28076038
0.30813015
0.23673356
0.23612183
0.43605423
0.98605365
1.2416066
1.5311842
0.77266896
1.1246349
0.72182727
0.66761786
0.7373738
1.4485689
1.7438061
1.2099934
1.1906697
1.2237184
1.417092
1.3761278
1.1950108
1.0463868
1.0424594
1.2528914
1.2676127
1.6580877
1.1606344
1.0943456
1.4834938
1.6710941
1.3111311
1.7185915
1.0740098
1.1234211
1.3539537
1.2438424
1.3277904
1.3831491
1.5666519
1.7671795
1.4990274
1.5759002
1.2689133
1.1960448
1.2786316
1.6030952
1.4763336
1.5402758
1.500896
1.7249371
1.2893654
0.57264906
1.4250618
1.3242165
0.99607974
0.87306565
0.84176236
1.2401774
1.3640355
1.4784786
1.6192741
0.8035737
1.3153212
1.3024405
1.0368302
0.96334696
0.6680364
0.6637492
0.73934007
0.6200997
0.6975662
0.6845504
0.64969987
0.61248887
0.65774524
0.56018466
0.630217
0.60107553
0.55618376
0.49713472
0.56129473
0.5149495
0.58302313
0.53679925
0.6384728
0.5647248
0.6519899
0.55712
0.63020337
0.5483123
0.6154667
0.54801077
0.61540157
0.5481317
0.62887245
0.49944267
0.5716214
0.5134875
0.5786551
0.52182895
0.7153534
0.6186151
0.7058247
0.72461355
0.6456264
0.64874244
0.618624
0.7337053
0.68701065
0.65469706
0.611127
0.7665207
0.7623246
0.58053416
0.7665526
0.8361085
0.92250675
0.8784286
0.7427047
0.920148
0.66798925
0.5217779
1.5544219
0.59994435
0.38265246
0.7523924
0.70301336
0.8160591
0.75084037
0.7771143
0.7488204
0.86048007
0.7597948
0.87240016
0.8440336
0.8308963
0.9064519
0.8020156
0.8833748
0.839637
0.9685768
0.8464341
0.9649676
0.83052933
0.9141974
0.96967435
0.9867617
0.9354199
0.83385855
1.289643
0.8933889
0.8185437
0.8696979
0.85705787
0.79534185
0.76971596
0.76949805
0.870041
0.73244256
0.8478413
0.7748581
0.79209524
0.68924826
0.788093
0.59413564
0.6279208
0.6186855
0.4854501
0.4924567
0.6356143
0.4989333
0.57107896
0.49062243
0.5565809
0.50380474
0.55607635
0.49231407
0.6111802
0.5180505
0.57764196
0.51366246
0.6102711
0.5393117
0.62011206
0.5654824
0.65908694
0.5670817
0.690657
0.56947345
0.6812325
0.5754417
0.683015
0.5816365
0.6821974
0.5788097
0.6766034
0.57765704
0.64504117
0.52988267
0.6281603
0.5190857
0.57671523
0.5385096
0.6107986
0.57988024
0.66353816
0.6046971
0.736609
0.62598634
0.6565744
0.544197
0.5995351
0.55287874
0.6583908
0.580572
0.6525158
0.5736155
0.66756463
0.5830653
0.664273
0.5436518
0.6512116
0.5792179
0.7078455
0.60524243
0.6797212
0.60831845
0.67769223
0.5787535
0.71301335
0.58551216
0.6940779
0.5684728
0.66142595
0.5508614
0.62895614
0.5598988
0.65966094
0.5631332
0.62845707
0.6592154
0.7323842
0.66514105
0.70306957
0.5494849
0.66386914
0.91970265
1.7290845
2.2834277
1.423796
1.3072714
2.4299598
2.3784523
2.3632455
2.6822243
2.8533134
2.8485026
3.01341
3.0681207
2.8407094
2.5432143
3.2270474
3.4348655
3.486011
3.2951553
3.316695
2.9790258
2.829104
2.6401398
2.3852565
1.6733942
2.0011487
0.89194036
0.8544828
0.82355905
0.8058763
0.7982856
1.5856241
1.3789015
1.619004
1.4669747
1.3578364
1.7606684
3.5960531
2.517562
2.7607622
2.693976
3.1932507
2.524722
2.5566084
3.199539
2.5480638
2.1611838
2.1183472
2.765953
2.7700243
2.662177
2.4687085
2.947149
1.198375
0.9191946
0.8442053
0.82342744
2.4943812
0.8325666
4.0128455
3.102212
0.8033558
0.7895611
0.7170661
0.7134088
0.7164039
0.89154583
0.77919436
0.8276193
0.8967255
0.7258431
0.80936307
0.7387429
0.8278346
0.7837175
0.8884556
0.89541745
4.8937197
5.82459
0.5917601
0.52963233
0.64965564
0.6864975
0.6114914
0.55750763
0.6656346
0.5111088
0.6675853
0.5559846
0.674537
0.5533653
0.6527844
0.63010097
0.8685264
0.92943895
0.63111514
0.6099868
0.752272
0.71716696
0.6098327
2.0879757
2.846725
2.5859015
3.4476142
4.05579
4.60573
4.2899213
4.0827994
4.32537
4.250655
4.479621
4.5679836
4.7336082
4.803653
4.8723025
4.797196
4.883209
5.0510926
5.0388985
5.0895753
5.095721
5.1040597
5.0578394
5.1028767
5.114216
5.032408
4.942872
4.9253483
4.95895
4.8985243
4.7838087
5.004498
5.0868864
5.1049786
5.2645855
5.320281
5.210366
5.264411
5.3368697
5.20057
5.0807343
5.0019073
4.74765
4.958859
4.856755
4.7532916
4.8271685
4.8062286
4.752351
4.726366
4.769596
4.697704
4.6732235
4.726737
4.841692
4.7762995
4.800131
4.6985197
4.7536626
4.784441
4.6676254
4.788166
4.6371813
4.6457014
4.6412764
4.5670056
4.496439
4.5107594
4.760785
4.6940804
4.8624663
4.5518084
4.489847
4.248152
4.186554
3.7712066
3.8744931
3.6587145
3.4875903
3.522932
3.778432
3.7929711
4.030684
3.9395974
3.8418179
4.10866
4.345432
4.35647
4.5384493
4.655049
4.3617387
3.9173045
3.7211993
3.650977
3.5168667
3.204524
2.9959252
2.9770904
2.8155503
2.867327
3.0732605
3.1835332
3.961678
4.3681126
4.6459117
4.609349
4.343534
3.9171836
3.574758
3.420479
3.4113255
3.3444247
3.5368485
4.307121
4.6665106
4.9147615
4.9236255
4.638932
4.5749083
4.055942
4.1970043
4.1231003
4.6673245
4.768523
4.7255783
4.0139494
3.7809992
3.8636742
3.8758655
4.1164775
4.4427304
5.070108
5.120729
5.4012623
5.009443
4.9133835
4.212688
3.90363
3.4509842
3.8985596
3.1786408
3.6123416
4.1251445
4.1738706
4.217887
3.9695396
4.259155
4.3349237
4.043612
4.5599647
4.8329844
4.611521
4.292767
4.133531
3.865368
4.143951
4.369749
4.3086853
4.585039
4.661001
4.4444942
4.673418
4.7527885
4.4681554
4.2737985
4.0383677
4.179997
4.0203385
3.714013
3.6435556
3.55096
3.0161753
3.6451292
4.026669
3.3604612
3.109568
3.6727486
4.4005923
3.779627
4.45091
3.6080174
3.27314
3.097351
3.1423607
2.9556234
3.0415704
3.0829358
3.173269
2.996673
3.1768842
3.388493
3.310627
4.074298
4.3329263
3.7890823
3.3803096
3.5078983
3.6082819
3.7599895
3.732549
3.7707794
3.7853427
3.469273
2.9320269
2.9585323
2.9711704
2.9625273
3.1512628
3.9802852
3.2641802
3.5127177
3.806692
3.84254
3.839026
4.0528445
3.9980316
3.695985
3.1797876
2.9672484
3.7007058
3.9142106
3.8780987
3.02877
1.3474889
1.7616149
0.68213516
0.66413367
0.8898933
0.7397361
0.8243202
1.3938491
0.82363534
2.056642
0.8000945
0.8748202
0.85297865
0.31213772
0.10747411
0.22809431
0.32929125
0.38474447
0.42490184
0.4250461
0.43432063
0.40071416
0.47672686
0.45494336
0.46448168
0.45205516
0.54533106
0.60508186
0.51042813
0.4924002
0.47482234
0.6182592
0.48201963
0.39626583
0.7250764
0.46597847
0.57414806
0.44065902
0.66137236
0.3908662
0.38444653
0.3151367
0.44193274
0.46054938
0.45810178
0.6035541
0.5818914
0.351047
0.41491088
0.6001411
0.52063155
0.37943074
0.5675338
0.7178633
0.70630604
0.6316286
0.744719
0.75352484
0.7257156
0.6769348
0.69176096
0.70965105
0.8173241
0.86071783
0.71359676
0.7439988
0.7062218
0.729081
0.71213055
0.8202802
0.67312104
0.7047117
0.76986927
0.44753042
0.4650842
0.47194523
0.39930165
0.42535335
0.53842515
2.9988518
3.6806576
3.8251243
2.968028
2.6656554
3.4608521
3.1225295
3.2013953
3.6158624
3.5015566
3.6977124
3.7462487
3.212017
4.0248446
3.54423
2.3487372
2.133149
2.1578536
2.360774
2.034309
2.2965157
2.3387349
3.393937
3.5437036
3.034286
3.3667443
4.0232763
3.668593
2.9891489
3.9643044
5.390485
3.9475427
2.8000503
3.4344234
3.9112458
3.3411818
2.34431
2.80848
2.6623545
3.1326985
3.469054
3.7451944
3.8552027
4.3124456
4.9602137
5.1841617
4.5711293
3.8137028
3.9166632
4.1919374
3.8307867
4.009479
4.040531
4.059288
4.0077024
4.052445
4.4320006
5.1376023
5.540894
4.756546
4.418787
2.9633849
1.6188843
1.223421
1.2256039
0.6095802
1.0334306
1.0154566
1.3514472
1.7215427
2.7231932
2.630019
2.6646442
2.751725
2.735544
2.8472385
2.8505359
2.8631215
2.8392117
2.575891
2.7166808
2.9061854
3.179017
2.9877598
3.0061631
3.0567179
3.1864347
3.2208467
3.3036695
3.3557668
3.1085188
3.3640718
3.3913558
3.386932
3.544704
3.7754617
3.6193428
3.7012954
3.705089
3.8309228
3.6426952
3.504002
3.6486816
3.4038332
3.4142857
3.7880287
4.4039736
4.339967
4.2916064
4.104264
3.8899894
3.9819784
3.88756
3.9344707
4.0178733
4.112347
4.080594
4.0511513
4.102721
4.1760826
3.9356222
3.9435186
4.056376
4.0619955
3.963353
3.9035432
4.076944
3.9650855
4.044351
4.1381936
4.0703444
3.7580109
3.7348585
3.7304983
3.803482
4.168741
4.4797235
4.4411335
4.6520734
3.0515804
2.8096406
3.1942253
3.387316
3.1160388
3.3816495
3.4982972
3.6494465
3.6212115
4.0752697
3.84796
3.8475764
4.205062
4.2401843
4.39019
4.4385495
4.6420784
4.785841
4.6759114
4.181162
3.7356791
3.5277135
2.7966034
3.3053806
3.3237424
2.443093
2.2291892
2.5500426
2.4456232
2.4359033
2.4659262
2.6917176
2.6456206
2.609174
2.6026845
2.631138
2.599437
2.490187
2.5541906
2.6206205
2.7178578
2.8375657
2.8783114
2.7719655
2.7400134
3.2581282
3.3968897
3.362656
3.2731376
3.3057566
3.2846477
3.3331861
3.2467568
3.228185
3.295937
3.2021632
3.1542146
3.227632
3.3709698
3.4567242
3.3760538
3.6162765
3.5751042
3.7296562
3.8120277
3.811833
3.5577269
3.5003917
3.3066108
3.2735548
3.2277575
3.2023149
3.2827678
3.2543864
3.268336
3.3314202
3.303019
3.3260348
3.322635
3.4852316
3.4232764
3.4533753
3.4991539
3.6010497
3.6924894
3.7164047
3.77436
3.7151327
3.633479
3.5139709
3.546667
3.2902749
2.7251983
2.3749475
2.492302
2.8016434
3.4474552
3.7317889
3.8135028
4.140936
4.268307
4.033081
4.027293
4.05643
4.038572
4.208348
4.1708465
2.9811378
3.0390728
3.2313328
3.5662913
3.6330032
3.1886706
3.3284802
3.2249386
3.1818342
3.4921572
3.56029
2.9330847
4.0194983
4.278673
4.7024055
1.4964961
0.49935225
0.58702856
0.6203705
1.115783
0.6302256
0.5648266
0.6469117
0.69631845
0.6439466
0.93851584
1.6543766
1.4211146
1.8842477
1.9687077
0.9609378
1.2372811
1.284267
1.141714
0.8366678
0.7227405
0.9786062
1.014762
0.9982892
0.7396687
0.8218645
0.7684157
0.8286761
0.75006837
0.65712297
0.7193098
0.83026886
0.7525975
0.80449075
0.6535108
0.6750788
0.8623209
0.65157413
0.5883233
1.0189481
0.7538319
0.83556193
0.7367029
0.66438615
0.7544523
0.56890804
0.66404206
0.7953474
0.5830944
0.7618902
0.60736454
0.67719823
0.7285423
0.73758525
0.71993244
0.69311994
0.6310359
0.7607135
0.5774903
2.9489112
0.46458638
2.9142778
4.277509
3.9170136
3.2547693
3.3961868
3.0123465
0.9576057
1.1146222
0.9581251
0.65548456
0.7410953
0.6654743
0.7378884
0.6216495
0.6545185
0.655492
0.7251624
0.5608455
0.5958116
0.6307576
0.5753102
0.58317685
0.59795135
0.5979891
0.99515975
0.8639682
0.96226186
0.80452144
0.63174886
0.86708665
0.93965226
1.1006092
0.76538223
0.7002302
0.6384483
0.8094092
0.85815203
0.62809116
0.6413742
0.5654376
0.64883596
0.73068285
0.6414088
1.0409971
1.1029711
0.9838959
0.95313925
0.7625427
0.90826356
0.7102238
0.6442184
0.63821083
0.7535408
0.57921064
0.62373114
0.8095318
0.6286766
0.65157133
0.6124401
0.7134315
0.7843627
0.7482543
0.77340895
0.6090381
0.7524932
0.78694373
0.7539911
0.73393965
0.7887545
0.719043
0.8566142
0.74893427
0.73593223
0.7695996
0.7828446
0.8117626
0.83796567
0.8356377
0.8403171
0.9242938
0.76329243
0.81805694
0.86413956
0.8267044
0.98791564
0.84376335
0.85123205
0.89710176
1.1163867
1.0728889
1.1381348
1.1302738
0.98906744
0.85669845
0.87899673
0.88104594
0.9160081
1.0269128
1.1234874
1.1828482
1.2216256
0.8868606
0.83319867
0.74198896
0.7551409
0.70319
0.7747804
0.68364793
0.71347976
0.8502443
0.6572322
0.8928571
0.8192826
0.7712309
0.898276
0.8256891
0.87904733
0.8475072
0.8354005
0.8897057
0.83008343
0.85466504
0.7835599
0.7949921
0.78308374
0.80052364
0.73224133
0.7783802
0.7892269
0.81992453
0.88313884
0.9014761
0.8259209
0.7730181
0.690168
0.63404924
0.71418166
0.76415503
0.7695126
0.8122103
0.8542254
0.9001938
0.819993
0.6869228
0.6656243
0.7640057
0.7993153
0.8347535
0.9101416
0.819007
0.92305386
0.91165626
1.1074857
0.8961672
1.0868157
0.7715733
0.88908434
0.8709076
0.8628206
0.87684417
0.95865774
0.86472756
0.8584715
0.7828736
0.91117287
0.8787116
0.84507513
0.9457023
0.89401954
0.929815
0.94386464
0.9508829
0.98488784
1.0073441
1.0479722
0.9463499
1.0052167
0.9867273
1.0097
1.004059
0.9670485
1.0291083
1.0612797
1.0256318
1.0351983
1.0095317
1.0190307
1.0014665
0.9915358
0.99822456
1.1163347
1.0743566
0.897145
1.0723281
0.86996347
0.8218396
0.7867601
0.81108344
0.86156124
0.8635859
0.8939454
0.899736
0.86904323
0.9042706
0.91021174
0.845298
0.8937969
0.83827186
0.82038856
0.8106668
0.9005831
0.9568691
0.9618047
0.90414447
0.87924314
0.9787976
0.9003156
0.6209348
