10000
9.8511505
9.834777
9.782578
9.812406
9.76192
9.796145
9.769922
9.749731
9.728027
9.620703
9.579989
9.557969
9.542392
9.457875
9.4832325
9.416366
9.435967
9.337927
9.245485
9.212638
9.223399
9.252915
9.129723
9.022023
9.120194
9.086432
9.110327
9.016135
8.935704
8.921912
8.812959
8.815256
8.709957
8.710612
8.612625
8.611822
8.503709
8.385298
8.297807
8.352648
8.370878
8.200481
8.099693
8.055515
8.045305
7.891269
7.7724857
7.814763
7.6156807
7.5389814
7.2750583
7.494079
7.326608
7.152876
7.072456
7.007287
6.9899297
6.8531275
6.944154
6.9551253
7.03723
7.003436
6.939082
6.7843566
6.9450874
6.8482285
6.826847
6.851305
6.8888493
6.9573727
6.936126
7.007557
6.9577284
6.948197
6.997325
6.978159
7.1082115
6.9913287
7.060894
6.798157
7.0504584
6.896987
6.9789815
6.8521614
7.0043535
6.845365
6.902947
7.0265203
6.9575496
6.9584866
6.9730043
7.231446
7.4053974
7.399754
7.4907036
7.562598
7.587807
7.8347635
7.949045
8.24276
8.159418
8.207594
8.182027
8.03866
8.0880575
8.238555
8.300389
8.274783
8.231146
8.502655
8.4023075
8.329932
8.299692
8.227019
8.177335
8.122082
8.115594
8.192221
8.135277
8.112391
8.052787
7.974377
7.9109707
8.049897
7.981878
7.975433
7.983378
7.9042077
7.855192
7.780813
7.7483697
7.652966
7.5956693
7.6487904
7.5629783
7.5862255
7.5042496
7.616468
7.5600805
7.5631576
7.609325
7.5907826
7.550303
7.5667133
7.500439
7.5802927
7.5284224
7.558011
7.609459
7.543255
7.503542
7.609645
7.493757
7.4950614
7.416792
7.412148
7.393707
7.415191
7.280926
7.3273325
7.372456
7.336855
7.2995806
7.3935237
7.3211484
7.2611923
7.2610707
7.340755
7.354303
7.338005
7.3717446
7.398917
7.508572
7.5382752
7.318186
7.3887057
7.3032045
7.2736793
7.3167677
7.265753
7.1667457
7.127184
7.1142583
7.1241336
7.033365
7.105106
7.102654
7.0871577
7.1214066
7.0124397
7.1858068
7.0506287
7.0187216
6.917584
6.8718386
6.7942653
6.7783628
6.6738687
6.5295067
6.885114
6.598232
6.6966796
6.555714
6.5695415
6.5589175
6.365027
6.3668685
6.4126425
6.387534
6.2515225
6.336208
6.255637
6.5286746
6.4319735
6.596734
6.223607
6.4619575
6.604164
6.627709
6.6948733
6.5034776
6.6585145
6.5326796
6.8279004
6.6969924
6.7249866
6.48505
6.794486
6.592382
6.7727227
6.734492
6.6922913
6.658495
6.673414
6.7085714
6.6976833
6.6277676
6.5603437
6.6720467
6.7050943
6.568284
6.642543
6.4544787
6.742358
6.6347065
6.850448
6.4775248
6.8606906
6.7910132
6.7334347
6.7401977
6.366424
6.659008
6.5492425
6.555528
6.505155
6.6030636
6.5631
6.755071
6.743754
6.5556293
6.5062637
6.686398
6.6143827
6.716869
6.636626
6.5950317
6.7601686
6.790236
6.6321225
6.7011943
6.681801
6.633874
6.569306
6.67908
6.468074
6.616707
6.8186116
6.683428
6.584141
6.7322264
6.724459
6.6647415
6.64662
6.5365205
6.6344547
6.5119886
6.701176
6.6927433
6.6081715
6.561352
6.568246
6.454973
6.439652
6.6369452
6.281976
6.429126
6.5071654
6.3178196
6.4280095
6.2585044
6.343719
6.4511957
6.1581097
6.31117
6.180129
6.5182266
6.424832
6.426123
6.380329
6.4059563
6.518997
6.47398
6.3786964
6.5364614
6.5990443
6.608964
6.231255
6.677667
6.475513
6.5620856
6.454314
6.5622215
6.36864
6.6164827
6.5516458
6.536046
6.4560113
6.506259
6.441692
6.5468283
6.3598475
6.5755243
6.286794
6.5209002
6.3057904
6.519129
6.5284986
6.356475
6.4044476
6.4281135
6.502177
6.4454894
6.373257
6.288161
6.2879596
6.359147
6.379856
6.3678923
6.3125124
6.4389606
6.3514915
6.355631
6.200261
6.467162
6.4584
6.4940805
6.5378375
6.61103
6.519665
6.5245457
6.5961375
6.5966473
6.6742105
6.921751
6.8479156
6.874314
6.814501
6.8872204
6.8603783
6.8458824
6.887947
6.911016
6.941843
7.126249
6.9443364
7.115895
6.9473205
7.0131707
6.857563
6.9052677
6.932619
6.954963
6.836417
6.7979155
6.9139194
6.966109
6.850081
6.891147
6.8022285
6.8075495
6.8001018
6.704016
6.6800675
6.5885124
6.6320558
6.6437674
6.7192063
6.7026634
6.606151
6.885297
6.586327
6.6941977
6.6625586
6.6636367
6.4949694
6.5989404
6.6477723
6.529648
6.5589633
6.6558166
6.5733385
6.6678367
6.706128
6.7005754
6.7708755
6.7366533
6.6336203
6.6829667
6.651336
6.827996
6.5871325
6.6451817
6.633703
6.6562233
6.6583138
6.7672677
6.60208
6.6455517
6.7299075
6.7892523
6.6395473
6.797221
6.895107
6.8193564
6.715531
6.6345515
6.7005496
7.0111217
6.888404
6.815466
6.8720284
6.965854
6.8291426
6.8885803
6.941314
7.0111914
6.936379
7.1340675
7.024025
6.90043
6.8111467
6.8892813
6.9077063
6.717273
6.796827
6.9288883
6.8869305
6.8823075
6.9016232
6.85303
6.985053
6.7749934
7.014931
6.8165827
6.8422904
6.8968115
6.7188883
6.9378138
6.779316
6.658261
6.90541
6.925018
6.746266
6.824758
6.851491
6.8422956
7.0558877
6.764371
6.8618994
6.8176937
6.936267
6.7160463
6.9345455
6.8192344
6.955831
6.898033
6.971198
6.9676924
6.903742
7.0596743
7.0230336
6.948044
7.0922146
7.0309772
7.1723976
7.288394
7.0069532
7.408155
7.3022814
7.2692046
7.2283173
7.324689
7.184551
7.2791924
7.1788073
7.3960514
7.378168
7.4543557
7.4154606
7.4337997
7.3434258
7.1625824
7.206652
7.1148577
7.3481407
7.3887115
7.4046226
7.2389154
7.146108
7.205427
7.3832464
7.1233144
7.1530113
7.141057
7.1039076
6.92734
6.9893394
6.987212
6.983072
7.000313
7.052446
6.9956903
7.156547
6.9201283
6.9336143
6.9256215
6.933285
7.0479164
6.968277
6.905565
6.9273887
6.9002323
6.9323487
6.9848256
6.932477
6.9935136
7.01225
6.9159446
6.877146
6.783889
6.9275036
7.021886
6.960068
6.8568187
6.8491516
6.873974
6.8059134
7.023214
6.976781
7.1620846
6.9855523
7.05943
7.172688
7.117074
7.084336
6.9840565
7.0516496
7.081856
7.133219
7.246179
7.2531333
7.4447136
7.2477016
7.385886
7.38811
7.348056
7.3549666
7.306961
7.2952213
7.4084363
7.407219
7.3240805
7.1349263
7.140264
7.348747
7.3269496
7.386066
7.3014207
7.3528337
7.167405
7.154195
7.3115263
7.2287064
7.327611
7.3202477
7.2325873
6.8604712
6.957321
7.0647845
6.9903274
7.0710015
7.042184
6.949784
6.856211
6.7020097
6.8624487
6.8348594
6.7967515
6.854108
6.842979
6.716636
6.9649367
6.8804054
6.7631817
6.8924365
6.9221582
6.867422
6.8756685
6.750001
7.0340586
6.8797755
6.842782
6.8998976
6.9315333
6.935755
7.0191703
6.7884626
7.026791
6.9332333
7.0574355
6.8728156
6.9653935
6.949018
7.072982
6.8139896
7.2045717
7.198939
6.8946376
7.1456637
7.285034
7.214945
7.18039
7.1903687
7.2219014
7.0842924
7.2787523
7.461212
7.2996225
7.3470774
7.334878
7.2516265
7.4111176
7.562929
7.238182
7.414886
7.379905
7.461579
7.1681685
7.387059
7.4742894
7.2105722
7.400641
7.0926943
7.2982903
7.2424746
7.1140566
7.238614
7.4234314
7.225811
6.9695287
7.27741
7.1752954
7.069743
7.024984
7.069898
6.848375
7.0679307
6.9176483
6.945851
6.91378
6.8493657
6.6752405
6.8352075
6.7847323
6.6673765
6.852968
6.908759
6.822324
6.8256955
6.6718616
6.895079
7.0389867
6.9423394
6.895693
6.9024115
6.7002788
6.9331427
6.9757576
6.8877254
6.933169
6.7963405
7.045502
6.905897
7.0414257
6.802535
7.034432
6.9754896
6.8580446
6.9868526
6.8923764
7.0447135
7.052372
7.0256968
7.0992293
6.929252
7.1801386
6.9961505
7.2298813
7.1912327
7.043307
7.12803
7.067063
7.081236
7.3984585
7.0413494
7.394638
7.085925
7.394379
7.3293343
7.369886
7.4510126
7.184352
7.3205814
7.29696
7.224059
7.314758
7.227781
7.147295
7.1639557
7.219093
7.1032495
7.0997725
7.137274
7.1497293
7.216674
7.2247286
7.150959
7.2114964
7.0298996
7.118914
6.9387836
7.1144223
6.9217253
7.051463
6.9409704
6.9824176
6.864597
6.8616996
6.8134427
6.645631
6.711896
6.7460012
6.8812957
6.91623
6.884622
6.7420306
6.8368616
7.0856943
6.868598
7.175079
7.16279
7.1122074
7.1094255
6.847866
6.5628257
6.4609733
6.637058
6.6050377
6.1914034
6.006914
5.75697
5.2556267
5.391477
4.853677
4.613301
4.472682
3.9634302
2.8810956
4.2400413
4.219672
4.205013
4.19164
4.054504
4.046932
4.165884
4.0717998
2.7606142
3.9534974
2.9880342
3.9706912
3.2617774
3.7757359
3.174912
2.8181858
3.4032555
3.948607
4.587336
4.3617287
4.24425
4.06786
4.020177
3.8519144
2.7888112
4.1642814
4.282187
5.5408306
5.8126435
5.6876884
5.5931296
5.4454117
5.343807
5.6991453
5.779641
6.633703
6.4161463
7.094883
6.69438
6.8675094
6.803293
6.7722945
6.856066
6.999855
7.094863
6.938443
6.9088693
6.952079
6.983941
6.892754
7.066784
7.3380227
6.9073715
7.2157207
7.0068903
7.1434183
7.1898813
7.0457
7.1532197
7.1437645
7.055574
7.121065
7.17434
6.928558
7.0818405
6.993083
6.9197707
7.047676
7.204732
7.0990667
7.1100774
7.402868
7.2218914
7.3919888
7.2144713
7.3193564
7.3958545
7.3158064
7.1532927
7.6039658
7.4638286
7.4495463
7.590034
7.609515
7.5738335
7.5184255
7.621268
7.544967
7.4396772
7.5313797
7.5426073
7.4835668
7.4023
7.645319
7.4594417
7.6004643
7.533333
7.6213093
7.3147097
7.6375594
7.436474
7.5455694
7.358088
7.4812346
7.2603965
7.475761
7.1954284
7.225798
7.2450504
7.4229965
7.315388
7.2764144
7.2758822
7.3016458
7.270048
7.406756
7.3772364
7.32534
7.2632837
7.271323
7.260786
7.494552
7.542546
7.546195
7.435413
7.4990926
7.3667808
7.5505404
7.555646
7.56978
7.4551206
7.477616
7.553168
7.468974
7.4670744
7.5667152
7.4928637
7.648321
7.5767183
7.6490884
7.66735
7.641329
7.826401
7.662716
7.877057
7.8952413
7.693833
7.780118
7.669682
7.6791387
7.7786636
7.628256
7.3748474
7.338624
7.539968
7.5354457
7.5908527
7.416876
7.5046253
7.4240556
7.5546656
7.468587
7.324114
7.3551826
7.3178477
7.2783947
7.2746153
7.4975896
7.319653
7.077008
7.4626956
7.214178
7.385268
7.4740696
7.3028336
7.3469024
7.4384093
7.358815
7.242276
7.386509
7.231116
7.2950253
7.475741
7.32373
7.268704
7.4328723
7.543502
7.3383875
7.519108
7.4675174
7.6579905
7.5709553
7.517628
7.4701066
7.6587973
7.710042
7.8404064
7.689992
7.783977
7.7444143
7.8316517
7.795903
7.692657
7.8974524
7.753544
7.6742783
7.604778
7.5533195
7.3700256
7.612249
7.6660476
7.5817394
7.6890564
7.5253305
7.4874597
7.546332
7.5171947
7.5282297
7.2986016
7.3905244
7.368807
7.5260725
7.3932295
7.46566
7.4768586
7.503152
7.4680986
7.6002545
7.8463793
7.4641194
7.5004244
7.5066986
7.567188
7.609473
7.631241
7.551053
7.7933083
7.745015
7.861518
7.8924026
7.9365067
7.7677593
7.754342
7.695257
7.826576
7.826564
7.795361
7.9765306
7.8668323
7.892786
7.901572
7.6560907
7.8688498
7.566297
7.758207
7.832965
7.56966
7.777272
7.6560435
7.6610055
7.6269217
7.5247426
7.618558
7.606728
7.371587
7.347501
7.5519056
7.302102
7.500455
7.444501
7.282878
7.539774
7.5179014
7.464403
7.424453
7.246938
7.368844
7.5091176
7.4454193
7.3663135
7.359788
7.70141
7.6071663
7.7928777
7.6678896
7.737234
7.75053
7.8681893
7.787356
7.8667493
7.7822733
7.9652147
7.9012046
7.904119
7.709779
7.6756916
7.8079453
7.690627
7.5169454
7.7024884
7.6853905
7.531374
7.584338
7.5617404
7.4161744
7.4228816
7.431796
7.312222
7.4617715
7.5763745
7.3207397
7.4153247
7.480743
7.339098
7.330241
7.305146
7.5049505
7.336957
7.2079706
7.2895346
7.2916107
7.593924
7.4067335
7.5746593
7.675679
7.817959
7.5649114
7.5015697
7.850948
7.998477
7.9668665
7.993144
7.9827924
7.9003835
7.9536858
7.8659797
7.9114776
7.986676
7.911273
7.9181232
7.71017
7.754066
7.819415
7.691946
7.7108035
7.6051617
7.4000387
7.452843
7.402585
7.498636
7.3195114
7.2559385
7.3067446
7.3493924
7.249731
7.364136
7.333127
7.5511184
7.182788
7.427795
7.41992
7.332006
7.258537
7.5630684
7.4858675
7.6369686
7.6337104
7.6808186
7.552245
7.689891
7.6429977
7.5418644
7.845667
7.664486
7.584464
7.5774546
7.5881815
7.648937
7.6506195
7.5689597
7.699597
7.5515084
7.4274116
7.201122
7.2330275
7.10009
7.060802
6.8917828
7.0928044
7.110344
7.094471
7.0249977
6.7998543
7.0086308
7.1044564
6.9957385
7.0746665
7.1020885
7.399578
7.443735
7.3974404
7.363905
7.466887
7.532292
7.5539637
7.3269444
7.567068
7.2497663
7.599927
7.462565
7.730779
7.5448093
7.7135105
7.76593
7.569598
7.6015987
7.7065535
7.686157
7.5822864
7.623747
7.321081
7.3785725
7.596952
7.107558
6.962658
7.3301096
7.1640167
7.1730447
7.249417
7.02533
6.774582
6.985373
6.8355803
6.8350983
6.949213
6.995096
6.988417
7.0119076
7.050542
6.9771566
7.141078
7.0668154
7.1332707
7.300528
7.2571583
7.248314
7.609869
7.3029923
7.6697173
7.60182
7.5157804
7.620203
7.668377
7.1247745
7.3259373
7.299135
7.1148863
7.552513
7.5254765
7.05848
7.1762767
7.045307
7.2038894
6.96231
7.058839
7.0614257
6.931081
6.788377
7.149736
7.0981283
7.0389166
6.8512363
6.807953
6.890437
6.8731112
6.8251023
7.0579634
7.1824255
7.126238
7.0510035
6.9386797
6.978579
7.147021
7.0520267
7.1354146
7.257163
7.342506
7.292589
7.444717
7.56674
7.2581134
7.5669427
7.0804086
7.143535
7.348897
7.3778133
7.243409
7.130553
7.1805944
7.2995396
7.099901
7.3470397
7.1041737
7.212147
6.957245
7.0005846
6.602683
6.7798004
6.8209305
6.753759
6.8793883
6.9037824
6.834303
6.7285433
6.6726007
6.7217937
6.565444
6.787768
6.903393
7.0557885
6.902814
7.0524554
7.0837173
7.160633
7.0193086
7.252634
7.2086535
7.1266494
7.042689
7.1636076
7.038167
6.6804056
6.80869
6.8840566
6.9411554
6.7041855
6.6284323
6.9659
6.678239
6.6944523
6.6786137
6.688841
6.4129453
6.334245
6.456154
6.262914
6.543042
6.5311494
6.3870277
6.5976825
6.8559747
6.6254396
6.751775
6.8283696
6.6792593
6.949243
6.9563317
6.859412
6.9742007
6.96219
6.9654264
6.6944923
6.825724
6.8758554
6.605412
6.622472
6.573932
6.6548142
6.588552
6.5304227
6.7665734
6.8133597
6.3610077
6.439002
6.4975276
6.4620404
6.160461
6.2927265
6.3345585
6.1540246
6.1211715
6.1012816
6.266604
6.280552
6.285078
6.095045
6.5217924
6.1826077
6.0684614
6.3065705
6.2312183
6.264825
6.1451874
6.2012415
6.376223
6.269981
6.1221275
6.3305955
6.3899946
6.3110375
6.3203964
6.468934
6.4920697
6.210626
6.379134
6.331892
6.240175
6.1998043
6.390929
6.195275
6.3371477
6.154931
6.153815
6.105524
6.236153
6.172554
6.1762333
6.2858
6.140069
6.1388836
6.1008906
5.8286943
5.91451
6.112949
5.8893604
5.750918
5.9318404
5.8793945
5.7530704
5.966481
5.9587235
5.7855225
6.064706
5.8253765
5.7644396
6.0351443
5.8818154
5.8436947
6.156355
6.270738
6.1804924
6.2152843
6.273463
6.1381016
6.11547
6.101157
6.172827
6.056484
5.9739227
6.313788
6.1902494
6.2976522
6.3680053
6.4442115
6.2330523
6.274841
6.2164254
6.296826
6.383376
6.315397
6.556701
6.3647623
6.357259
6.4382133
6.459093
6.4077716
6.3434157
6.360001
6.235897
6.427254
6.2241063
6.5131636
6.4248223
6.4061227
6.2761216
6.4479575
6.421933
6.2752776
6.6232305
6.4139376
6.3097396
6.3785157
6.284011
6.51953
6.326975
6.3737917
6.2546215
6.0986724
6.003872
6.104132
6.344656
6.4599447
6.6191864
6.385835
6.457857
6.507288
6.3629003
6.5568123
6.322526
6.5866623
6.2698593
6.387825
6.312852
6.4878902
6.39039
6.2825627
6.2977495
6.310133
6.579335
6.499271
6.7450314
6.635512
6.5622168
6.478901
6.4319854
6.514496
6.618175
6.356439
6.6160326
6.643566
6.759088
6.733474
6.7348976
6.760776
6.5591044
6.617662
6.7668324
6.721497
6.5364957
6.3664064
6.6030254
6.3910675
6.4307866
6.300265
6.4499016
6.4866657
6.4975243
6.4598165
6.6766315
6.7621007
6.586335
6.621172
6.501517
6.5785933
6.4203696
6.5899963
6.5685315
6.6601405
6.910805
6.730639
6.8755646
6.8715467
6.8379316
6.7721477
6.9059286
6.844492
6.936835
6.8303814
6.6630974
6.776317
6.8472314
6.7625813
6.920189
6.9030232
6.845963
6.778973
6.7729793
6.678772
6.7536564
6.6636267
6.581017
6.684118
6.500682
6.8077765
6.803235
6.8971763
6.9349008
6.821055
6.9785047
6.7139707
6.683064
6.657219
6.649598
6.851434
6.6499243
6.7900677
6.806713
6.6529694
6.679335
6.536376
6.290194
6.226455
6.3791285
6.576855
6.576067
6.6156754
6.6949854
6.744124
6.4154663
6.5510283
6.4740963
6.180586
6.2056265
6.3559146
5.8252993
5.8587384
5.8335876
6.011126
6.125761
6.1113014
5.9505095
6.2380342
6.205336
5.9341493
6.06031
6.060943
5.875127
6.091679
6.1385474
6.002124
6.085026
6.0645766
6.061603
5.814828
6.127968
6.154286
6.069037
6.0211477
6.14075
6.053907
6.290481
6.042622
6.134104
6.114821
6.220645
6.1279817
6.17004
6.06199
6.044283
6.0725517
6.246275
6.0803986
6.034159
5.9542313
6.0210752
5.8899746
5.935354
6.0646935
6.0091147
5.9302435
5.9707656
5.8709836
5.871304
5.8898525
5.850979
5.8047724
5.978861
5.7144613
5.7507133
5.861514
5.7641478
5.8271365
5.9576025
5.7490234
5.872523
5.8885527
5.6161327
5.884716
5.831463
5.733589
5.847788
5.8469114
6.061113
5.9877586
5.896781
5.749621
5.6468396
5.8035765
5.8290997
5.7891903
5.74211
5.7890167
5.981845
5.8649106
5.949166
5.8093204
5.976265
5.9085183
5.9708004
5.8753657
5.7272153
5.759337
5.8013654
5.9925723
5.7503157
6.080183
6.01519
6.1418896
6.049822
6.0818195
5.9217143
6.100475
5.885862
5.87883
5.83755
6.072343
5.815365
6.1187615
5.8085117
6.011939
5.9747086
5.8907266
6.1250157
5.810039
5.8924813
5.822667
6.1117086
6.1552906
5.9323683
6.0080314
6.141724
6.108962
5.984167
5.899836
5.9654
6.1527524
5.855283
5.8319845
5.836125
5.926235
6.1489816
5.9639397
5.852909
5.910657
5.838828
6.072837
5.7845874
5.7573276
5.748169
5.6705055
5.72069
5.846825
5.851143
5.982042
5.7291813
5.69151
5.658915
6.0452137
5.725006
5.830136
5.9226317
5.6240244
5.7662745
6.075623
5.9193172
5.8975196
5.6862574
5.919196
5.669071
5.748028
5.5957127
5.65057
5.8308854
5.5718164
5.627555
5.605415
5.499674
5.316835
5.5950327
5.3689947
5.42661
5.4598866
5.3929467
5.3328414
5.135239
5.756461
5.1764374
5.4799814
5.471629
5.39665
5.363208
5.3785024
5.514007
5.513269
5.2935753
5.551361
5.1843967
5.5236278
5.533782
5.335459
5.6698112
5.5027833
5.495027
5.523262
5.4761934
5.5581775
5.3795996
5.480256
5.6918383
5.3827333
5.543103
5.665471
5.504374
5.3409133
5.3892384
5.2826653
5.200815
5.4942575
5.491184
5.5927677
5.294433
5.130902
5.312713
5.399328
5.3155203
5.213967
5.339492
5.1699853
5.3648767
5.534404
5.123551
5.3445554
5.3852887
5.511547
5.141271
5.328401
5.558933
5.449291
5.671832
4.937003
5.5945296
5.353196
5.1592145
5.564154
5.3381915
5.504908
5.301594
5.259952
5.4128647
5.2885513
5.828418
5.323634
5.0593333
5.6389904
5.355995
5.34231
5.4658704
5.218704
5.451256
5.4607034
5.251691
5.502761
5.175733
5.2219315
5.314907
5.5205383
5.2911716
5.2974086
5.136896
5.1361012
5.2557693
5.2088466
5.3513412
5.3107004
5.4224744
5.4641128
5.250042
5.444351
5.2797422
5.3726783
5.4315753
5.246356
5.2709
5.2757874
5.357674
5.354574
5.36195
5.26025
5.2220974
5.2710447
5.263173
5.119938
5.005335
5.265679
5.2219286
5.236405
5.1817064
5.3531084
5.300472
