10000
8.855925
8.894522
8.842512
8.898587
8.876266
8.818639
8.897623
8.863003
8.824477
8.865965
9.019688
9.002464
9.009519
9.023256
9.070306
8.941676
8.815331
8.837641
8.878685
8.887012
8.89477
8.971702
9.032063
9.059419
9.0974
9.073157
9.134813
9.136303
9.157341
9.156444
9.135529
9.143045
9.054917
9.007448
8.942007
8.964034
8.935296
9.023968
9.00778
9.04377
9.060867
9.128103
9.135676
9.127192
9.068688
9.139687
9.132026
9.06319
9.007679
8.935916
8.90552
8.902407
8.962897
9.05513
9.091387
9.189315
9.191882
9.193496
9.202212
9.152608
9.094902
9.039874
8.9852295
8.968887
8.978762
9.048559
9.022432
9.0541525
9.029931
9.042386
9.002441
9.062552
9.02754
9.062149
9.04587
8.999342
8.993869
8.949216
8.966642
8.931801
8.784878
8.762955
8.7700615
8.805954
8.760654
8.783473
8.860563
8.82933
8.874748
8.789043
8.877847
8.873372
8.934473
8.881399
8.913094
8.911775
8.921003
8.942304
8.851841
8.837885
8.839083
8.810007
8.795844
8.819386
8.821524
8.81052
8.814131
8.868125
8.783412
8.867227
8.827831
8.930559
8.887432
8.870677
8.860879
8.851772
8.871677
8.858451
8.920183
8.942293
8.813359
8.876251
8.816049
8.839981
8.915874
8.827238
8.840492
8.835609
8.828819
8.899776
8.851951
8.9405365
8.922427
8.918554
8.873632
8.837209
8.853264
8.810194
8.868844
8.891921
8.970707
8.925608
8.89366
8.827148
8.850313
8.750453
8.778215
8.734157
8.719488
8.70932
8.698684
8.759759
8.669928
8.800426
8.712626
8.771016
8.724002
8.685224
8.606507
8.546899
8.493783
8.4119
8.416206
8.420818
8.610739
8.564964
8.521005
8.507247
8.448598
8.350358
8.282508
8.249126
8.124141
8.148713
8.001355
8.026135
7.896625
7.8699255
7.757572
7.6591473
7.3286214
7.1149373
6.784612
6.4439735
6.031232
5.4215617
4.9192905
4.40752
4.360299
4.5124474
4.698307
5.128105
5.32252
5.5718374
5.6679893
5.8242445
6.219268
6.443817
6.6429586
6.8984604
6.9582543
7.143725
7.292517
7.3628364
7.5405264
7.544252
7.479253
7.4819317
7.622674
7.66722
7.857447
8.070494
8.109886
8.038745
8.104226
8.14044
8.069603
8.074015
7.9273453
8.003807
7.8789973
7.9084516
7.9263344
7.9384475
7.91153
7.9737043
7.9825172
7.9958677
7.9743953
8.026899
7.9564652
8.104603
7.947204
8.071242
8.001001
8.005407
7.9766607
8.066349
8.088207
8.053691
8.025608
7.99541
8.107663
8.072361
8.101861
7.998183
8.042216
7.978229
7.9795513
7.9951572
8.003101
8.015849
7.9501967
8.07153
8.103015
8.092514
8.096938
8.108939
8.110271
8.108076
8.245991
8.237891
8.238506
8.260468
8.2543745
8.266086
8.272633
8.261518
8.279913
8.251525
8.300958
8.3553
8.347105
8.350718
8.313888
8.350556
8.320014
8.354021
8.310337
8.325334
8.316654
8.317632
8.333616
8.342085
8.3323
8.3628235
8.358388
8.396642
8.312083
8.378988
8.421546
8.466295
8.535155
8.483926
8.503574
8.426226
8.351435
8.282132
8.374681
8.380856
8.467222
8.454294
8.487368
8.476199
8.4934635
8.503545
8.480709
8.474652
8.468167
8.45257
8.457873
8.483736
8.4812355
8.44988
8.47988
8.473792
8.449305
8.438095
8.43366
8.39584
8.351042
8.297236
8.275702
8.277517
8.250803
8.337872
8.309273
8.382882
8.316435
8.382719
8.334608
8.399707
8.423463
8.377552
8.453181
8.412008
8.489692
8.389006
8.415692
8.380858
8.3758955
8.36587
8.38017
8.375167
8.408758
8.415041
8.397668
8.437926
8.34514
8.278355
8.398332
8.329412
8.330005
8.255625
8.274432
8.245147
8.266266
8.2884
8.276444
8.305453
8.277042
8.2573
8.272471
8.253806
8.289535
8.284339
8.260363
8.232658
8.23317
8.373134
8.440319
8.514791
8.522304
8.47866
8.472455
8.505042
8.4317465
8.463401
8.452885
8.459425
8.469259
8.417674
8.461772
8.327649
8.386108
8.285405
8.274441
8.25612
8.259669
8.240879
8.246053
8.235369
8.2216425
8.259074
8.204038
8.307554
8.186564
8.295067
8.1944475
8.259965
8.227953
8.25552
8.214087
8.263325
8.187183
8.306013
8.170117
8.320061
8.26717
8.400265
8.256271
8.347918
8.271468
8.2963505
8.281218
8.312699
8.298525
8.424083
8.334824
8.376486
8.349461
8.488115
8.357441
8.491147
8.359103
8.410155
8.239455
8.234944
8.044789
8.1934
8.12415
8.314503
8.4069
8.535477
8.445681
8.551667
8.453596
8.556347
8.448183
8.5521965
8.40363
8.384777
8.146416
8.185316
8.0859995
8.161761
8.119447
8.241144
8.171568
8.3479395
8.210203
8.363776
8.184158
8.22152
7.975302
8.038959
8.013893
8.100597
7.942539
8.028812
7.9474173
7.850626
7.968358
8.009403
7.9185057
7.9238834
7.917539
7.9704275
7.8928475
8.011991
8.002464
8.048204
8.003696
8.0125885
7.9837966
8.130899
8.074685
8.167569
8.221116
8.201483
8.122106
8.07916
8.103344
8.123568
8.085463
8.036472
8.121899
8.159696
8.157804
8.121778
8.091701
8.179125
8.242824
8.156977
8.274894
7.9132557
7.861063
7.6440744
7.478136
7.5015993
7.3609285
7.0942545
7.124117
7.0982604
7.029148
7.0264807
6.968832
6.827388
6.6628833
6.331012
6.249215
6.390168
6.2112403
6.0578322
5.7936215
5.513906
5.2180185
5.2349524
5.0526576
4.8520966
5.140875
4.6752167
4.6127634
5.0102825
5.2123604
5.7571034
5.4742975
5.2522807
5.1220536
5.0554132
5.495319
5.467787
5.425146
5.0002446
4.4940023
4.835819
5.337043
5.401102
5.0775
5.3170958
4.7859745
4.722522
4.9699407
5.034968
4.9921856
4.7791595
4.1034255
4.3889127
4.348126
4.0483265
4.376019
5.2099967
5.310026
6.3996077
6.6686277
6.7971907
7.4548187
7.306536
6.773707
6.2280264
5.4257183
5.110969
5.085003
6.17505
6.870159
8.022945
7.543651
6.830702
7.119636
5.880287
6.4768558
6.581966
7.345009
7.3750176
6.9103065
7.19964
7.1125336
6.4161277
6.551274
6.978141
7.6395326
7.967317
7.7091417
7.513583
7.788857
7.518992
6.2196727
7.237688
7.599827
7.6076727
7.66473
7.0760574
6.847037
6.0421295
4.663038
3.9026046
4.3912725
3.9569647
3.5541098
3.5850568
3.5140615
3.5599623
3.4384885
3.4389803
3.4053385
3.3751671
3.299015
3.3945432
3.3927035
3.4704554
3.650267
3.92872
3.697659
3.5152993
3.4874842
3.4732902
3.7536893
3.5677772
3.663054
3.6197972
4.2804193
3.914257
3.5789511
3.5850017
3.704309
3.595457
3.4603322
3.447908
3.436411
3.5629487
3.7032366
3.817604
3.7544918
3.8471441
4.4226074
4.0579634
4.190604
4.045563
3.9345896
3.8897629
3.789369
3.650605
3.799076
3.6626768
3.6937428
3.8193014
3.8268213
3.7863083
3.8144815
3.6246824
3.7075722
3.3904757
3.3837497
3.3426168
3.3199291
3.2880206
3.1897655
3.1316442
3.2018337
3.1872897
3.1863508
3.207201
3.0342145
3.286146
3.8468394
4.3096585
3.8314955
2.9662395
2.955974
3.0508983
3.0751696
2.922613
2.9061153
2.7756298
2.9601724
3.2697806
3.2684195
3.3512495
3.7462616
3.322585
3.3362336
3.3725936
3.3021255
3.2715948
3.245367
3.217434
3.3364334
3.3940203
3.187527
3.3060055
3.2408173
3.2555203
3.2628279
3.1742525
3.2121105
3.1855357
3.1281357
3.365614
3.4370103
3.3094711
3.2331479
3.511039
3.624093
3.7619054
3.5933318
3.6906164
3.6115446
3.5879717
3.5819957
3.5700438
3.6271703
3.5930445
3.6496882
4.178034
4.39772
4.277025
3.9369156
3.7566376
3.8075573
4.031262
4.8255424
4.3154044
4.138449
4.5511417
4.649806
4.2799296
4.3184676
4.5870595
4.3857865
4.7605944
4.451759
4.2515936
4.219669
4.1743007
4.008455
3.866978
4.199726
4.3752074
4.70193
4.760606
4.580902
4.3316402
4.394476
4.484021
4.078342
4.1428494
4.167403
4.045248
4.1106596
4.186705
4.197813
4.5971527
4.2401986
4.2349606
4.3430076
4.0041084
4.1013126
4.1014595
4.220604
4.4150496
4.3751764
4.2329855
4.239454
4.4280486
4.7049675
4.5135975
4.303395
4.458114
4.8055644
4.8707824
4.900465
4.8551145
4.4931326
4.161767
4.092797
4.1687145
4.0684414
4.141595
4.1631947
4.033498
4.103412
4.177884
4.082055
4.077307
4.0013013
3.9784374
3.8460176
3.8195486
3.9042795
3.9614437
3.873704
3.8387547
3.8639357
3.8380542
3.9324288
3.8514178
3.913708
3.8228364
3.799488
3.851585
3.8060675
3.9030304
3.9035077
3.7813063
3.8986485
3.930937
3.8216815
3.796185
3.8359776
3.8690193
3.7745562
3.6881328
3.5099561
3.4900427
3.6371694
3.6036143
3.8054163
3.8505657
4.046488
4.428342
4.359023
4.357127
4.474924
4.249908
4.2597847
4.279003
4.0225625
4.027718
3.9940882
3.8917658
3.927406
3.7543516
3.8534703
3.8054464
3.83309
3.8695207
3.8318586
3.843505
3.937901
3.7501426
3.9348297
3.8393204
3.8075757
3.7671394
3.6726716
3.7837353
3.8278964
3.7409692
3.793778
3.8247085
3.9475183
3.9006584
3.873982
2.7239928
3.85107
3.956675
3.8656883
3.9305677
3.8049338
3.7510688
3.7756066
3.78698
3.776195
3.8430634
3.8045998
3.838141
3.7728708
3.825754
3.7939403
3.8300955
3.8675566
3.8685238
3.916143
3.8266923
3.81752
3.7237434
3.7452726
3.788077
3.838459
3.7606406
3.765822
3.8493514
3.795398
3.8266363
3.769239
3.837098
3.826342
3.8229892
3.8095884
3.830881
3.8370173
3.8207111
3.8137596
3.8480945
3.8083324
3.8489952
3.8364208
3.7998765
3.7671494
3.8687196
3.819713
3.8677497
3.8675086
3.845145
3.8823626
3.8684702
3.8365362
3.8917341
3.992723
3.969297
3.8864121
4.019011
4.0658174
4.0408974
4.008051
3.8121836
3.9057949
3.9202352
3.8893661
4.014451
4.1016355
4.0554395
4.1090026
4.022647
4.1169977
4.094689
4.1969604
4.099929
4.135131
4.1672516
4.138047
4.141815
4.2784896
4.332065
4.423182
4.292637
4.5003095
4.4044123
4.251378
4.024213
3.9796398
3.9448411
4.012768
3.9261584
4.04093
4.0289927
4.2982984
4.273829
4.4979124
4.615285
4.554858
4.5949087
4.6245418
4.3948083
4.209342
4.264722
4.522294
4.362671
4.1944776
3.911509
4.045236
4.0411496
4.4151506
4.419464
4.447837
4.5003767
4.536113
4.464617
4.3752484
4.462341
4.1843095
4.064672
4.0955815
4.234973
4.824842
5.0984435
5.1033053
5.073471
4.9006886
4.4186163
4.410764
4.1979904
4.2104235
4.2367563
4.470422
4.8352757
5.299069
5.3420596
5.622642
5.362059
5.0505414
4.818597
4.72587
4.4086113
4.3163867
4.8807764
4.961852
5.423278
5.712945
5.658706
5.4580665
5.2127037
5.151062
4.861107
4.662378
4.4456
4.289379
4.2991176
4.9666305
4.8827677
5.0576086
4.9320297
4.5251775
4.348949
4.2932553
4.1526103
4.4208164
4.2639937
4.289355
4.0426407
4.049481
4.151515
4.279283
4.078079
4.0331745
4.0700054
3.768069
3.813137
3.6817956
3.3245769
3.3042102
3.3148382
3.2619767
5.3049793
5.216383
5.077773
5.028523
4.8519897
4.997063
4.8108864
4.822579
5.070171
4.6259484
4.829047
4.639262
4.734566
4.7733297
4.6755033
4.778807
4.575211
4.7274027
4.6498504
4.615263
4.5561395
4.839632
4.736044
4.673813
4.5180106
4.5942373
4.600151
4.6243386
4.574125
4.745225
4.843735
4.9321895
4.8517075
4.8418446
4.8201094
4.9243455
4.8752813
4.9488115
5.01359
5.0496645
5.069437
5.138372
5.124422
5.2230864
5.24285
5.2535024
5.307974
5.2989163
5.421668
5.349255
5.369296
5.4557943
5.559915
5.6136518
5.6919894
5.6835327
5.762624
5.7559505
5.77406
5.7423
5.7353277
5.7870555
5.614091
5.813282
5.763851
5.672713
5.734211
5.5877595
5.5512094
5.6445527
5.6899605
5.607316
5.6955204
5.5671763
5.558831
5.453176
5.521523
5.356468
5.396851
5.4498434
5.5196395
5.531125
5.5223
5.443831
5.4281416
5.4935164
5.476737
5.4706817
5.452036
5.4350944
5.5472116
5.360016
5.5143566
5.3676224
5.4326305
5.371655
5.552446
5.367469
5.419862
5.5513415
5.4037466
5.547768
5.481073
5.465743
5.492358
5.465797
5.450773
5.4066505
5.3595567
5.4069004
5.552084
5.665156
5.764609
5.595648
5.5097756
5.511084
5.5755215
5.5327263
5.6538343
5.7830033
5.8481364
5.8977785
5.95187
5.980111
5.9877753
6.2053328
6.222132
6.1657667
6.186982
6.142193
6.2849236
6.2960176
6.486041
6.6375446
6.63371
6.5894427
6.6094036
6.5899606
6.5547843
6.604826
6.4836826
6.566043
6.532731
6.513129
6.568051
6.4671383
6.584809
6.465866
6.5149126
6.399754
6.469256
6.4173946
6.4448013
6.434209
6.445738
6.4061036
6.4185
6.437881
6.441901
6.4382734
6.375564
6.386322
6.508856
6.5253873
6.522423
6.5153227
6.498856
6.4785647
6.410954
6.450989
6.4381204
6.4470196
6.411122
6.4235086
6.4395857
6.5027823
6.4517355
6.497409
6.3821387
6.436176
6.418322
6.508567
6.4884286
6.508034
6.5320034
6.3055167
6.212055
6.259932
6.4268656
6.3693023
6.502485
6.4645977
6.5302825
6.443496
6.499395
6.51976
6.691592
6.5716662
6.626276
6.6731544
6.714015
6.7007513
6.8218994
6.758326
6.7507606
6.666396
6.5640516
6.670784
6.5755944
6.677876
6.6318655
6.001265
5.865962
5.317251
5.0011387
5.5497804
6.156966
5.4958916
5.72573
6.3783646
5.0820537
6.0465126
6.239668
6.202973
6.2530603
6.177535
6.00405
6.054907
6.506971
6.5311856
6.4531646
6.318804
6.4271145
6.3468947
6.538335
6.537897
6.626117
6.8809733
6.9713626
6.8891106
6.7961135
6.874827
6.835982
6.7509856
6.759958
6.78823
6.7872367
6.8363523
6.755492
6.696092
6.7167244
6.7763066
6.8341208
6.7012086
6.702797
6.826271
6.7390213
6.7246847
6.586066
6.551709
6.59476
6.676228
6.5548177
6.2812586
6.243945
6.209846
6.2286115
6.2218337
6.445035
6.6432514
6.5572963
6.6398044
6.535164
6.457514
6.4972167
6.462791
6.4487686
6.428256
6.5590262
6.647725
6.779882
6.7349095
6.8313665
6.717207
6.8448744
6.970682
7.0208597
6.928203
6.399783
6.0202584
5.2256618
4.1588154
4.3049555
4.49182
4.549403
4.4970946
4.5888805
4.62666
4.5708017
4.6675615
4.6461725
4.72083
4.6670637
4.618274
4.743978
4.7228394
4.643692
4.7266355
4.7162685
4.619368
4.6619635
4.691112
4.832217
4.7843657
4.8206882
4.7679796
4.907249
4.872638
4.9362283
4.8214498
4.9416437
4.8426733
4.8501253
4.901774
4.906949
4.959824
4.995804
4.999764
4.869343
4.8689194
4.8777966
4.7775803
4.782176
4.805834
4.8080544
4.787672
4.753631
4.7602863
4.804053
4.7865734
4.7597737
4.735078
4.763911
4.76726
4.811758
4.789845
4.87835
4.7965813
4.8487563
4.8153043
4.8640094
4.7751136
4.796073
4.8904467
4.783121
4.8289614
4.939287
4.8112864
4.9335465
4.81762
4.9207745
4.893811
4.8515015
4.9200096
4.890433
4.868089
4.895386
4.937036
4.8856754
4.88165
4.8619623
4.892005
4.981692
4.9189425
4.930092
4.957811
4.9294195
4.9025555
4.9378266
4.8950043
4.9175997
4.99962
4.933658
4.932813
4.9447145
4.961997
4.946602
4.891897
4.951581
4.945622
4.9917884
5.001198
4.8821473
4.989867
4.961181
4.966117
4.9554925
4.9782143
5.0191364
5.0884323
5.145553
5.0411
5.0574408
5.003976
5.015332
5.0040197
5.066355
4.9412146
5.022627
5.0371747
5.0034595
4.992714
4.939074
5.018908
4.9137173
4.843346
4.9115314
4.9182253
4.9532228
4.93508
4.913531
4.9629626
4.9349465
4.975562
4.986792
5.0061955
5.0245247
5.01074
4.9969997
5.025028
4.9955792
4.9230027
4.866906
4.9284143
4.929317
4.844494
4.9311123
4.9045296
4.85911
4.9891286
4.9460993
4.9563637
4.8385367
4.9625864
4.844018
4.9252205
4.8044586
4.8687935
4.846064
4.9023
4.8752584
4.879998
4.8740916
4.9067035
5.0145392
5.019577
5.0884776
5.1314564
5.2652445
5.3435545
5.388713
5.409865
5.45094
5.4781017
5.4418306
5.475783
5.482976
5.549428
5.592308
5.4964366
5.560891
5.5059943
5.5634637
5.6851664
5.655489
5.602806
5.6244698
5.6408434
5.5766964
5.603361
5.605405
5.578929
5.610104
5.6516957
5.5648184
5.598485
5.577985
5.5459795
5.665616
5.5582356
5.661986
5.5683546
5.6011333
5.6335254
5.6112514
5.600541
5.6290774
5.607165
5.5944376
5.6270204
5.6831527
5.7873445
5.738958
5.7119784
5.7374673
5.850936
5.7545576
5.7815084
5.734756
5.8645787
5.8260326
5.881999
5.8048177
5.816623
5.8420153
5.810832
5.7875996
5.9560833
5.7784834
5.972722
5.7068152
5.863189
5.764023
5.743616
5.858426
5.6980352
5.8918
5.684823
5.745486
5.7418914
5.751584
5.704032
5.648504
5.674176
5.705686
5.812026
5.6400657
5.779375
5.761107
5.7876625
5.785108
5.7953057
5.7988696
5.7630944
5.685159
5.6698203
5.81017
5.831767
5.8028545
5.853835
5.80938
5.8029785
5.793006
5.749506
5.695816
5.77846
5.784974
5.847578
5.6268
5.5628157
5.590347
5.425522
5.14618
5.212725
5.541624
5.09245
4.569042
4.7413487
5.455444
5.490344
5.730175
5.663737
5.984105
6.420178
6.648059
6.6187325
6.3489575
6.336515
6.546825
6.5835056
6.5322785
6.535357
6.6026607
6.425521
6.3131843
6.2780623
6.209014
6.054579
6.364645
6.814224
6.5177345
6.3946157
6.691284
6.4383144
6.4495406
6.662021
6.8854575
6.630413
6.1974554
6.3802843
6.0059566
6.1192694
6.69852
6.7771115
6.7729387
6.2810955
6.3853674
5.8368015
6.233609
5.6325045
5.507921
5.1620207
5.2645664
6.107136
6.0593114
5.9341164
6.244102
6.1359777
5.432165
5.874997
6.2911696
6.2083297
6.6293583
6.492292
5.9616566
5.5263424
5.7804728
6.026014
5.657981
5.5786715
