10000
5.1389556
5.139011
5.02818
5.2145824
5.151083
5.1871276
5.124645
5.1697946
5.173108
5.1061816
5.089721
5.1032467
5.155025
5.1046586
5.155289
5.140472
5.148159
5.2429047
5.2666445
5.2171073
5.1449237
5.0918493
5.268745
5.1767178
5.204055
5.261315
5.1942954
5.1827507
5.2407737
5.2120004
5.2830243
5.1913176
5.2131286
5.2388344
5.142761
5.244183
5.276556
5.170318
5.231492
5.1707354
5.1801414
5.190693
5.180417
5.2144866
5.1760674
5.190421
5.2544975
5.2149644
5.152479
5.2304506
5.218476
5.2346826
5.004692
4.9120617
4.8330007
4.7444777
4.906389
4.8945107
4.8713427
4.758808
4.9440603
4.8026743
4.701488
4.8115144
4.6389985
4.817724
4.7970915
4.8018217
4.8736258
4.8982058
4.823668
4.900008
4.76398
4.762514
4.7193484
4.7071056
4.652469
4.7328744
4.6753554
4.6451178
4.7622914
4.7531805
4.5894275
4.67192
4.637241
4.6863422
4.700204
4.6508446
4.657378
4.5705748
4.574928
4.552369
4.592049
4.6410847
4.7108464
4.758093
4.6024194
4.464509
4.6133056
4.6815076
4.632277
4.6066346
4.608031
4.5697813
4.600485
4.555613
4.60262
4.7241015
4.6342316
4.6515546
4.6046085
4.6334963
4.5638638
4.4983673
4.6172557
4.331437
4.353455
4.4622254
4.29801
4.2111855
4.2966437
4.0825768
4.116313
4.054765
4.056174
4.0888796
3.9600534
3.949288
3.9706745
3.894232
3.8041887
3.621598
3.7943215
3.7714298
3.5176897
3.661067
3.6132736
2.7722278
3.506699
3.3848004
3.3522124
3.4227183
3.5872846
3.5048373
3.5024688
3.4886112
3.4281948
3.30975
3.3518198
3.3202658
3.3128445
3.3704739
3.2158542
3.4318345
3.0592175
2.9654167
3.1495667
3.167457
2.9925327
2.9334898
3.0716653
3.1509576
3.0761056
3.203597
3.0307908
3.2316518
3.1852098
3.0236316
3.1335423
3.1364584
3.156103
3.2269616
3.275288
3.2071104
3.2155018
3.170261
3.0641994
3.2403817
3.0613923
3.1693048
3.1253471
3.3115594
3.2429461
3.2393909
3.1723623
3.1713285
3.226966
3.2787843
3.1819847
3.123435
3.121842
3.2453349
3.2529266
3.2405562
3.2248447
3.2928176
3.262619
3.2167265
3.1833088
3.1945052
3.2650757
3.2774408
3.2687733
3.2552028
3.2495382
3.290679
3.2894301
3.3022668
3.3029773
3.3028746
3.2426882
3.2434058
3.2922812
3.2220764
3.2227402
3.2157001
3.254662
3.1765802
3.2632265
3.2941327
3.25435
3.3043013
3.232926
3.2978356
3.2891414
3.23241
3.2331622
3.2264695
3.3074245
3.2852898
3.3185778
3.3483648
3.2512834
3.252594
3.332954
3.313162
3.2807965
3.317534
3.2905986
3.269462
3.2573922
3.1971145
3.2256413
3.1658382
3.1614027
3.2264504
3.2372897
3.2214723
3.2133074
3.297807
3.2439158
3.2467437
3.2274706
3.1625803
3.3100898
3.2488003
3.3008418
3.2648914
3.2412086
3.2977333
3.2670922
3.241818
3.224175
3.2690072
3.2481036
3.2014594
3.2448335
3.284814
3.2183273
3.2611728
3.2601912
3.2581265
3.3207355
3.223535
3.3018348
3.2664406
3.204824
3.2283766
3.2703965
3.2588282
3.2490633
3.2815275
3.222876
3.27366
3.1122155
3.2783694
3.2203758
3.2070796
3.1107712
3.3140783
3.258917
4.011768
4.6939306
4.628918
4.655793
4.634803
4.5128675
4.558446
4.5397596
4.5961866
4.6370335
4.6371403
4.5569873
4.5151157
4.6416035
4.5355144
4.534883
4.630975
4.5408354
4.5828648
4.631082
4.607167
4.5746813
4.550946
4.5480742
4.425945
4.5281053
4.4610586
4.3890142
4.649315
4.6344495
4.6554103
4.7404594
4.663438
4.579565
4.5847425
4.567492
4.5828166
4.617645
4.646345
4.646925
4.590072
4.560233
4.568501
4.546529
4.6176634
4.579761
4.63241
4.517624
4.2750807
3.1125793
3.306792
3.3559852
3.1303062
3.148896
3.390283
3.4676566
3.1788325
3.1649656
3.4016092
3.5196338
3.2173872
3.2183952
3.1919446
3.1732497
3.1638103
3.1578794
3.1877708
3.1841397
3.1006203
3.1003933
3.181083
3.1707788
3.2078905
3.176504
3.2049882
3.086083
3.1398447
3.3746846
3.394699
3.534668
3.5872257
3.500986
3.2042189
3.248209
3.212761
3.1647167
3.0987878
3.1692462
3.2500122
3.2274933
3.2056458
3.230371
3.319323
3.1909692
3.1877007
3.7399833
3.0933037
3.3296301
3.6997244
3.2817917
3.4079766
3.3019428
3.3313377
3.096522
3.103337
3.1513977
3.0988724
3.0883617
3.134407
3.1432755
3.1970005
3.1537864
3.1797876
3.176621
3.1635118
3.1557949
3.1305048
3.1832983
3.1442204
3.1253006
3.15203
3.1278176
3.1810508
3.4675488
3.516413
3.0832152
3.4971256
3.181032
3.1923347
3.2229853
3.2124133
3.5476673
3.4118428
4.1772346
4.159264
4.158778
4.1355233
4.1790624
4.2273655
4.2516413
4.3206024
4.228294
4.134077
3.0611246
3.1643448
3.1712458
3.143628
3.1050715
3.2204676
3.2114167
3.3113394
3.337004
3.5959444
3.203289
3.233482
3.2567441
2.739751
3.1775863
3.1953917
2.8577483
3.0966885
2.3269327
2.2398205
3.3458216
3.5114887
3.2124128
3.3629565
2.8800652
3.4494238
3.4953837
3.7143185
3.9860773
4.016544
3.972197
4.235553
4.252445
4.2845306
4.4550524
4.4584084
4.5562325
4.5996447
4.493024
4.6376495
4.5582576
4.5824285
4.6228757
4.632769
4.7251425
4.6841536
4.749584
4.7121224
4.7748957
4.693903
4.6327863
4.711718
4.7073555
4.6617684
4.654672
4.705028
4.610981
4.7212343
4.662698
4.7670918
4.6414795
4.6185985
4.559013
4.5604696
4.5729156
4.667445
4.6442795
4.643156
4.569717
4.603505
4.584914
4.6329455
4.529325
4.5771194
4.532358
4.6170034
4.550187
4.5706644
4.5737514
4.560229
4.5322843
4.5678816
4.4651275
4.531331
4.4168057
4.4673157
4.3518977
4.199197
4.121867
4.1837583
3.882132
3.8727794
3.6678977
3.6604693
3.6546254
3.2800765
4.193338
4.3387766
4.2908382
4.338829
4.5782614
4.6273146
4.666457
4.7169623
4.880615
4.94961
4.8828073
4.525006
4.5609093
4.587906
4.5714064
4.5698147
4.680703
4.6210976
4.358614
4.0239606
4.221978
4.069991
3.944146
4.014798
4.0203156
4.050426
4.126806
4.2713666
4.3665776
4.533984
4.604057
4.58345
4.6704884
4.5902805
4.6109147
4.622875
4.624448
4.636364
4.619259
4.5630074
4.5995502
4.5869913
4.641202
4.6685805
4.663738
4.7136793
4.6529775
4.6875453
4.6998105
4.7523594
4.7320585
4.75743
4.7209597
4.693663
4.63294
4.632709
4.663288
4.633613
4.6853952
4.6445074
4.6318665
4.639305
4.7019415
4.6659265
4.737565
4.6998186
4.6651297
4.699429
4.6726427
4.6865005
4.5392776
4.51218
4.491641
4.489647
4.6075144
4.5940475
4.6214056
4.554389
4.568039
4.4463124
4.500842
4.452407
4.430998
4.3831863
4.390869
4.4143825
4.4094715
4.2640452
4.0898824
3.7955952
3.9102821
3.8005126
3.869459
4.024155
4.2618976
4.3038783
4.1670647
4.013504
4.18194
4.150297
4.208062
4.1970415
4.2887845
4.223695
4.2047253
4.168049
4.0069294
3.7507877
3.6515098
3.7135189
3.942806
4.23076
4.042058
3.9133923
3.8387709
4.063834
3.883483
3.7735415
3.5716307
3.759619
3.7361476
3.8408647
3.365841
3.0494676
2.8414247
3.1424508
3.1963181
3.2931416
3.2819083
3.2885752
3.3424864
3.3709311
3.2988217
3.350317
3.3078434
3.314641
2.8608847
3.312951
3.2757146
3.2947276
3.2949631
2.6599836
3.2796721
3.3295121
2.6513245
3.2924216
3.3366404
3.1796055
3.3241112
2.716426
3.301859
3.3147514
3.0964692
2.3100514
3.279423
2.3370402
2.277902
3.3931746
3.355516
3.294131
2.7736707
3.327241
2.7315366
2.9886296
3.3371558
2.755197
3.3217096
2.3194609
3.2864947
3.4421322
3.4764922
2.427108
3.998262
4.0286474
4.1255846
4.2784114
3.985567
4.126622
3.9934359
4.0710297
4.1466303
4.2849474
4.216947
2.290634
3.849008
2.2719095
3.3800023
3.4924893
3.545955
3.667011
3.7255487
3.6361187
4.146354
4.3876657
4.0503416
2.2694921
3.602593
3.3508258
3.485113
3.4215238
3.4610882
3.3126314
3.3661282
3.340919
3.027277
3.2802534
2.696217
3.4934258
3.7404757
3.4017804
3.529177
3.4750829
3.9256215
3.9524598
3.9951744
3.9294977
4.030434
2.4553688
3.5867577
2.1049616
1.914073
2.9457197
2.8560395
2.8996427
2.7425778
2.8271394
2.8657398
2.2696
3.0291262
2.6991851
2.521212
2.2719557
2.0385652
2.269205
2.237945
2.5108445
2.326077
2.1965091
2.1144953
2.5163324
2.8129373
2.7058392
2.7467616
2.8979585
2.7888439
3.0162864
3.2689717
3.1603713
3.0294278
2.9760494
2.8375225
2.880463
2.81842
2.8726938
3.1121652
3.13873
3.272462
3.2913704
3.5433269
2.458328
3.2296867
3.2901444
3.1595395
2.3221014
2.7539427
2.7713718
2.9183493
3.012472
3.4333322
3.5505924
3.5885484
3.5946462
3.4609215
3.1781347
2.7925777
2.2864606
2.7608998
2.2929895
2.9606383
2.8821626
3.2527502
3.3081388
3.4905672
3.6174965
3.6355567
3.6184087
3.5282507
3.0863616
2.2530055
2.4190793
2.5995166
2.617963
2.8838007
3.3538775
3.528307
3.6110692
3.7673595
3.743567
3.6734896
3.2546303
2.3326178
2.547672
2.2310266
2.268392
2.4017847
2.5579891
2.5432935
2.3950129
3.167008
3.2711356
3.4414973
3.3501937
3.2736716
2.851437
2.3895097
2.398419
2.2753391
2.4463503
2.3734899
2.576387
2.220857
1.9894967
2.6615653
3.1250253
3.1690345
3.1813455
2.8942559
2.8136644
3.0772674
2.0754666
3.0231884
3.3149006
3.1009002
3.0337121
3.1300402
3.1959026
3.2209
3.0810614
3.2427235
3.2954693
2.8454762
2.142399
2.922103
2.8295624
2.7934415
2.8886204
3.17597
3.5319169
3.4871614
3.5345778
3.7490973
3.8533645
3.726788
2.3083832
3.063398
3.1774802
3.048123
3.024634
3.3188257
3.2231488
2.579059
3.454566
3.3381352
2.6327477
3.549988
3.6367671
2.2346127
2.690132
2.8913507
2.914394
3.0640976
3.0762837
3.1554344
3.3306947
3.250001
1.8579183
3.5590928
3.6775117
3.747741
3.737272
3.2571993
3.088175
2.253701
2.965114
2.6178637
3.0304034
3.3070478
3.2178304
3.2593307
2.899536
3.5641372
3.2833304
3.2373695
2.7836647
2.2128818
2.9903338
2.701964
2.9614775
2.8568296
3.0888257
3.0492992
3.2263064
2.5081162
3.3799515
2.8962502
3.0616744
3.0671303
2.7120302
2.4845822
2.5133433
2.4786165
2.55262
2.5980499
2.9152412
2.975731
3.0561821
3.1210277
2.609862
2.40509
2.8237112
2.806613
2.5606656
2.361066
2.7210774
2.8285422
2.5942855
2.9182487
2.9558065
3.1189523
3.1828802
3.2432418
3.0818176
2.879786
2.8495827
2.5683672
2.7054243
2.7021286
2.5836115
2.7366135
2.813023
2.832174
3.1010911
3.254931
3.3540945
3.0404973
2.8066053
2.5710921
2.6351886
2.7979228
3.1451313
2.945772
3.2833838
2.9140964
2.7522907
3.011084
3.1011992
3.2430162
3.090691
2.7839718
2.7007492
2.8504753
2.8379142
2.0755506
2.711465
2.738539
3.044373
3.1011572
3.016667
3.274314
3.2604012
2.984735
2.9441452
2.2764063
2.6124892
2.2052698
2.4262094
2.3802042
2.3792846
2.6234572
2.6358125
2.5979147
2.6940064
2.904535
2.6339319
3.1537688
3.4664595
2.873921
2.6069932
2.661647
2.5782204
2.5515704
3.4482841
3.565889
2.9125037
3.5806344
3.5266972
3.4660475
3.4875488
3.1583455
3.4145575
3.4873557
3.0536582
3.330175
3.4938247
3.4349613
3.427576
3.1972272
3.4694638
3.4051127
3.3755026
3.4933743
3.517617
3.445467
3.3499718
3.5292065
3.4742208
3.2273455
3.462749
3.338689
3.3639555
3.3118782
3.0481942
3.2550383
2.9662213
3.1108494
3.0565538
2.4643195
2.8896782
3.2630785
3.3802204
3.2507577
3.391147
3.4944928
3.4084523
3.3173368
3.4207833
3.4757502
3.5122948
3.4567804
3.456791
3.3428342
3.4627566
3.4375525
3.5295918
3.214686
3.3275585
3.2117512
3.1138554
3.4120755
3.3558521
3.3871326
3.3606353
3.4531336
3.4661756
3.252055
3.1156976
3.1670954
3.20682
3.4828496
3.1249766
3.1574945
3.1467083
3.133905
3.1939952
3.1443734
3.362236
3.1978917
3.1135998
3.0579922
3.1299717
3.1172614
3.1850867
3.0679977
2.96491
2.7720778
2.6947296
2.6352038
2.569464
2.6434464
2.5565302
2.7013862
2.9396372
2.970483
2.9980943
3.1951363
3.0959234
3.0716038
3.1041458
3.0212078
3.1584456
3.2080486
3.0687134
3.1473439
3.113967
3.128703
3.2090151
3.2055357
3.1601107
3.2158554
3.234302
3.1929011
2.5030193
3.1772757
3.106308
3.2115777
3.2051573
3.2213738
3.143882
3.2562048
3.2522576
3.2048788
2.5828893
2.5379767
3.1794205
3.1376808
3.130554
3.1040378
3.0949354
3.0740583
3.047727
3.0179806
3.034439
3.0596457
3.1617723
3.0491533
1.9698428
3.081581
3.1731544
3.141901
2.254432
2.947587
3.3119895
2.952381
3.4819438
3.024895
3.1032176
3.4699497
2.1197402
3.0200608
3.4068785
3.2206523
3.1937299
3.4229314
3.2517736
3.3287742
3.3266034
3.3358767
3.3544402
3.3592887
3.4584289
3.412935
3.393045
3.409335
3.279078
2.6127326
3.4506018
3.4908488
3.4355147
3.4611557
3.392796
3.3577766
3.3174324
3.1759784
3.2421837
3.2901032
3.351388
3.706149
3.4863205
2.977636
3.5262942
2.5036087
3.161718
2.839339
3.4839406
3.4562206
3.3488035
3.4296815
3.4048047
2.3284702
2.6342976
3.5253618
3.3712313
2.2807033
3.3606708
3.3808508
3.4653172
3.4534428
2.5263875
3.1915941
3.4080276
3.3301244
3.3952494
3.5606914
3.488651
3.3521936
2.5671537
3.2886128
3.4269223
3.4736376
3.3527498
3.434619
3.1421986
3.31566
3.2755978
2.9769292
2.6156826
2.5638185
2.5371525
3.0483494
3.6073208
3.8216043
3.8457499
3.8072543
3.7098181
3.4732437
3.5310655
3.074417
2.9891284
3.197195
3.4440138
3.0648282
3.3359587
2.0990994
3.5152714
3.5287957
3.5574837
2.3837852
3.5489693
3.4526634
2.6220999
3.4867325
3.514042
2.5513437
2.4872103
2.4331381
2.5110676
2.5816312
2.4838457
2.4871633
2.1626549
2.6070375
2.6374106
2.5146027
2.5123317
2.475315
2.0253885
2.2985766
2.1440117
2.585792
2.5849774
2.4513109
2.542643
2.6212397
2.5716815
2.6640105
2.4041715
2.4276643
2.6525187
2.6431255
2.5420122
2.0014503
2.6137328
2.6493194
2.6391714
2.5999832
2.5277166
2.5421984
2.6006887
2.2237608
2.6039884
2.1477425
2.6666813
2.5802279
2.6801405
1.8925531
2.673386
2.4118392
2.606636
2.6106544
2.627799
2.0936403
2.5017738
2.4449284
2.5506058
2.6126807
2.531042
2.6752768
2.6315675
2.5913358
2.6055827
2.614045
2.5926373
2.6432338
1.8967887
2.4694974
2.6757455
2.4473522
2.5902655
2.5952563
2.595387
2.5882764
2.6582026
2.7581415
2.4640396
2.003361
1.9929633
2.663859
2.6445289
2.6312232
2.6839147
2.618537
1.8742173
2.5593054
2.488474
2.564477
2.6623373
2.5990574
2.7221367
2.644987
2.7327094
2.5918422
2.6793137
2.6647651
2.1889465
2.5552876
1.8047885
2.6856005
2.6268837
2.6808145
2.6308606
2.083465
2.5709379
2.3212137
2.492843
2.4813507
2.4267638
2.6342049
2.5290267
2.147422
2.09702
1.9769725
2.6059794
2.1194487
2.245908
2.4992714
1.9773636
2.3911393
2.4933605
2.0237532
2.6987917
2.0265543
2.3004277
2.1475718
2.146785
1.9341447
2.1576262
2.0030851
2.2973118
1.9367503
2.372011
1.9570937
2.6153684
2.17071
2.123396
2.1882195
2.5874143
2.605639
2.2301574
2.1450872
2.2747717
2.4808276
2.6377153
2.126669
2.507479
2.3293135
2.495744
1.9294927
2.0718653
1.9335644
2.5743418
2.5273805
2.4548643
2.2335837
2.1605017
2.3442125
2.01939
2.114797
1.9624934
1.8816168
2.371603
2.2186666
2.0034535
2.4386828
2.0722873
2.505341
2.6144745
1.8297405
2.0848148
2.4746907
1.9021465
1.9633576
2.479157
2.1149688
2.6364453
2.5425918
2.1823783
2.30096
2.5940638
2.3391688
2.2113519
2.0757844
2.5542831
2.5708463
2.1334734
2.5358653
2.6165466
2.564857
2.5700495
2.3066034
2.3527455
2.516756
2.5612938
2.6877968
2.445225
2.6791644
2.6377778
2.2101421
2.4490876
2.1673465
2.4828439
2.618762
2.5935802
1.9422238
2.627614
2.1778245
2.535525
2.631865
2.1396587
2.4043915
2.5190287
2.655922
2.2798238
2.3006115
2.8181856
2.749027
2.035418
2.7327068
2.5839567
1.860549
1.95663
2.7240686
2.5487652
2.6611066
2.684575
2.8338017
2.842495
2.4295473
2.731735
2.7283366
2.684991
2.201728
2.1158636
2.6613014
2.5766556
2.723636
2.7837415
1.9788834
2.517333
2.7509956
