10000
8.625889
9.792618
10.142363
10.085162
10.114862
10.119386
10.057543
9.998454
10.137155
10.060231
9.950259
10.013029
10.031101
10.0887
10.072654
10.115626
9.9268
9.920917
9.969493
9.83537
9.976323
10.000671
10.027436
9.881906
9.990878
10.015746
9.972655
10.037378
9.935285
10.196057
10.008636
9.985966
9.84826
9.93181
10.064311
10.0992565
10.02849
9.93776
9.763362
9.6761675
9.396134
9.150436
8.832907
8.714449
8.236707
7.439171
6.6511974
5.921629
5.499481
4.371993
3.8104143
4.112945
4.0415454
4.165154
4.2045712
4.1203175
4.093605
4.2847004
4.4836335
4.44225
4.9554877
4.7613535
4.854412
4.9264135
4.9890256
5.0543556
4.9127665
4.700233
4.6498337
4.31442
4.0836887
4.6735806
4.5777807
4.840042
4.780998
4.4140005
4.260695
4.037401
4.0364933
4.098596
2.866097
3.7265513
3.6004765
3.6345444
4.267932
4.256745
4.0640774
4.3803415
4.015792
4.132931
4.431826
4.134025
4.1696196
4.258959
4.26738
3.822784
5.315796
5.655327
5.731126
4.9515724
4.436154
4.1886115
4.6581006
4.079881
3.8760433
3.7673552
4.6329217
5.0165677
4.48585
4.529586
4.6538525
4.701397
4.5986724
4.8400364
4.8939357
4.8812156
4.7995777
4.623962
4.6481743
4.547894
4.728966
4.8093243
4.8146634
4.4549003
4.314265
4.6473227
4.467084
4.3485208
5.5972586
5.3476977
4.421409
4.2630854
4.8079553
4.8238416
4.7229605
4.8848896
4.340425
4.187296
3.7593741
5.2211585
5.3956013
4.9575067
4.2075276
4.596299
4.391958
4.5255947
4.1978974
4.2848983
5.5074177
6.251742
7.247975
7.2196417
6.168875
4.952604
4.8982964
5.514454
6.072894
6.808702
7.0516
6.0615563
5.373673
5.279042
5.6384497
5.738086
6.1244135
6.1306562
5.187356
4.5589933
4.8265295
3.9834318
4.257341
4.0697007
4.2620173
4.3658776
4.0346336
4.5540586
5.705686
4.826151
5.2430973
4.2389965
4.434698
4.64341
5.139503
5.058504
5.3588295
5.1474404
4.291921
4.1174097
4.8108954
4.7521386
4.983252
5.246193
5.9898605
6.3474827
5.93588
5.9445148
5.4748964
5.533599
5.910676
6.4499216
6.4607553
6.21578
5.8323226
5.4236145
4.86635
5.4303184
5.6597633
5.9478183
5.959219
5.500909
4.1241097
5.306211
5.357885
5.268716
4.8983703
4.677033
4.4348545
4.6236634
4.796685
4.8625827
4.5706453
4.541568
4.5239725
4.217334
4.1252365
3.9557068
3.6932607
3.586124
3.700625
4.1336803
4.468254
4.1595473
4.4310846
4.706999
4.0958285
4.273891
4.103451
4.4942555
4.589387
5.172156
4.106823
4.035635
4.0351214
4.051341
4.3473735
3.78384
3.8212235
3.6641603
3.5787218
4.39921
4.7479105
4.652366
4.497365
4.973217
4.434061
4.4666567
4.0090213
4.03913
3.926192
3.8623273
3.8812377
3.932289
4.1008463
3.8842556
3.8358054
3.937068
4.238998
4.026115
4.257705
4.7461877
4.8082566
4.807531
5.233976
4.5397077
4.200487
4.3112416
3.4642835
3.4236798
3.6955645
3.8386889
4.44403
4.4614153
4.573286
4.7851634
5.185421
5.0172043
4.496249
4.155184
3.9152958
4.0332675
4.0012374
4.003764
4.228736
4.231589
4.1831074
4.2567744
4.3522387
5.1189766
4.50096
3.5136
4.09357
3.763635
4.3230205
4.212916
3.6696393
5.3500776
4.9345627
5.2519717
4.31852
4.54152
3.9310503
4.6409273
4.37967
4.2240705
4.102746
4.1343174
5.0724974
4.505684
3.661298
3.7375388
3.919406
4.5467935
4.4096804
4.3893604
4.041728
3.479772
3.3887417
3.3853993
1.5929085
3.897276
3.7723093
3.1430316
4.809265
4.9895387
4.1692624
3.517738
3.3541188
3.8532052
4.192107
4.3206253
4.272711
3.768523
3.939578
3.5167487
3.5314038
3.556471
3.8269088
3.752076
3.2908218
3.3461332
3.601926
3.5692198
3.9863265
3.6926427
4.4985433
5.210663
5.2657256
4.839441
4.7829647
4.919804
4.3208485
4.4140654
4.1344404
3.5514562
3.031763
3.8538387
4.979542
4.746973
4.53729
4.4671383
4.630776
4.413292
3.6758215
3.3862798
3.803534
4.842572
4.8290195
4.3801064
4.3416595
4.383342
3.7187052
3.5235734
3.7182999
4.0605335
4.11752
6.040635
5.704325
5.740493
6.2325506
6.302016
6.538495
6.5027347
6.296356
6.420503
6.5743585
6.7498636
7.109106
6.6591425
6.0145373
5.3428407
5.24557
5.2266126
5.4048157
6.014377
6.3206663
6.660331
6.4572153
6.5367794
6.575762
6.6155486
6.770476
6.3301272
4.0070324
3.7266362
3.5414433
3.6462526
3.6217637
3.868248
3.335122
3.9171896
3.5968027
2.5013273
3.8462343
2.9798892
3.1471772
3.4600623
3.3045208
3.560753
3.351986
3.812282
2.5171235
3.5088704
2.2982867
3.355041
2.9519339
3.340016
3.5646434
4.5395927
2.8337955
4.11259
4.1208787
4.0480256
3.6662693
1.1968076
2.6602159
1.927481
5.484588
4.7729545
4.321743
2.387929
3.1040027
3.7133827
2.3377092
3.8136725
4.499724
3.6809006
3.8351512
4.384304
3.975818
3.3996584
3.5242023
3.7932482
4.3362966
4.228739
4.068619
4.7563777
5.4391093
4.5452576
4.543067
4.648341
4.6380467
4.719216
4.674157
4.8985057
4.7324305
4.8302355
4.7557206
4.899219
4.769212
4.5894623
4.639195
4.626344
4.693801
4.7966013
4.7308054
4.611141
4.6985974
4.6427474
4.5612364
4.4491787
4.3137865
4.849763
5.2053285
4.993845
4.260272
6.237753
5.0606365
3.695394
4.1113734
5.2961717
4.444387
4.99119
5.345073
4.822392
4.758839
4.6990256
4.0079746
4.464301
4.63357
4.1876855
4.3460445
3.83661
3.5243785
4.720825
4.596733
2.5221727
2.3655887
2.6403015
2.5817876
2.6012895
1.3006108
2.401051
4.0130453
5.2019925
4.2105823
4.2799187
4.730936
5.323281
5.617363
4.159828
4.345118
4.950305
4.554336
4.6980906
5.605141
6.2204714
5.6977944
4.740895
4.0498986
3.710639
4.9206505
4.839142
4.5770693
4.7880726
4.6705456
4.7355714
4.9042544
4.722225
4.046841
4.5884132
4.393029
4.393465
3.6875155
3.6701777
3.7461777
3.719108
3.8239686
3.424838
2.8828497
4.2592034
4.5482244
5.6997757
5.0470443
4.1845164
4.34687
4.1905956
4.6547203
3.424376
4.0432563
4.3794284
4.3656373
3.7706363
3.606683
3.161302
4.3893833
4.971349
5.0458336
4.8476906
5.190414
5.3166056
5.3623734
5.457563
5.605287
5.828397
5.6809626
6.086624
5.5474415
5.30661
5.2871647
4.978028
4.6051188
4.91685
4.9645348
5.3314476
5.1287246
4.873933
4.8878
4.846405
4.866693
5.148464
5.256637
5.315897
5.453029
5.7592177
5.9645476
5.8612237
5.6019278
5.335168
4.9407244
5.370199
5.494322
4.746252
5.195099
5.152022
5.111269
5.1530633
5.12826
5.369172
5.708546
5.1070247
4.8160586
4.9339733
4.82898
5.131729
4.594789
4.7964826
4.846198
5.5030823
6.2172346
6.3903446
6.106592
6.0151634
5.6243763
5.5227885
5.299384
5.4236236
5.5422783
5.34961
5.494004
5.467557
5.575921
5.739642
5.863508
5.901841
5.821291
5.6628532
5.7866077
5.963017
6.160145
6.309489
6.317019
6.344807
6.351654
6.4575143
6.3052034
6.1784496
6.283141
6.1928835
5.9142447
5.661362
5.5288506
5.655897
4.564529
4.030968
5.0084157
5.7007427
5.402548
5.4666157
5.868415
5.770751
5.267998
6.0981984
6.1964445
6.0379286
5.8730597
5.258878
4.198786
4.1783233
3.4007592
5.178027
5.233818
5.695572
6.044181
6.700716
6.903902
6.4450107
5.696448
5.074067
4.1270485
4.864541
3.9124136
4.255054
4.179053
3.9548388
3.8578825
3.2334921
3.3043988
2.254229
3.140637
4.505599
4.134918
4.332398
4.336519
4.182536
3.8352997
4.8595605
4.841424
4.6362658
4.2406945
4.0106616
4.414561
4.2391906
4.7937393
4.0212255
4.274379
4.1824794
4.2328315
3.8201528
4.7905674
4.768546
4.907772
4.807394
4.977411
5.0038595
5.034748
5.0972776
5.111782
4.962868
5.140314
5.3026495
4.660403
4.181779
4.1277423
4.110808
4.0999904
4.1197557
4.161292
4.1979604
4.246513
4.254048
4.2319555
4.284223
4.255611
4.301918
4.382122
5.054779
4.281765
4.7256813
3.8970685
2.7842433
3.6459594
4.0501857
3.766127
3.873146
4.160839
3.5405862
4.311049
4.4387937
5.118394
5.476454
5.3112
5.064857
5.2368355
5.3754163
5.485868
5.727284
5.8462477
6.071449
6.245308
6.3325124
6.406009
6.490976
6.5414534
6.543
6.4493523
6.57763
6.5114956
6.483815
6.484001
6.453598
6.427129
6.32348
6.2071886
6.268496
6.2508235
6.284994
6.270381
6.1362753
6.2067995
6.161535
6.118771
6.081223
6.01897
5.8625026
5.7514143
5.7110777
5.7379756
5.8568373
5.9750776
5.863104
5.7933
5.706234
5.6964493
5.796924
5.797806
5.838994
5.8271117
5.7966456
5.7425933
5.796399
5.787423
5.718147
5.6526904
5.7516494
5.891154
5.831801
5.9425125
5.901071
5.694124
5.801429
5.704569
5.7739816
5.700039
5.728254
5.7833357
5.8252563
5.8018546
5.9093556
5.7193365
5.653059
5.6910195
5.7487283
5.8549137
5.776884
5.735703
5.7589884
5.6192203
5.677548
5.795555
5.537002
5.697854
5.5951304
5.7124977
5.708624
5.6262603
5.6882076
5.6948023
5.7210984
5.543136
5.5213404
5.297324
5.41754
5.4300604
5.275481
4.7984853
4.932365
5.1731815
5.192653
5.0977387
5.087519
5.515753
5.5333834
5.5667458
5.6674848
5.69989
5.6526847
5.773978
5.8348613
5.6857114
5.7249784
5.768694
5.86283
5.753479
5.8174353
5.8578677
5.8689837
5.852562
5.937925
5.9349613
5.907196
6.0079207
5.74071
5.7217674
5.3894672
4.332304
4.8066063
4.795072
4.8684173
4.621189
4.656285
4.6109676
4.5541825
4.667693
4.841243
4.803883
4.759891
4.778174
4.849259
4.8746414
4.850183
4.917543
4.9053216
4.8506923
4.9334674
4.778754
4.820161
4.9287667
4.933977
4.839557
4.9022474
5.0208726
4.840907
4.763534
4.7253394
4.689869
4.776899
4.564615
4.886028
4.621365
4.5737414
4.3209143
4.6601253
4.746129
4.6560082
4.732987
4.6023703
4.592741
4.5121717
4.68451
4.8315225
4.412874
4.5619426
4.7683167
4.9442935
4.9190793
4.9844866
4.790496
4.650813
4.7626266
4.7910185
4.6300073
4.3447833
4.3213854
4.2161074
4.2346315
4.3627024
4.488864
4.3887644
4.3316097
4.357416
4.1714478
4.1516666
4.4713154
3.800989
3.9450412
3.8518658
3.9922867
4.0628533
4.076465
4.5633035
4.321866
4.288137
4.4494395
4.4289536
4.418649
4.4883776
4.389952
4.423421
4.4582143
4.7218075
4.4659534
4.56833
4.481227
4.434764
4.2133455
4.1177297
4.227109
4.123571
3.4654055
3.7032251
3.7421842
3.578091
3.8713892
3.5627606
3.5290296
3.7287307
3.4332952
3.8038034
3.7536793
3.5353441
3.6565216
3.7786872
3.9504724
3.8407655
3.9125428
3.7801735
4.009371
4.1704645
4.110091
4.288734
4.389226
4.3281116
4.2020245
4.158959
4.1139154
4.0097313
3.974448
4.202841
4.049336
4.073494
3.996533
3.8843536
3.8496463
4.223743
4.383606
4.0647473
4.1147346
4.235612
4.1740174
4.053646
3.6976361
3.69338
3.667345
3.5190065
3.49394
3.501289
3.4175167
3.3504796
3.5575573
3.8654478
3.4427829
3.2374785
3.4868352
3.8041232
3.6242845
3.2122731
3.689508
3.7387738
3.1119533
3.7683988
3.710608
3.914149
3.838723
3.644215
3.446349
3.6158738
3.2716491
3.2735248
3.225528
3.1385412
3.3745315
3.3280072
3.6043854
3.263468
3.6183367
3.5543594
2.7616603
3.5027084
3.4990258
3.2280724
3.4306986
3.43547
3.2548764
3.5029993
3.5672011
3.1483173
3.3886151
3.1765583
3.2774842
3.2310855
3.3122325
3.0477529
3.0196896
3.2705066
3.3826475
3.385099
3.2934868
3.6278121
3.7257986
3.71723
3.6024933
3.6378598
3.8456597
3.6253583
3.7490737
3.668655
3.5476372
3.3142557
3.3087814
3.2660756
3.253201
3.146323
3.1283543
3.2719095
3.168962
3.22722
3.2184222
3.1245322
3.208394
3.3942437
3.4744759
3.767032
4.05451
4.0859427
4.026415
3.9681716
3.6667657
3.7388875
3.9714317
4.00706
3.893351
3.847572
3.6031199
3.7866535
3.6935103
3.4699883
3.6101642
3.7089837
3.606688
3.8705955
3.6420298
3.7673435
3.9848032
3.6103776
3.5911362
3.695429
3.4788985
3.6216676
3.519899
3.4701087
3.461302
3.487328
3.5203538
3.45053
3.8136935
3.8345644
4.155759
4.126563
4.280501
4.34891
4.262472
4.210715
4.2183833
4.349469
4.3333898
3.9561772
3.8313892
3.3773706
3.4851775
3.8597317
4.1812267
4.1907578
3.779563
3.6854424
3.7986467
3.4208877
3.868578
4.034442
4.1127124
4.211882
4.006773
4.053489
4.0300713
4.044852
4.1684265
3.839287
3.9077597
3.8838546
3.4654722
3.434005
3.6345859
3.904654
4.341241
4.5605106
5.0657773
4.675978
4.4783525
5.0196776
4.8162866
4.915802
4.614776
4.2781706
4.158768
4.367565
4.799263
4.410356
4.6656437
3.7596161
3.564206
3.6568203
4.450683
4.3163342
4.2848735
4.309528
4.42457
4.3076878
4.2318645
3.269956
2.8597207
2.965735
4.6242833
5.2768245
5.312625
4.9162927
4.466975
4.1785665
4.0157976
3.300907
3.2159467
3.3068364
3.163883
3.2352023
3.2013233
3.5884593
3.593222
3.7642817
2.8628857
2.9173682
3.2695036
3.620692
3.8792343
3.100238
2.9479191
3.2356281
3.0930789
3.615209
3.9681485
4.1067767
3.6251616
3.7482271
3.442106
3.7939508
3.7868288
3.639306
3.270275
3.3287547
3.2919512
3.4646196
3.3094013
3.2151937
3.5266368
3.1946826
3.2376971
3.328814
4.1241817
4.554638
4.918372
4.14344
4.4613256
4.3324947
4.368001
5.0660043
5.1191473
5.104716
4.9911056
4.8525515
4.962442
4.5830526
4.7012305
5.008883
4.850783
4.7340145
4.8468013
4.733096
4.7618566
5.0710893
4.4715652
4.683074
5.8238683
5.2095766
3.953556
3.1800957
4.3839083
4.3661504
4.428769
4.332381
4.368071
3.6992524
4.7776194
3.8409805
4.000347
4.7686353
4.23376
4.7000427
4.5046234
4.635853
4.3905954
3.6346512
3.8333676
3.968498
3.7387176
3.5755858
3.3370867
3.6752586
3.4017231
3.7176905
4.27553
3.8873296
4.108516
4.054523
4.1623383
4.1357994
4.1643314
4.160931
4.036853
4.129387
4.048212
4.020268
4.0764165
4.1391883
4.1052294
4.0408425
4.0464697
4.0891604
3.933442
4.084496
4.0439754
4.3702083
4.063957
4.4173403
4.4773045
4.544624
4.5803843
5.177416
5.0559835
5.229767
5.4230285
5.333863
5.434211
5.1755276
5.095132
5.202883
4.92919
4.6952004
4.5370207
4.744533
5.1290407
5.2731686
5.4152827
5.7996616
6.146551
6.37185
6.35072
6.2933617
6.293353
6.319572
6.4044833
6.155218
5.790759
5.642681
5.6169567
5.7644334
5.792169
5.3632603
4.899152
4.42192
3.7916641
3.1597323
3.538052
3.6298206
3.2470074
3.2451131
3.4413605
3.7215626
4.0746264
3.6631782
3.5971293
2.818849
2.7251549
2.9980524
2.8903599
2.9384508
2.8672986
3.1846492
3.0011086
2.8534646
2.8113103
2.774663
3.1437974
2.9269822
2.811615
2.8253098
3.5401597
3.0050378
3.605463
3.815525
3.929002
3.738872
3.9284315
3.697222
3.2587092
4.0086412
3.5823236
3.856128
3.8402698
3.3805168
2.9580321
2.8097494
3.4187121
3.8808699
4.440295
3.298563
3.885929
3.2969847
2.6984127
2.9147677
2.7383692
3.2557216
5.046632
5.4881377
5.1341095
4.6587906
4.782855
5.1313004
5.143778
5.235643
4.598873
4.631051
4.009284
4.680286
4.398876
4.4732494
4.5526004
4.5125647
4.4636908
4.3635573
4.418143
4.3897343
4.443613
4.526602
4.6238503
4.6595254
4.6719866
4.6192737
4.7696114
4.7254615
4.801951
4.790681
4.885544
5.007297
5.0384846
5.22996
5.3287616
5.6548243
5.6834784
5.82606
6.378427
6.7887187
6.60687
5.7961717
4.4864516
3.8190136
4.911637
5.377811
5.3728004
5.381294
4.832434
4.2857003
4.3118196
4.4982204
4.854728
5.1237717
5.0367527
4.611155
4.3966875
4.01022
4.258244
4.7234707
4.788851
5.7122507
4.1054034
3.8290849
3.850997
4.131182
4.1518545
3.7822175
5.3892484
4.0927
4.1904483
4.840374
4.614918
5.1712966
5.123405
5.009844
4.876182
4.805274
4.8934765
4.9743166
4.972262
4.959812
4.882887
5.0283
5.338853
4.215138
3.897997
3.8205216
3.8269808
3.891604
4.7131424
4.303605
5.0750265
4.590833
5.2366123
5.6028304
4.771886
4.0869966
4.10867
4.722655
5.1590223
4.9532948
3.957013
4.5480742
4.7766757
3.431631
3.7010627
3.8039935
3.8811626
3.9655478
4.2083616
4.0594316
4.0353827
4.352629
4.2866783
4.320115
4.3136306
4.358286
4.47077
4.794983
4.9902735
4.683507
4.132325
4.0602593
3.7919266
3.547473
4.1481557
4.1811414
4.6899433
4.5309315
4.481944
4.632983
4.65293
3.8922658
4.347356
4.858062
4.39158
4.2328024
4.041075
4.041228
4.14988
4.8795
4.8806996
4.6800637
5.056943
5.137523
5.20142
5.281473
5.5556173
5.5648847
5.48601
5.336947
5.347186
5.2726007
5.408985
5.6776786
5.6641293
5.6088266
5.5777802
5.3791866
5.335796
5.331661
5.608733
5.5372677
5.5141187
5.5001397
5.5117617
5.435736
5.4707093
5.58125
5.587974
5.4122486
5.455511
5.037764
4.524414
4.9710364
5.2802496
5.0251045
4.355487
4.5971723
4.1025
4.045774
3.7930572
3.8006072
3.8833513
3.7873302
3.645486
3.6248794
4.6270533
5.066331
5.347552
5.0252905
4.0600457
3.652404
3.768062
3.8301175
3.9565094
4.5267153
4.4621077
5.1507673
5.613682
5.316654
4.984842
4.8542967
4.0429153
3.8110776
3.9117782
3.9679012
4.7608
5.4264975
5.0670295
5.472805
5.4979725
4.630559
4.076605
4.2263737
4.819523
4.9527416
4.8330655
4.9366093
4.484297
3.8874402
4.1213546
4.3672724
4.1394653
4.1010923
4.2648516
4.7489624
5.1472354
4.636163
4.5013704
3.4881005
4.341925
4.2888155
3.6075654
4.4636793
4.68706
4.0742264
3.8686724
3.9828858
3.321631
3.2914495
3.7833452
3.9847817
4.240022
4.6460557
3.9292643
4.76964
5.309254
4.995743
4.973982
4.854809
3.7707973
4.048064
4.0715127
4.39278
4.1492896
3.811502
3.911264
4.515033
4.1739845
4.1317086
3.7587771
4.0359573
4.574048
3.9019694
4.3485603
4.4061956
3.514039
4.18827
3.7060893
3.7413697
3.7815397
3.7416425
3.8159175
3.8389525
3.8481278
3.684217
3.7693439
3.6458838
3.6985693
2.772767
2.4489658
3.3326528
3.3579223
3.1392336
3.1847136
3.5149167
3.5037918
3.622978
4.228235
4.2510567
4.312501
4.5148087
4.0593047
4.156465
4.0174665
4.044233
4.1950045
3.9688866
3.819354
3.4978921
3.6067836
3.5989447
3.5791087
3.438959
3.6878798
3.7674797
3.7498527
3.875874
3.946365
4.1960254
4.229782
4.4108906
4.289017
4.284661
4.277598
4.406987
4.368434
4.645027
4.4508
4.483516
4.4233594
4.4069495
4.348834
4.2776985
4.2396483
4.185829
4.2822523
4.4958215
4.4209967
4.464242
4.7623053
4.0892615
3.1828303
3.1482136
3.2432184
3.29002
3.125108
3.0813222
3.235333
3.09769
3.0696137
2.8435442
2.8054485
2.620524
2.5302558
2.3252428
2.2502608
2.1438293
2.0110176
4.1694517
4.501809
2.3661525
2.7738645
2.879321
2.9266644
3.3524194
3.451462
3.5576181
4.322209
5.891559
5.85948
6.326541
6.479209
6.1558146
6.3498397
5.9526434
5.2615447
4.8551416
5.1056094
5.1009297
5.2887297
5.45889
5.304343
4.7716746
4.5039244
4.434358
4.3311834
4.0957947
4.2567616
4.033957
3.846639
3.8861346
3.8284822
4.2620173
4.2169576
4.86888
5.1823325
5.303512
5.232322
4.9420414
5.1232505
5.142926
5.2191644
5.0232697
4.835543
4.933845
5.053621
4.7467823
4.440049
4.005902
4.6087284
4.5547953
4.505139
4.4152946
4.3629055
4.3774877
4.5267057
4.611398
4.755961
4.9455156
5.05873
5.0368867
5.1389356
5.030008
5.1409864
5.2725134
5.2720156
5.4043975
