10000
8.85126
8.706138
8.685974
8.777174
8.732111
8.608482
8.645031
8.587337
8.544406
8.1975975
8.051714
7.809586
7.9999
7.995864
7.7827563
8.088663
8.066326
7.6870894
7.300657
7.2119412
7.1041994
7.1560616
7.2407503
7.6460233
7.723382
7.9832506
8.171352
8.330762
8.183048
8.145469
8.275825
8.119679
8.048762
7.8294168
7.9825974
8.243692
8.281985
8.063126
8.148238
8.103991
8.233063
8.132231
7.995796
7.9716644
7.5825214
7.6546702
7.626673
7.937784
8.374252
8.347677
8.230075
8.08975
8.135331
8.385322
8.42629
8.499555
8.549275
8.367822
8.395479
8.193288
8.108819
8.296945
8.071785
8.084272
7.6676254
7.827496
7.6924906
7.8244934
7.7081127
7.983445
8.204023
8.138647
8.189348
8.274307
7.9281664
8.279173
8.571633
8.563201
8.426594
8.279222
8.297516
8.392166
8.189748
8.225506
8.026094
8.116212
8.218508
7.685296
7.739177
7.5474463
7.6876144
7.9617314
8.358669
8.2307415
8.510771
8.186514
7.7698603
8.358401
8.158453
7.737756
7.7662067
7.667755
7.6829185
7.097891
6.605916
6.1657295
6.3327527
5.9560347
5.398573
5.6465874
6.0810385
5.7124476
5.4962063
5.0343494
4.7007565
4.38604
4.539717
5.0628595
5.3711643
6.221114
6.419062
6.158318
5.735378
5.238883
5.4804196
5.6772795
5.412409
5.773628
5.6873903
5.5782385
5.5581036
5.1635847
4.60733
4.612856
4.1449404
2.723276
2.3898277
4.1867256
4.326982
4.229007
4.4037538
4.524317
4.5174828
4.66118
4.6810036
4.7311587
4.5896773
4.6118608
4.8721185
4.7066574
4.7513742
4.7873564
4.765266
4.8704515
4.80208
4.8190465
4.6518564
4.760221
4.8002825
4.872489
5.009661
4.9176593
4.997899
5.0540204
5.037737
4.8329735
4.942114
4.9921017
4.9126434
5.0273657
5.0673
5.00562
4.8178678
5.0121126
4.9483395
5.0162334
5.023017
4.82636
5.053446
4.808937
5.043689
5.0531154
4.929036
4.926094
4.869246
4.9266233
5.1380787
5.0646935
5.0678706
4.874469
5.0251756
5.14159
5.1378098
4.9795313
4.94949
4.966861
5.050241
4.9943357
5.093667
5.0525417
5.12803
5.0076656
5.1057296
5.1604037
5.0792885
5.109954
5.1972394
5.181084
4.9760714
5.0973005
5.091262
5.0412335
5.1532097
5.0620937
5.149311
5.172034
4.949209
5.1458855
5.0708323
5.085869
5.002445
5.079684
5.03238
4.8207784
5.0569124
4.992728
4.9249024
4.904735
4.847417
4.7244406
4.8805113
4.8208923
4.9217105
4.6219134
4.7572775
4.5710344
4.6918993
4.6804237
4.483616
4.5720816
4.432527
4.655076
4.556984
4.559395
4.3919554
4.262752
4.379768
4.342435
4.390132
4.523139
4.3640203
4.2301664
4.415987
4.5196896
4.317444
4.1800127
4.2755604
4.3115764
4.4251175
4.4198995
4.0508966
4.0309696
4.0235214
4.047673
4.048277
4.0122194
4.929793
5.4791336
5.207779
4.392452
3.5995798
3.459248
3.0816455
1.796353
6.945687
6.8490596
6.8457146
7.1028185
7.1671896
6.9900203
6.969003
6.9291334
7.0911994
7.2668657
7.3942566
7.5112176
7.6492467
7.7311945
7.827966
7.639972
7.736617
7.6920505
7.4681463
7.456854
7.3906846
7.3568254
7.39899
7.6388426
7.462239
7.685501
7.567048
7.4112706
7.2440624
7.402345
7.2750387
7.256582
7.595418
7.7830324
8.057434
7.8912244
7.894402
7.620792
7.674755
7.6225543
7.9250174
7.8353653
7.7189007
7.6836314
7.5923095
7.5793185
7.5362735
7.547695
7.550449
7.5694027
7.663311
7.7880816
7.8283052
7.6900296
7.6245227
7.5353575
7.48329
7.6510878
7.784536
7.7734013
7.469549
7.279607
7.266109
7.3354607
7.4588637
7.260715
7.445858
7.240741
7.189815
7.302667
7.451861
7.4468036
7.589132
7.4683027
7.3775287
7.4945683
7.6003857
7.3989987
7.6891212
7.529963
7.4293413
7.494808
7.4561095
7.383025
7.194333
7.23842
7.4412384
7.534751
7.492701
7.759717
7.5874157
7.4885917
7.3915625
7.5075684
7.5430565
7.430834
7.359675
7.226559
7.4468145
7.4978666
7.43847
7.5391207
7.4796944
7.611945
7.564723
7.570031
7.6984596
7.5505424
7.4586987
7.4364915
7.8844905
7.630464
7.643476
7.504422
7.4170074
7.489976
7.4937167
7.566203
7.661872
7.423212
7.407014
7.4910736
7.7850056
7.7606335
7.6177387
7.418397
7.5297756
7.4877806
7.809744
7.670982
7.5895143
7.1610656
7.386225
7.526127
7.3442335
7.419254
7.3211584
7.2392755
7.3256445
7.4046874
7.547985
7.395341
7.3630524
7.4024105
7.478682
7.6474338
7.806545
7.6689
7.487249
7.658248
7.753212
7.5756755
7.4319816
7.6191936
7.266606
7.494974
7.5289745
7.342022
7.4433737
7.434749
7.4554243
7.561265
7.627228
7.63442
7.473872
7.5906515
7.3471203
7.662048
7.857732
7.7747054
7.593769
7.6334662
7.845854
7.884536
7.703731
7.549693
7.2974124
7.222332
7.357219
7.697915
7.51333
7.405061
7.496162
7.4948373
7.484176
7.4766173
7.5291815
7.387744
7.390819
7.5782223
7.410568
7.7501764
7.6534266
7.596924
7.66371
7.5293436
7.442996
7.5971475
7.4210844
7.4891768
7.4445906
7.2494063
7.522699
7.7500906
7.8877816
7.636571
7.5690703
7.4633904
7.399678
7.501912
7.4673343
7.3394203
7.4297056
7.1661806
7.121939
7.5827346
7.583833
7.4606924
7.35932
7.531849
7.2159443
7.4015946
7.2313914
7.107875
7.207646
7.0380383
7.3528066
7.4327173
7.496471
7.422466
7.31765
7.481606
7.693864
7.431835
7.4691935
7.6906404
7.471109
7.432846
7.6626306
7.9039264
7.690272
7.7748213
7.5379314
7.77933
7.7854247
7.877345
7.7142863
7.7478704
7.4337664
7.088982
7.375881
7.582714
7.27007
7.290724
7.3238196
7.207422
7.2496724
7.187075
7.2632885
7.00018
7.196967
7.033548
7.3019123
7.2095766
7.2329197
7.195239
7.1628733
7.1199574
7.1883264
7.269129
7.2466407
7.2796474
7.0710673
7.0143423
7.3723946
7.3233566
7.484685
7.498544
7.4449487
7.391672
7.4616003
7.607026
7.3919296
7.1860986
7.076828
7.182653
7.1838355
7.17339
7.098949
7.1524987
7.288571
7.323518
7.320539
7.18819
7.045265
6.953951
6.7127066
7.0734377
7.122082
7.2238894
7.272891
7.4535856
7.4201803
7.5642586
7.4953117
7.515217
7.4749107
7.4478445
7.400555
7.457037
7.7613974
7.715174
7.7859945
7.4766445
7.3875375
7.109606
7.408117
7.074938
6.930275
6.657983
7.1445837
7.0958357
7.1795163
7.3870215
7.3869
7.3612423
7.4010034
7.4096723
7.458224
7.3412733
7.621425
7.113438
7.381897
7.557118
7.541364
7.679235
7.678771
7.4434843
7.4599133
7.7165074
7.6648674
7.735527
7.459759
7.239588
7.2846465
7.6191335
7.6352572
7.511592
7.362283
7.383442
7.280428
7.4189515
7.508946
7.414874
7.100056
6.984436
7.1822314
7.4184103
7.68186
7.860414
7.7111464
7.488891
7.557409
7.5364122
7.974585
7.6055193
7.1769705
7.1294913
7.4269047
7.682076
7.4491854
7.404857
7.5026326
7.387621
7.6295342
7.589628
7.548167
7.221442
7.3469086
7.5080786
7.819825
7.9647427
7.8883057
7.8615713
7.736815
7.5805683
7.5588207
7.8327913
7.6503034
7.614467
7.5216584
7.404292
7.776156
7.607912
7.729209
7.5551896
7.522348
7.4646907
7.5785046
7.6842375
7.600237
7.4286647
7.36827
7.5500507
7.8758693
8.230003
8.217465
8.083273
8.053967
8.028517
8.01245
7.9549665
7.7462983
7.502654
7.452234
7.6180058
7.839877
7.698838
7.534766
7.411483
7.6158614
7.722558
7.808815
8.028542
7.6066637
7.5556383
7.472469
7.77998
8.095692
8.227856
8.13044
7.9983473
8.059211
8.073154
8.143713
7.6501236
7.537924
7.4781113
7.675374
7.979311
7.8225026
7.688214
7.710571
7.694439
7.7864017
7.969638
7.8668776
7.792552
7.5632644
7.9476194
8.210664
8.238481
8.28835
8.164837
8.263145
8.356777
8.286795
8.209176
8.129157
7.9582005
7.7119784
7.7722893
7.716891
7.73883
7.5513034
7.4607873
7.6801786
7.7254705
7.7886057
7.875539
7.644869
7.509949
7.9120035
8.15627
8.128335
7.9704366
8.113675
8.031719
8.134932
8.183951
8.245877
7.976595
7.6994996
7.726923
8.073404
7.7175627
7.8066483
7.813526
7.7794905
7.6982512
7.6674747
7.8506327
7.904048
8.078081
8.136761
7.868364
7.906598
8.18843
8.219918
7.994644
7.8712816
7.966793
8.002294
8.194721
8.304031
7.9835916
7.8716125
7.7361507
7.6284375
7.7352033
7.549413
7.520757
7.7238083
7.7833943
7.596182
7.8094254
7.815946
7.551665
7.706296
7.6660933
7.9118237
7.9337316
8.003249
7.81552
7.827146
7.933668
8.247718
8.102255
7.742804
7.8786554
8.043201
8.201396
8.080522
7.94489
7.8569446
7.8331904
7.8701954
7.96863
7.793225
7.971042
8.020464
7.9849534
7.8861485
7.9377003
8.192962
8.197481
8.163406
7.968952
8.015642
8.056944
8.072711
8.099109
7.8570743
7.989843
7.8166585
7.7140284
7.9004674
7.9011087
7.804556
7.83816
7.812733
7.9692855
7.955164
8.018964
8.319172
8.020254
7.9270625
7.8832874
8.150269
8.177122
8.179931
8.041887
8.168136
8.085151
7.982819
8.061926
7.976107
7.910595
8.334564
8.004998
8.139561
8.13053
8.02075
7.9480934
8.106705
8.216731
8.240508
8.175932
7.9401093
7.7989655
7.840001
7.8902693
7.816737
7.750559
7.8139772
7.933108
8.019515
8.018215
7.897064
8.072545
8.319209
8.093626
8.073023
7.742919
7.766753
7.484147
7.5116477
7.5941267
7.688014
7.9091787
8.074507
7.954
7.911312
7.6630774
7.8493814
7.979774
8.031609
7.94003
7.787998
7.7055387
7.6423573
7.7360992
7.811974
7.7143044
7.402708
7.6035876
7.666124
7.283374
7.3332148
7.360927
7.4824295
7.4365096
7.5869365
7.4247603
7.6020684
7.6591635
7.3573704
7.100348
6.921769
7.1869555
6.654082
7.0148377
7.156273
7.139386
7.23049
7.257288
7.27474
7.140956
7.5786557
7.3802786
7.6917496
7.539747
7.775299
7.7141876
7.6947374
7.651551
7.3714523
7.0178223
6.904343
7.2070947
7.0877566
7.1412263
7.3444886
7.215472
7.4523993
7.221129
7.2398033
7.07316
6.85744
7.3233404
7.3727474
7.164233
7.2681303
7.4841685
7.519881
7.522617
7.1873083
7.086472
7.359704
7.376254
7.679535
7.7849765
7.9590054
7.8361006
7.715469
7.5542827
7.814581
7.6026554
7.690947
7.7724915
7.456992
7.360647
7.183493
7.070021
7.0482826
7.323366
7.2657194
7.0019393
6.9458656
7.0392027
7.128909
7.3071
7.0601625
7.2727547
7.291688
7.3209667
7.0155144
6.984359
6.7816224
6.8974247
7.1033874
7.1011457
7.367257
7.3576126
7.293835
7.4195447
7.4889007
7.4825387
7.4268174
7.047617
6.63834
7.142974
7.5181265
7.308615
7.367681
7.270176
7.2587495
7.151768
7.2000184
7.199765
7.35141
7.3930135
6.867856
7.2225237
7.289564
7.371788
7.487049
7.54468
7.26091
7.160301
6.6844673
6.8680806
7.2137537
7.385997
7.4033375
7.6579547
7.5274076
7.601741
7.578229
7.683975
7.4563446
7.4163594
7.299214
7.2091947
6.9663615
7.2552853
7.214142
7.5046515
7.346652
7.455947
7.2786064
7.0363092
6.9110107
6.840795
6.566486
6.87909
7.411444
7.4902344
7.506718
7.3385444
7.2045755
7.08347
7.093939
6.989588
6.959027
6.8540435
6.7658896
6.7083945
7.0184546
7.173872
7.041828
7.104793
6.961694
6.9495068
6.8997717
6.699387
6.9464645
6.6516256
6.8880014
6.878571
7.037612
6.9979057
6.775757
6.7087564
6.659373
6.872602
6.815679
7.0539823
7.1699286
7.142656
7.324008
6.8760448
7.2174983
7.1607738
7.0301085
6.9396257
7.0102167
7.2087655
7.4750867
7.684029
7.435504
6.953849
6.420192
6.4824705
6.6358643
6.8203187
7.0942636
7.2987285
7.4063063
7.438008
7.718014
7.9557934
7.9512963
7.967443
7.8342505
7.758797
7.325881
7.1099205
7.334602
7.134977
6.9389734
6.966215
7.2577453
7.1570997
7.948929
7.851098
7.4312153
7.539692
7.4837246
7.226979
7.1722493
7.005939
7.033851
7.1200933
7.2246003
7.5481367
7.718354
7.6842976
7.5281677
7.3793087
6.7752495
6.6077595
6.5846148
6.5686727
6.4486465
6.624143
6.670224
7.0200443
7.181879
7.3676367
7.4278235
7.3601007
7.1363707
7.2030153
7.1507063
7.174022
7.0721645
7.089395
7.4685454
7.6270556
7.5518837
7.316824
7.1913843
6.9474754
6.712851
6.7434893
6.4849925
6.293675
6.3757124
6.4978766
6.708818
6.781714
6.9216785
6.9402714
7.0446205
7.047444
7.3532376
7.0795016
6.8651733
6.729514
6.897576
7.128825
7.193407
7.276351
7.003662
6.760206
6.707084
6.659889
6.6828775
6.183037
5.7948856
5.7984705
5.953862
6.1058474
6.1753993
6.6519713
6.696716
6.4103594
6.499919
6.90586
6.69601
6.7318087
6.6098967
6.584766
6.665854
6.7410507
7.110423
6.994891
6.7145333
6.7796826
6.7011766
6.218623
6.4318
6.087361
5.869113
5.669143
5.6894293
5.766576
6.207956
6.465625
6.9203644
6.7078342
6.769087
7.0270905
7.122488
6.729604
6.5231776
6.5075636
6.8059587
6.984118
7.156301
6.8437037
6.8250546
6.6403418
6.4733543
6.4327292
6.6950502
6.3192534
5.9224467
5.7670918
6.3105626
6.230496
6.5977073
6.657577
6.4479094
6.522285
6.521925
7.2917404
7.2073073
6.858925
6.3696837
6.843547
7.137333
7.3087177
7.3842936
7.1058106
6.573144
6.277573
6.2772365
6.5971985
6.4756327
6.099265
6.2095127
6.313075
6.401802
6.5100527
6.574206
6.3275447
6.3616962
6.0138607
7.0805006
7.021932
7.286977
7.1659636
6.9429464
7.1024303
7.185887
7.1838264
6.9902835
7.0246787
6.0907145
6.368575
6.3916254
6.450917
6.1687083
6.093481
6.351731
6.4539766
6.822979
6.83579
6.2719083
6.2244167
6.2687902
6.7367806
6.8053885
6.461551
6.508255
6.5460196
6.727721
6.7964644
7.0588064
6.8651257
6.4073906
6.1070466
5.9198885
5.904388
6.083712
5.8356566
5.15994
5.240774
5.5415735
5.8061686
5.8899403
6.1627717
6.134477
5.8534517
6.0074763
6.0698256
6.2160673
6.2241707
6.3999805
6.262188
6.267217
6.7735033
6.8815413
7.24299
7.217107
6.785406
6.20743
5.8261395
5.5940247
6.0800247
6.089096
6.0030828
6.136365
6.4005218
6.4155765
6.6180906
6.5231295
6.258684
6.124013
6.388793
6.4583516
6.719417
7.0000505
7.0675683
7.0707855
7.153468
7.3364015
7.3645782
7.142557
6.563296
6.019376
5.376467
5.304325
5.7333956
5.8384876
5.778219
5.8384905
6.116939
6.396241
6.479506
6.3532248
6.0481634
5.9173164
6.541911
6.816099
7.1888747
7.241061
7.202642
6.8427424
6.8408217
7.1305976
7.1981254
6.922687
6.1735597
5.760111
5.5810585
5.7426925
5.9757667
6.152853
6.2999053
6.4212847
6.4573274
6.0438356
5.898638
5.814024
6.0077796
6.067589
6.531747
7.006317
7.26163
7.268662
7.3471994
7.116175
7.01143
6.7708225
6.3334794
6.1240153
5.737584
6.0939393
5.754311
5.8541107
5.8603272
6.02557
6.320978
6.4959226
6.1281266
6.057571
6.0535154
6.4396534
6.083617
6.3983774
6.407956
6.628472
6.5604854
6.572802
6.7701097
6.6555324
6.3996983
5.952293
5.986773
5.938701
6.3799443
6.5727434
6.5879536
6.3743773
6.7004085
6.9116983
6.9464607
6.973258
6.7531934
6.7574644
6.6545467
6.930193
7.228245
7.088313
6.8965945
7.174361
7.2452836
7.3642807
6.8938003
6.9686074
7.069325
7.021817
7.117407
6.954982
6.832239
6.536894
6.8219943
7.2193604
7.591402
7.6545606
7.341598
6.920912
6.886921
7.0725365
7.0280056
6.9710135
7.08076
7.0117393
7.177392
7.1289124
7.1072507
6.8729696
6.3285875
6.2818227
6.0564923
6.1805043
6.251971
6.455276
6.5030465
6.7176013
6.60625
6.659233
6.809377
6.5226564
6.202391
6.201544
6.1672015
6.17381
6.330359
6.0738144
5.7826276
5.8623877
6.360746
6.4347
6.3021064
6.4170747
6.2293043
6.031205
6.5436473
6.4916234
6.759926
6.6315455
6.3952065
6.4731975
6.6016893
6.4271936
6.3472824
6.20052
6.682772
6.4423494
6.8487716
6.884459
6.419464
6.013397
6.256016
6.4256425
6.427144
6.470873
6.5675087
6.5621195
6.570163
6.4667425
6.6315827
6.3886533
6.431128
6.0987816
6.3550835
6.4299192
6.6327214
6.8300495
6.5207415
6.2036886
6.3859224
6.5480976
6.527418
6.66858
6.2155895
6.3315935
6.5867276
6.8004274
7.1879864
7.2364097
7.013761
6.742467
6.4806633
6.790413
6.5239477
6.7536387
6.657113
6.635998
6.977366
7.051901
7.263091
7.1602182
6.7003975
6.9199905
7.0364633
7.1217194
7.02843
6.6352663
6.7806635
6.750193
7.152755
7.3117313
7.5358844
7.432931
7.1863956
7.050778
7.069235
6.547224
6.733083
6.807534
6.9399076
7.0615425
7.1400733
7.4212675
7.265267
6.8011875
7.18406
7.2654877
7.069603
7.318843
7.5330105
7.0425115
6.8959813
7.2970195
7.3201327
7.6317434
7.5052443
7.393114
6.9646573
6.873228
6.706586
6.577194
7.0681763
7.2786837
7.340098
7.1906652
7.161559
7.0028553
6.559593
7.0564284
6.9123583
6.925793
7.240903
7.4298997
6.921861
6.9029646
6.687619
7.103838
7.3712797
7.141347
6.9308233
6.9466
6.6770177
6.8343477
6.904312
7.3091
7.3561354
7.2073097
7.168335
6.9820776
6.5898376
6.693969
7.0098696
6.8195567
6.932968
7.26987
7.1771736
6.923578
6.9227924
6.921872
7.2382593
7.4734783
7.28537
6.8840604
6.9244804
6.7780666
6.3461194
6.8904095
6.8886213
7.0192947
6.8178387
6.749321
6.4008517
6.283577
6.962756
7.131322
7.0125694
7.379573
7.2918944
7.0793457
6.8126183
6.608063
6.519344
7.112712
7.272642
7.2365265
6.9684067
6.8571076
6.6744366
6.908796
7.2732816
7.0862412
7.214999
6.93402
6.7068243
6.433262
6.9457207
7.535216
7.442015
7.418579
7.4601026
7.0288844
6.8557496
6.7456417
6.522264
6.659992
6.9773054
7.069366
6.8629675
7.2398663
6.978521
6.5947113
6.5725026
7.053446
7.2737246
6.8315682
6.6080146
6.515929
6.87335
7.0915694
7.1558256
7.265604
7.3348303
7.235992
6.889297
6.7327795
6.5375485
6.517525
6.615199
6.718418
6.8420367
6.778473
6.901315
6.8870354
6.518791
6.795263
6.889831
6.8168116
6.6125817
6.3017883
5.8720465
6.4423914
6.7562613
6.8652115
6.9208555
7.0441008
6.9036207
6.6954603
6.717736
6.509927
6.5226364
6.530207
6.7842875
6.9492803
6.702291
6.604697
6.2507553
6.2305827
6.8504395
6.763035
6.885743
6.395975
6.2380366
6.011263
6.2638655
6.815473
7.146569
7.042081
7.053771
7.0288134
6.719262
6.808757
6.764074
6.831572
6.622685
6.9478045
6.967439
7.0854654
6.8985567
6.923131
6.73827
6.816167
6.9894357
6.9903555
6.6947575
6.3320675
6.498995
6.539235
6.961986
6.9733996
7.1379876
7.2681394
7.1927586
6.9595623
6.9650846
7.014971
6.9062214
6.78411
6.8182883
7.1565733
7.125471
6.896575
6.8165035
6.7320423
6.700729
6.852376
6.787184
6.591368
6.183103
6.4453177
6.9996986
7.1725507
7.346195
7.029421
7.138542
6.9987035
6.953865
6.91651
7.070719
6.896807
6.685008
6.81393
7.24847
7.11339
7.136558
7.2150593
7.075271
6.8079624
6.969408
6.703781
6.555098
6.4763255
6.3791866
6.6512995
6.8230495
6.8657007
6.8868155
6.8893294
6.9413476
6.8633995
6.9141583
6.9401674
6.6553106
6.6274834
6.729086
6.920237
7.038493
7.051952
7.10876
6.890644
6.607643
6.6782155
6.696432
6.6800804
6.645791
6.6902895
6.935095
7.045536
7.2690105
7.3106184
7.1173296
7.0328035
7.0256844
6.950809
7.137889
6.9312744
6.9201136
6.9138975
7.0091076
6.976794
6.855592
6.9920864
6.900614
6.8969693
6.8520646
6.710553
6.8193855
6.5794454
6.257414
6.586875
6.834367
7.041263
7.0863433
6.9786806
7.0017505
6.978879
6.951782
6.944721
7.086153
6.836274
6.7533135
6.898369
6.7598486
6.9132223
6.543584
6.826718
6.701486
6.407197
6.4296303
6.2821503
6.1824822
6.065572
6.0619097
6.411498
6.6601734
7.034839
6.840364
6.9085007
6.990628
6.898728
6.929556
6.6811085
6.8291183
6.9752493
6.780575
6.8066382
6.733924
6.4659023
6.2715726
6.4309273
6.210216
6.2551146
6.263277
6.130531
6.1801224
5.9563694
5.9640203
6.3442945
6.4368234
6.8484383
6.6232843
6.8977747
6.8695736
6.7420177
6.627445
6.631234
6.6620016
6.518104
6.6121416
6.6813307
6.4257894
5.80707
5.5943046
5.53803
5.3922014
5.797282
5.771493
6.1655936
6.2473664
6.0652237
5.997599
5.714568
5.8680077
6.1544538
6.268197
7.0684443
7.181778
7.026702
7.1971703
7.2707
7.228266
7.0174003
7.0050054
6.912895
6.991661
7.0513735
6.9558077
6.8816996
7.152053
7.569006
7.5460567
7.4828205
7.541153
7.519698
7.3951654
7.1847014
7.2024155
7.0624037
7.2315173
7.454232
7.452612
7.380185
7.22449
7.1255755
6.930358
6.803133
6.5866165
6.846702
6.8042665
6.693324
6.4845304
6.326593
6.3981447
6.512483
6.437175
6.60531
6.8264775
7.16343
7.0300813
7.234033
7.509076
7.0571074
6.8355784
6.795504
6.587641
6.619952
6.507033
6.374596
6.321583
6.3265343
6.39087
6.556696
7.065053
7.210984
7.2509704
6.8940096
6.6176815
6.121023
5.648743
5.7316027
5.702233
5.4426494
5.601369
5.4846196
5.7326
5.350791
5.5176263
5.709161
5.7385263
5.7121
5.707246
6.169694
6.057281
5.8196945
5.361856
5.203594
4.979904
5.2567873
5.442919
5.501342
5.6208243
5.6013613
5.1718044
4.853897
4.606622
4.9606686
5.196041
4.9832306
4.6493645
4.3262944
4.419933
5.3176694
5.8275313
6.113147
5.941477
5.9358997
5.856122
5.8009624
5.8553295
5.60114
5.242771
5.16562
5.487568
6.044832
6.4127083
6.2326455
5.7769833
5.1362047
4.755222
5.8024697
5.876483
5.595141
5.324768
5.364616
5.4520698
5.631971
5.878457
5.8464108
5.973715
6.0844154
5.927216
5.744684
5.891845
5.6508713
5.4715886
5.460351
5.4070992
5.49229
5.6116924
5.522747
5.048108
4.8346796
4.3654933
5.0587234
5.702626
6.064539
5.8100386
5.332752
5.325302
5.273441
5.634635
5.4453382
5.641419
5.4221587
5.2965736
6.180195
6.896513
6.844894
6.372704
5.999118
5.7945747
5.9386044
6.331124
6.2832813
6.4719076
5.584777
5.2070594
5.2920628
5.9649324
6.048498
5.4957914
4.9990487
5.2216763
5.402352
5.965269
5.955827
5.4720736
5.2367105
5.458657
6.577412
6.714814
5.6780567
5.392932
5.449071
5.656647
6.2686386
6.6018524
6.393582
6.210926
5.361391
5.159616
5.841535
6.207697
5.711514
5.3145776
5.394773
5.7121744
6.0106344
6.0081882
6.0198565
5.5778975
5.6549377
5.7975388
6.8952675
6.7620745
5.8841434
5.6361647
5.489974
5.456489
5.7258215
6.213847
6.138864
5.818154
5.6907997
5.558598
5.0237827
5.154222
5.8306413
6.020806
5.8365183
5.466349
5.2450542
5.4371614
5.5379367
5.727691
6.5131254
6.49037
6.112122
5.601662
6.106018
6.57194
6.629138
6.2166176
5.9349685
5.599949
5.205122
5.542528
6.0894756
6.0877533
6.1714673
5.8296165
5.938749
5.670253
5.36408
5.3148713
4.926578
5.4602623
5.8939323
5.689051
5.2862782
5.3642473
5.360858
5.198639
5.4004326
5.8120313
6.169806
6.1850033
5.9987435
5.679334
5.5300937
6.398969
6.603833
6.292387
6.1119995
6.353168
6.1895924
6.332434
6.216221
6.1837645
6.288265
6.414452
6.2623158
6.068519
5.871652
5.8823757
5.993625
6.0305314
5.8315997
5.687127
5.507939
5.7436523
6.212424
6.450128
6.362398
6.534388
6.33014
6.565012
6.696061
6.79038
6.442659
6.495898
6.3778553
6.4499454
6.544452
6.7407055
6.7666955
6.8340974
6.6609035
7.2893753
7.151065
6.910288
6.929483
6.7591977
6.7571635
6.5756536
6.753703
6.5127697
6.697622
7.0028715
6.9979177
6.989753
7.2219987
7.0425105
7.2750773
7.346425
7.2024016
7.059115
7.1582923
7.284976
7.2854133
7.415256
7.3339453
7.2039433
7.053987
6.919513
6.858532
7.052658
6.9189696
7.147235
7.414932
7.5829806
7.483174
7.6781254
7.4374027
7.696457
7.4823937
7.204764
7.1959934
7.2244473
7.1114283
7.225918
7.0111294
7.1271253
7.3742237
7.258305
6.771158
6.7426233
6.473094
6.321102
6.3133245
6.36576
6.766212
6.919863
7.1670375
6.9358783
7.1132255
7.119755
7.207857
7.196334
7.021634
6.9495792
6.7199364
6.6538906
6.8474445
7.0164905
7.215859
7.0625687
7.1602216
7.226269
6.7246876
6.891302
7.081347
6.9857616
6.7438583
6.8190775
6.9784603
7.17231
7.3050094
7.6866355
7.357414
7.4194555
7.4872155
7.5332665
7.49484
7.609627
7.3086605
7.184767
7.1046605
7.0947037
7.141418
7.6118555
7.7903514
7.977528
7.3416004
7.4784055
7.7018585
7.680717
7.59561
7.369397
7.5981646
7.9039855
7.802616
7.797847
7.439763
7.372107
7.6001616
7.3595943
7.2595406
7.017344
6.953226
7.033398
7.152256
7.1040483
7.60822
7.8635864
7.9646063
7.6216426
7.2011213
7.247591
7.4650297
7.2044315
7.209599
7.128491
7.4018807
7.8582935
8.112921
7.8723903
7.4343176
7.4408474
7.491462
7.8140883
7.794339
7.4452114
7.211663
7.25736
6.820833
6.8402667
7.0496473
7.419495
7.482806
7.2133856
7.338658
7.479642
7.3235497
7.1869683
6.7327323
7.066004
7.122605
7.587646
7.6288624
7.3448095
6.9509525
6.97368
7.3729563
7.8537745
7.6791563
7.505167
7.333895
7.2100596
7.2770824
7.280342
7.7442603
7.8768826
7.546706
7.426511
7.4720488
7.3309875
6.979903
6.99535
7.174589
7.3679094
7.5665646
7.9715285
7.9679313
7.8234873
7.639115
7.99813
8.264747
8.0707245
7.8657064
7.649232
7.730956
7.9149566
7.741615
8.180332
8.226144
8.012868
7.4295464
7.603828
7.471752
7.0104294
6.90295
7.1119485
7.3358965
7.5703883
7.7878766
7.2362723
7.1155386
7.2120996
8.094366
8.097966
7.7739415
7.6095657
7.5586724
7.432501
7.584763
7.7600517
7.723762
7.931189
7.607898
7.374328
7.1518326
7.071207
7.061336
6.9834566
6.783388
6.829273
7.0603704
7.04908
6.6580987
6.789307
7.0593123
7.3237824
7.2205687
7.101209
7.1660333
7.2377534
7.211073
7.0581617
7.469999
7.5560017
7.478161
7.727779
7.3561687
7.231195
7.2941847
7.108074
7.2306414
6.916518
6.9929976
7.086042
7.0610657
6.692733
6.684782
7.103595
7.8823357
8.0417
8.088934
7.9157305
8.036134
7.802938
7.696228
7.7787266
7.786069
7.6179943
7.6383142
7.35833
7.245778
7.642154
7.611393
7.5065694
7.6414394
7.4731507
7.454588
7.5381947
7.6308794
7.3280845
7.2206407
7.3268995
7.49743
8.102412
8.273293
8.177184
8.107909
7.9268312
8.01591
7.9320536
7.8697457
7.696926
7.8126783
7.791558
7.7051153
7.288791
7.275221
7.295618
7.1890135
7.3194666
7.1486344
7.238779
7.244109
6.9649715
6.998691
6.9272757
7.0649047
7.647212
8.060492
7.9629216
7.9623785
8.037985
7.8253236
8.030587
7.7945232
7.9633617
8.115555
7.7505507
7.1719522
7.3717
7.569738
7.406171
7.1569552
7.2015395
6.99333
6.987076
6.9757533
6.8024535
6.5293484
6.9766917
7.4469233
7.759899
7.7910686
7.824667
7.8119717
7.9234467
7.798231
8.05015
7.956539
7.6964817
7.681534
7.437889
6.881624
6.9861035
7.51357
7.4852214
7.6315656
7.5279083
7.149154
7.2737164
7.3603644
6.791729
6.5387125
7.0459347
7.1814775
7.8128867
7.765771
7.7075033
7.5736203
7.4455123
7.498199
7.637476
7.694086
7.6604366
7.4620123
7.1859384
6.4739323
6.8317394
7.2611566
7.2145143
7.2645264
7.3941665
7.152049
7.1394114
7.151207
6.697276
6.761739
7.079864
7.592447
7.7975273
7.8130255
7.5817094
7.7255673
7.605273
7.609691
7.5254517
7.5506625
7.6004286
7.468765
6.8630085
6.7505326
7.256708
7.275092
7.2273326
7.3470993
7.3388066
7.2310133
7.2995024
6.7977624
6.7788973
7.331456
7.344061
7.716523
7.854124
7.7744575
7.8377323
8.025913
7.9710283
7.8263807
7.618022
7.6122084
7.680099
7.461816
7.0050654
7.2997627
7.502021
7.358804
7.599611
7.3333573
7.300472
7.254516
7.1701517
6.702711
6.6732106
6.8967733
7.0984817
7.1084466
7.0074506
6.786158
6.8263984
6.8929086
6.9366207
6.909817
6.5691404
6.6814027
6.789023
6.4722643
5.745574
6.3426676
6.530305
6.5526953
6.6044703
6.5431695
6.4192057
6.220397
5.712353
5.6098423
6.1864705
6.5952835
6.8914547
7.423854
7.3035393
7.148084
7.4328265
7.6177506
7.1392584
7.13179
6.8848476
6.767357
6.58098
6.3354197
6.0334625
5.9421854
6.215886
6.128496
5.9618235
5.8618436
5.7728887
5.955119
6.509614
6.3858705
6.6760745
6.867054
6.9820423
6.8297863
6.793516
6.8335886
6.7278175
6.5552554
6.359072
6.3356953
6.261761
6.361566
6.5302277
5.9386277
6.0587177
6.5504804
6.761172
6.9944835
6.9911704
7.0288
6.9066467
6.742156
6.3587694
6.4600143
6.8449626
6.9028525
7.167346
7.2261295
7.187187
7.6428175
7.5701013
7.5664067
7.68184
7.454111
7.2141633
7.188571
7.1854267
6.601189
6.6029377
6.4034834
6.8617764
7.027772
6.922321
6.900005
7.088716
6.709336
6.6860995
6.3233366
6.633497
6.983426
7.382226
7.379195
7.1178503
7.214574
7.248623
7.299856
7.5377812
7.5415034
7.2502317
7.115393
7.00664
7.1438456
7.066246
6.892294
6.7821865
7.004558
7.3327312
7.1566935
7.1795187
7.366807
7.0996013
7.110536
6.8399763
7.004764
6.8156905
6.7853336
6.7453156
7.1902914
7.086223
7.167304
7.0948763
6.8523
6.5351005
6.684634
6.6414647
6.675923
6.564837
6.508813
6.6636696
6.6083994
6.538027
6.6818514
7.092548
6.801041
6.829796
6.8362856
6.9796762
6.993735
7.260733
7.0194926
6.725314
6.5696173
6.701532
6.3591614
5.9916105
6.237127
6.534926
6.429457
6.7248354
6.3392506
6.2455873
6.430634
6.537368
6.6272717
6.592576
6.7018423
6.7090044
6.77664
6.839405
6.8885207
7.224142
6.8877416
6.3054705
6.27082
6.2611647
6.403085
6.418258
6.3680325
6.256283
5.8774633
5.841213
5.6107054
5.683112
5.3443527
5.544013
5.7520905
5.81444
5.579838
4.71973
5.079522
5.2941093
5.874459
5.947454
5.836083
5.662296
5.8403664
5.958025
5.9313135
6.2009454
5.8845663
4.9352202
4.589491
4.641792
5.8819566
5.796442
5.863242
5.767513
5.840687
5.536138
5.6715093
5.7529144
6.334819
6.0997066
5.6884074
5.6140924
5.7739477
5.7379093
5.4223394
5.471677
5.329458
5.67754
6.196673
6.581887
6.2853937
6.6282134
6.220333
5.5915637
4.9513445
4.8542
5.243871
5.577312
5.1480007
4.867744
4.7294726
4.5411177
4.606532
4.880751
4.9325976
4.653037
4.4845233
4.5531096
4.373929
4.1717415
4.043394
4.1234646
4.420573
4.240161
4.087988
4.145742
4.2222795
4.148373
4.1832886
4.371024
4.0304666
4.1741757
4.1779847
4.156394
3.3526714
3.9376643
3.1117966
3.646409
3.1537821
2.7235677
4.568253
4.697883
4.6199727
4.474885
4.47538
4.630824
4.6661005
4.614273
4.506352
4.639309
4.595123
4.5443068
4.565062
4.7167244
4.710508
4.653607
4.5938888
4.5161724
4.4984226
4.3980527
4.497192
4.5508757
4.4906635
4.5448847
4.5036755
4.545892
4.4878
4.508302
4.5048995
4.5778685
4.4745035
4.390687
4.533649
4.47553
4.5006537
4.5537863
4.7147803
4.6051216
4.642543
4.619154
4.643594
4.615059
4.6013794
4.7755585
4.7365
4.672989
4.5086775
4.7222147
4.7760653
4.8391404
4.666946
4.7355313
