10000
8.673188
8.520367
8.483446
8.587831
8.517721
8.541435
8.608698
8.5401745
8.565314
8.623653
8.622695
8.63973
8.599859
8.726891
8.628058
8.673777
8.620036
8.605519
8.68622
8.729243
8.692417
8.707618
8.6737
8.750459
8.661453
8.790031
8.681685
8.760952
8.731811
8.727757
8.774389
8.726486
8.632935
8.627204
8.602902
8.600979
8.570168
8.671711
8.570494
8.614901
8.488901
8.429523
8.441035
8.401623
8.319706
8.163049
7.985461
7.6871657
7.6284847
7.690148
7.442156
7.5292726
7.5210714
7.604938
7.5040264
7.4186134
7.3443384
7.4730906
7.5444098
7.707355
7.827707
8.066319
7.930831
8.026825
7.9032693
7.7441974
7.26025
6.801057
6.8199654
6.4489884
6.144822
6.000479
5.943228
5.889348
6.08055
6.0934258
5.9822187
5.720558
5.694007
5.296066
4.914789
4.7324133
4.8154707
4.8606043
4.8232007
4.7958035
4.8099813
4.7933855
4.7795277
4.7182584
4.751294
4.88585
4.822421
4.871682
4.7961326
4.887993
4.9268694
3.947153
3.9318647
3.9753962
3.9492402
3.917775
3.8353384
3.7987878
3.8311803
3.855884
3.8453178
3.8255863
3.884778
3.7899506
3.8896527
3.7951841
3.9473896
3.985597
3.9130778
3.9211814
3.7984273
3.8694885
3.7349765
3.8812473
3.8061984
3.8772354
3.8064313
3.917776
3.9399462
3.819152
3.8957667
3.9342127
3.945801
3.8508713
3.8406901
3.8554978
3.8895297
3.8725204
3.9691486
3.855333
3.966526
3.8014054
3.7809887
4.60831
4.6006913
4.51815
4.458708
4.48197
4.390163
4.5518513
4.615181
4.604265
4.5708933
4.5564647
4.4802823
4.558366
4.5634995
4.51497
4.6196356
4.5369496
4.626164
4.48857
4.569798
4.5742936
4.578617
4.638035
4.574054
4.432828
4.6184983
4.6442595
4.5166955
4.7411723
4.6442227
4.63581
4.6635017
4.6426306
4.6660595
4.8061795
4.77416
4.7477565
4.595662
4.687763
4.6836953
4.637643
4.6609583
4.6747074
4.660477
4.6145205
4.6450567
4.8179097
4.7604637
4.768652
4.7861977
4.826657
4.8244505
4.888997
4.866635
4.8993006
4.8779435
4.7900276
4.9125075
4.7909117
4.783991
4.59734
4.5743866
4.708241
4.654256
4.410472
4.530997
4.584414
4.5764647
4.616762
4.498886
4.520851
4.587343
4.645153
4.537591
4.474273
4.7300177
4.559082
4.6010933
4.504051
4.453349
4.41233
4.519124
4.3855233
4.377613
4.2577357
4.2206216
4.161262
4.210094
4.2539606
4.1439853
4.347165
4.3069534
4.388058
4.3586607
4.3909664
4.3488097
4.2831573
4.42964
4.4997725
4.483215
4.496211
4.5949388
4.614173
4.6393795
4.645525
4.7487564
4.687516
4.6957088
4.562342
4.64083
5.153213
5.7992415
6.8014874
6.896801
6.97151
6.8623586
6.9876432
6.9377966
7.003286
6.960064
6.932955
6.9988756
7.1056223
7.088634
7.0585723
7.063857
7.0638733
7.1129217
7.1473913
7.1879344
7.129551
7.129426
7.080416
7.2067885
7.100914
7.1439643
7.1548944
7.220185
7.1249094
7.101712
7.1536846
7.131932
7.2259855
7.1807365
7.210448
5.2565336
5.2765274
5.173404
5.2434034
5.119872
5.243448
5.450058
5.4518137
5.379641
5.3081083
5.404551
5.2204723
5.2882686
4.3423824
4.5414286
4.529193
4.6162996
4.425577
4.6964483
4.581523
4.6892896
4.7944956
4.672718
4.6486053
4.753572
4.8319316
4.8528247
4.805042
4.879391
4.761156
4.8418827
4.741275
4.7483006
4.772288
4.827014
4.6960654
4.7013702
4.7870536
4.883728
4.7808266
4.8335857
4.98886
4.930969
4.9607916
4.7111797
4.9319515
5.075241
4.910863
5.010942
4.8096223
4.8588696
4.779874
4.8630133
4.867558
4.8128943
4.8406463
4.760271
4.64334
4.645035
4.515253
4.486477
4.6633925
4.4793997
4.6312795
4.519336
4.5283003
4.696435
4.5408006
4.645875
4.7084627
4.6951547
4.60243
4.6224785
4.6287007
4.6947803
4.727885
4.778974
4.822524
4.753528
4.68015
4.6940017
4.7011986
4.751341
4.7677474
4.7346215
4.864318
4.676886
4.631225
4.7417965
4.5776224
4.7915306
4.732708
4.6492815
4.4573627
4.437141
4.4788985
4.476879
4.385445
4.5172935
4.596113
4.4341383
4.4805794
4.4553294
6.6985807
6.7431417
6.780858
6.8280954
6.7716136
6.671654
6.6073976
6.6123343
6.3799725
6.426801
6.323849
6.353962
6.31615
6.3360643
6.3096657
6.3414793
6.3028736
6.4272804
6.4283485
6.563173
6.649666
6.6204457
6.795259
6.7919993
6.8494873
6.9929533
6.8303256
6.973238
6.878748
7.037734
7.1839423
7.0913157
7.037111
4.701553
4.6516657
4.7433596
4.668132
4.761008
5.064302
4.944717
5.0110016
4.7891665
4.935572
4.740536
4.6589856
4.5925903
4.6833763
4.6675477
4.570725
4.4027557
4.567704
4.3789916
4.420535
4.4018555
4.5592766
4.3751173
4.449129
4.2506638
4.3385525
4.239078
4.5895534
4.3198867
4.242623
4.2737017
4.3500977
4.184947
4.3574133
4.2571425
4.3749347
4.5091906
4.4597654
4.3998265
4.5204115
4.670303
4.550285
4.4137664
4.6386175
4.4361973
4.506886
4.697308
4.866037
4.8754
4.9385867
4.744606
4.7481146
5.1619196
5.0817995
4.909038
5.0192432
5.1610155
5.2142572
5.081723
5.1766796
5.030589
4.8332543
4.7984524
4.6252284
4.802779
4.871748
4.701733
4.648179
4.5719543
4.6337557
4.59151
4.545637
4.6911488
4.720118
4.704905
4.854617
4.8815026
4.715884
4.693547
4.6251764
4.6008782
4.4849925
4.479999
4.500369
4.550041
4.786395
4.9450755
4.753347
4.5811768
4.591854
4.5963106
4.46523
4.4023643
4.416573
4.60936
4.5469885
4.371871
4.252473
4.1883645
4.1044903
4.1002874
4.0680223
4.1529856
4.1426396
4.171219
4.3758082
4.405706
4.3899856
4.3203287
6.6099725
7.072727
7.307936
7.4628334
7.321816
7.437477
7.382033
7.389323
7.440097
7.4068136
7.486849
7.3714576
7.4166455
7.308387
7.3198347
7.462196
7.3436937
7.460434
7.3809614
7.4338036
7.3042045
7.4619627
7.318862
7.4029913
7.362462
7.4578094
7.286154
7.323955
7.286459
7.2924294
7.544891
7.3403172
7.333047
7.3666077
7.346588
7.2261877
7.067368
6.6200604
6.6078463
6.648865
6.4823127
6.3531275
6.248042
6.196475
6.1045055
6.2500496
6.0823307
5.9291024
5.7208185
5.8325195
5.7224693
5.3455777
5.098052
4.8880243
4.8299484
4.739333
4.562669
4.726603
4.991744
4.9230943
4.9476056
4.994832
4.803881
4.6272945
4.696643
4.4878836
4.586925
4.610853
4.408805
4.499437
4.3165455
4.171015
4.0530105
4.5202675
4.5136805
4.3827567
4.586829
4.72972
4.7517066
4.9680047
4.962536
5.1744447
5.2058735
5.1961493
5.3785686
5.347701
5.4143476
5.3034625
5.217535
5.2433524
5.293744
4.9885025
5.0997562
4.9544754
5.018176
4.8807683
5.070134
4.9397097
4.920618
4.8547354
5.0965366
4.9676895
4.9518037
5.136222
4.9976883
5.0093346
5.0437827
5.0257635
5.0745525
4.9720664
5.0547795
4.941204
5.116044
4.7373266
4.9019775
4.755553
4.9823704
4.5840354
4.509249
4.5527663
4.4632015
4.1774483
4.4070206
4.518928
4.611068
4.9224358
4.981177
5.0357842
4.99053
4.950682
4.916683
4.981814
5.0111723
5.01643
5.266673
5.2292843
5.2118497
4.802927
4.8104057
4.1413336
3.3340085
4.546203
4.539216
4.5105634
4.485755
4.5276527
4.5638666
4.49472
4.509891
4.5313377
4.562552
4.5794477
4.632069
4.619705
4.6593904
4.637618
4.6179667
4.5536394
4.560385
4.52115
4.489522
4.413197
4.461623
4.400955
4.437069
4.391431
4.444178
4.416109
4.412796
4.4615703
4.424947
4.466455
4.5092125
4.4129457
4.481992
4.4919624
4.5483456
4.5497346
4.4901705
4.608609
4.614458
4.597826
4.6556463
4.6995983
4.7143455
4.66701
4.7716494
4.6766887
4.714207
4.767807
4.765463
4.8400717
4.7758737
4.742852
4.851004
4.8654227
4.863615
4.816786
4.951207
4.8815494
4.9002395
4.862581
4.8984556
4.792096
4.7505746
4.8334365
4.778224
4.711255
4.767519
4.7939596
4.739261
4.6715117
4.671958
4.632284
4.6159806
4.5174694
4.5506425
4.620461
4.6754675
4.6696486
4.571756
4.515668
4.4748526
4.476672
4.498217
4.3456993
4.429617
4.3916245
4.436103
4.459351
4.423813
4.4450197
4.45069
4.373882
4.453258
4.496322
3.787093
3.8739326
3.755494
5.335159
5.4722323
5.5158434
5.574254
5.502299
5.44891
5.468158
5.3824043
5.3961473
5.392686
5.4319687
5.377429
5.42908
5.3988175
5.4498463
5.3988004
5.4484434
5.440378
5.373747
5.42663
5.4752254
5.3902516
5.397337
5.4400716
5.444722
5.466885
5.4539313
5.5222554
5.576435
5.564186
5.5577154
5.4956293
5.4619956
5.6133895
5.6139092
5.6005254
5.571196
5.562092
5.483144
5.540982
5.427698
5.5490065
5.4606857
5.4580903
5.4372983
5.468869
5.406788
5.543899
5.4795237
5.584618
5.585169
5.5131264
5.548612
5.4442825
5.498821
5.4336686
5.4014564
5.2713175
5.30175
5.2449856
5.3123374
5.2825685
5.3839865
5.2246275
5.3431892
5.3156176
5.358927
5.3498588
5.4128575
5.4028263
5.3696737
5.3384943
5.5393515
5.4781113
5.5021195
5.5983863
5.5320463
5.4662313
5.4544263
5.4461575
5.496712
5.283503
5.579881
5.6112123
5.5953274
5.511653
5.577518
5.6048636
5.700914
5.676858
5.737502
5.539063
5.6704545
5.552795
5.685616
5.6980352
5.653241
5.6383877
5.5063953
5.473876
5.368935
5.3520465
5.3770814
5.5099196
5.4655013
5.540919
5.5604134
5.4508348
5.5301
5.6192565
5.4952564
5.31396
5.1158614
5.1304717
5.0977077
5.2058334
5.207946
5.1718373
5.272025
5.1785216
5.1746535
5.2238803
5.342574
5.180833
5.189903
5.2937164
5.248126
5.3016257
5.3184495
5.3542767
5.5166454
5.673067
5.7446847
5.660163
5.67361
5.746987
5.7175007
5.5116067
5.4297094
5.4767084
5.324916
5.1732907
5.1482224
5.0261974
5.1251264
5.1178236
5.062356
5.123299
4.9771147
5.064895
5.2781663
5.0261683
4.9875417
4.8625135
4.942994
4.7488647
4.60814
4.485258
4.472025
4.662678
4.5480022
4.5659747
4.511246
4.462182
4.3849444
4.329793
4.4586444
4.1854815
4.2071505
4.1840644
4.282098
4.2472887
4.0486555
4.070187
4.786547
4.7006397
4.724033
4.6980066
4.59527
4.5234346
4.727412
4.720767
4.850542
4.7024336
4.584345
4.836321
5.1520424
5.322904
5.467449
5.277217
5.1684165
5.00659
5.139936
5.263237
5.1092443
5.008383
5.1384735
4.886816
5.0624084
4.979477
4.911957
4.977788
5.0823903
5.178018
5.140736
5.164196
5.2263393
5.1195025
5.063541
5.095698
5.1455293
5.322867
5.1140575
5.0804753
5.208746
5.67815
5.786329
5.6048517
5.518464
5.47721
5.3440514
5.4212375
5.541095
5.8031874
5.6262455
5.8356752
5.9092965
5.887864
6.019468
5.9352794
5.9456625
5.933101
5.8858204
5.8815374
5.9454722
5.938486
5.9017134
5.7461686
4.107747
4.6874743
4.553298
4.7258067
4.917906
4.804847
4.7002296
4.850207
4.8415036
4.852871
4.860052
4.874934
4.942159
4.9180493
4.9586196
4.8863726
5.071674
5.068083
5.10621
5.1019874
4.9698267
4.963166
5.093716
4.9312906
4.8740945
5.019953
4.8366933
4.7688217
4.845271
4.6193104
4.765182
4.6289926
4.280822
4.2572517
4.4712067
4.529104
4.576151
4.893752
4.824749
5.024785
5.0383162
5.068142
5.211753
5.186799
5.104106
4.9379187
4.8859534
4.9688625
4.8101764
4.46202
4.558232
4.41142
4.473626
4.523802
4.7286687
4.7294354
4.7898073
4.650718
4.642418
4.492898
4.5544834
4.413537
4.441402
4.1383877
4.356282
4.588133
4.6563835
4.6495
4.449113
4.413909
4.467014
4.5956864
4.238182
4.367575
4.5777574
4.848543
4.8354726
5.0654254
5.0255575
4.986524
5.114517
5.093629
5.06506
5.1373773
5.008589
5.012099
4.9415264
4.6047187
4.618573
4.139398
4.5635896
4.5529394
4.8922195
4.7866845
4.920513
5.0261025
5.058606
5.1958466
4.740885
4.787193
4.6365523
4.635396
4.595879
4.780097
4.764847
4.477364
4.502643
4.586105
4.5697613
4.6272116
4.8055096
4.7971983
4.741073
4.723768
4.9420404
4.810637
4.7839575
4.75167
4.9423833
4.657302
4.9233747
4.807234
4.7676015
4.57383
4.6843414
4.4893484
4.6812963
4.473348
4.5577965
4.419797
4.5191936
4.350557
4.5591183
4.571916
4.429084
4.4998546
4.367825
4.3698
4.362353
4.340038
4.47357
4.5713882
4.374461
4.516512
4.349555
4.369298
4.3976483
4.328189
4.5242934
4.4587936
4.382123
4.374025
4.1600513
4.031004
4.2319665
4.5089073
4.6542463
4.7968516
4.79928
4.9987397
4.9727364
5.041768
5.1019797
5.1014676
5.0974097
5.29204
5.1795144
5.2416916
5.3202624
5.2708654
5.376008
5.3517694
5.3958654
5.2354727
5.344905
5.2856874
5.421815
5.348706
5.388752
5.512759
5.3683643
5.3276196
5.3033614
5.21922
5.2668166
5.1666307
5.199414
5.3288875
5.31233
5.3997655
5.4086814
5.4338098
5.6051416
5.567768
5.5724487
5.612213
5.579829
5.5946445
5.585778
5.4513702
5.3682904
5.443825
5.259044
5.2314105
5.2802973
5.235715
5.300182
5.2869325
5.2410526
5.2141747
5.295221
5.3468533
5.2883477
5.1388345
5.1763377
5.251297
5.319567
5.224332
5.1992455
5.1679287
5.116327
5.159036
5.233347
5.3475156
5.378278
5.3884706
5.316063
5.261387
5.280705
5.306107
5.3385077
5.430908
5.423817
5.482767
5.421296
5.3502617
5.337967
5.1755137
5.2148824
5.2109156
5.217088
5.1838627
5.1961246
5.5024047
5.417398
5.3694696
5.391578
5.2641373
5.4925103
5.394168
5.337021
5.3876348
5.358724
5.50698
5.5005045
5.485335
5.575104
5.5692377
5.6181827
5.5666437
5.535346
5.663443
5.4359326
5.535066
5.511928
5.5880556
5.6027184
5.567543
5.4613
5.5817323
5.586626
5.647052
5.6256685
5.676505
5.6768675
5.665981
5.6259108
5.7557473
5.817031
5.818839
5.8889503
5.736995
5.815294
5.8794475
5.9723067
5.8507595
5.961122
5.8136115
5.847008
5.899229
5.988202
5.883049
6.0091333
5.8298607
5.826212
5.776319
5.8226156
5.852457
5.8523865
5.915417
5.875861
5.81493
5.921378
5.795456
5.6600385
5.7034783
5.768838
5.643239
5.682646
5.662609
5.8505244
5.940136
5.780665
5.7531285
5.8222675
5.8002167
5.854888
5.9131966
5.781299
5.716386
5.7869554
5.840978
5.9879923
5.9453363
5.914095
5.8887005
5.850845
5.6825867
5.769265
5.7220154
5.863212
5.769079
5.937275
5.627854
5.7406225
5.927943
5.907525
5.992886
6.0396943
6.040506
6.102497
6.064313
6.1470566
6.037551
6.1291833
6.046604
6.0979404
5.997905
6.0374045
6.0445647
6.1023684
6.0842185
6.155102
6.135869
6.0558605
6.1692953
6.128524
6.2292843
6.0271397
5.9579535
5.982976
5.8445673
6.0422444
5.8942223
5.979419
5.85547
5.899009
6.059696
5.959655
5.9145665
5.816086
5.794575
5.697911
5.6929064
5.622354
5.567352
5.627913
5.614452
5.4185467
5.4902987
5.6038246
5.782483
5.7784863
5.8534026
5.879983
5.8549857
5.8780913
6.035204
6.104267
6.246832
6.277645
6.254555
6.3092747
6.190362
6.2131877
6.0596833
6.038879
5.9834256
5.894512
6.043056
6.1464725
6.1338415
6.137103
6.1754546
6.055379
5.9333
5.9899936
5.900654
5.8755484
5.8881044
6.003756
6.117408
5.6876516
5.6012235
5.624422
5.485286
5.511231
5.4721603
5.428025
5.4735293
5.5400834
5.4855795
5.5981884
5.694442
5.888954
6.153876
6.2951765
6.1275706
6.1554103
6.109707
6.277707
6.111695
6.0047574
6.0723686
6.097897
6.4428525
6.4764547
6.4079714
6.4627934
6.355468
6.4410553
6.302341
6.2814345
6.235204
6.1403475
6.1788282
6.200798
6.1382775
6.3575473
5.759778
5.692895
5.6160307
5.68137
5.668921
5.684925
5.7957134
5.9134364
6.1632423
5.851601
5.8678713
5.8595653
5.787903
6.151175
5.8905897
5.658131
5.7955666
5.900358
6.1117654
6.392027
6.1516304
6.0099382
6.110917
5.860594
5.573827
5.312661
5.1934667
5.1795664
5.227067
5.2158327
5.291168
5.4774303
5.5189934
5.735457
5.939043
5.5567894
5.170455
5.1636543
5.300804
5.437077
5.2895827
5.2314515
5.2733746
5.275072
5.4822326
5.620595
5.6017294
5.7282767
5.790662
5.8078985
5.6312895
5.653958
5.603485
5.4813166
5.60854
5.634704
5.5384603
5.6840544
5.7453923
5.8010373
5.8200173
5.9794993
6.011395
6.0213146
6.080223
6.0296974
5.8178167
5.677671
5.3372498
5.3934364
5.2418785
5.2358093
5.195132
5.3366327
5.3008795
5.387572
5.294134
5.27149
5.3795795
5.4580765
5.3674417
5.1143293
5.194394
5.123004
5.0743217
5.1734257
5.1204815
5.0694146
5.241253
5.070531
5.071786
5.012552
5.2064285
5.125616
5.130045
5.1591454
5.175584
5.205771
5.1816025
5.1917553
5.2056365
5.1445217
5.1247783
5.1301208
5.0381174
5.1084557
5.054979
5.0311255
5.090252
5.053267
5.11462
4.915788
4.990071
4.883741
5.0087323
5.019656
4.9711266
4.9435234
4.949704
4.9953103
4.8833656
4.8491225
4.9177947
4.802214
4.9278307
4.8677554
4.860062
4.869603
4.8167295
4.863019
4.9441457
4.925945
4.8566713
4.856848
4.882874
4.8216457
4.7863464
4.784506
4.7916374
4.986777
5.0045757
4.912775
4.9186316
4.9779797
4.738647
4.7638416
4.7842727
4.808613
4.911765
4.9646473
4.9312735
4.8911395
4.8742495
4.860882
4.7662506
4.7561035
4.6780305
4.6492004
4.706095
4.8601584
4.642448
4.77158
4.6990256
4.60561
4.5809727
4.725747
4.907174
4.877214
4.891932
5.047984
4.976375
4.990505
4.97911
4.962873
4.997411
5.058055
5.0731287
5.152299
4.936768
4.9857445
5.14697
5.130232
5.0734053
5.137818
5.144617
5.093755
5.1803465
5.099997
5.1136904
5.073817
5.063586
5.073616
5.0982122
5.1464624
5.119629
5.2319818
5.149685
5.1798525
5.202478
5.1790123
5.213589
5.289704
5.266297
5.3239117
5.2845845
5.2287946
5.3060675
5.246495
5.307439
5.2856617
5.379123
5.3015146
5.3446817
5.376555
5.2873335
5.368974
5.4095716
5.3869305
5.290674
5.26467
5.2693024
5.258928
5.1801786
5.320863
5.213136
5.267594
5.283518
5.35127
5.2214627
5.233494
5.4103093
5.310304
5.4226236
5.302634
5.261346
5.2409344
5.246071
5.2454376
5.2571454
5.301661
5.3537087
5.3214393
5.4381714
5.480728
5.4381876
5.4192734
5.540234
5.5269265
5.548049
5.532637
5.5424223
5.4888663
5.4828215
5.541173
5.5522556
5.5013056
5.5979576
5.6109376
5.63497
5.5773907
5.651235
5.7233896
5.760565
5.6839023
5.617347
5.6947374
5.6797686
5.700488
5.838733
5.687529
5.8047748
5.7044916
5.8983326
5.8015323
5.85066
5.9418273
5.8638043
5.9078264
5.8742476
5.8314886
5.863026
5.8978224
6.0248594
5.963355
5.905774
6.0633254
5.898697
5.9143753
6.0452557
5.8956966
6.0599594
5.876853
6.0321183
5.8337216
5.9869447
5.9090877
5.897702
5.800145
5.992131
5.7834544
5.863421
5.8934
5.8230896
5.8131075
5.709111
6.078889
5.8588543
5.9326515
5.8506885
6.0639987
5.8764334
5.859281
5.8907576
6.0302143
5.8338323
6.011357
6.03564
5.958436
5.9129095
6.12387
6.0159707
5.9907994
5.9643273
6.088003
5.879616
5.978467
6.10316
5.910661
6.137624
6.1101055
6.1404486
6.043809
5.9968915
6.087907
5.9607067
6.1381493
6.084649
6.062832
6.005568
6.045794
6.084671
6.128251
6.196114
6.300594
6.2540174
6.195986
6.189275
6.166629
6.0200973
5.984598
5.8156843
5.918219
5.942735
5.911098
5.9335155
5.990463
5.775541
5.7585626
5.7882705
5.5290585
5.3672547
5.346071
5.2776413
5.266831
5.3820333
5.291238
5.2217994
5.206473
5.456465
5.342035
5.564367
5.5456433
5.6018887
5.3200784
5.4897633
5.8726234
5.6238
5.8826632
6.218404
6.218153
6.201401
6.2663417
6.215924
6.122829
6.147344
6.1687927
6.027578
4.0078607
4.10173
4.150368
4.1890078
4.163084
4.0401626
4.0396113
4.119408
4.2746725
4.246383
4.259367
4.2606583
4.387407
4.4427915
4.2976837
4.5227904
4.291245
4.3374066
4.2526574
4.235398
4.269443
4.2245297
4.464621
4.4774137
4.427715
4.34427
4.429562
4.3452373
4.5191503
4.4247437
4.4390574
4.6100206
4.49215
4.5849357
4.632035
4.728525
4.5713725
4.632913
4.543227
4.711194
4.5239406
4.755414
4.764865
4.850855
4.6959944
4.90916
4.7684584
4.720356
4.624649
4.7064667
4.5087667
4.5000696
4.661304
4.5086093
4.660142
4.4104004
4.60358
4.444683
4.6518865
4.400297
4.574481
4.3570485
4.62829
4.365942
4.6102266
4.537235
4.5145802
4.576421
4.322756
4.587981
4.4632654
4.6276574
4.40715
4.405832
4.4145117
4.3645673
4.454773
4.4268703
4.5572047
4.4086566
4.4559
4.323076
4.3629003
4.313
4.388764
4.502124
4.37768
4.328084
4.423428
4.261847
4.426408
4.158506
4.42828
4.1603575
4.284041
4.389168
4.15529
4.309019
4.2362256
4.4194593
4.4140415
4.416033
4.5016446
4.518801
4.2671747
4.5116324
4.4825325
4.596464
4.5817585
4.5006227
4.353716
4.5537963
4.5351753
4.544684
4.3966007
4.376373
4.330165
4.5978665
4.5812035
4.5161886
4.456499
4.539278
4.5809846
4.411842
4.5326123
4.6941776
4.606644
4.5173917
4.408552
4.4031453
4.469614
4.4306746
4.277689
4.5121107
4.3747215
4.5890074
4.5260944
4.479892
4.408565
4.391785
4.5336566
4.365412
4.626387
4.436522
4.6254973
4.3245196
4.4882007
4.4662533
4.617403
4.5656896
4.5313773
4.5512667
4.372333
4.4854465
4.451255
4.3252788
4.5125647
4.396777
4.426841
4.4760838
4.4570875
4.6200457
4.526538
4.777747
4.638918
4.6473365
4.845174
4.685516
4.6389065
4.741244
4.7710843
5.25854
5.2106113
5.194632
5.303674
5.3419213
5.6983905
5.822857
5.8335915
5.7273936
5.8457136
5.760573
5.9221706
6.0385966
6.046911
6.100618
6.196605
6.120187
6.0668526
6.086812
6.0493674
6.1051493
6.0282984
6.1835794
6.103365
6.153002
6.148843
6.157095
6.1080613
6.0791364
6.0925107
6.0141907
6.0314717
6.2862506
6.3911
6.2727222
6.2184277
6.0685945
6.096551
6.091914
6.007741
6.051129
6.084774
6.1433506
6.1706753
6.3903346
6.532452
6.4680147
6.2879333
6.2344074
6.014357
6.0749917
5.9588547
6.2790594
6.1227183
6.275195
6.0878744
6.14623
6.08874
6.0005236
6.127113
6.066464
5.912236
5.8389425
5.9993253
5.902151
5.9541144
6.0089273
5.9336505
5.905081
5.9119215
6.003066
6.0004644
5.9699974
5.8993626
5.9533925
4.5240993
4.6029143
4.489155
4.509943
4.560628
4.4962955
4.5862617
4.6275234
4.604625
4.698293
4.6657376
4.777423
4.8210683
4.9424925
4.957499
4.977953
5.000333
5.2145824
5.248169
5.3822145
5.382025
5.4958086
5.685443
5.7349353
6.110671
6.1442966
6.1458645
6.1289024
6.070028
6.1418686
6.1286783
5.9879346
6.0105257
5.928546
5.9789457
5.853278
5.6521554
5.632949
5.6743484
5.684764
5.7343907
5.7144814
5.71329
5.694296
5.638829
5.7535043
5.693549
5.55496
5.651764
5.5734544
5.5622582
5.279999
5.1901093
5.103728
5.1424913
4.974325
4.9807396
5.0171313
4.8614902
4.862589
5.006317
5.062234
5.1695065
5.011255
5.135715
5.072384
5.068062
5.0935273
5.027955
5.076109
5.02006
5.0945005
5.1767964
5.1034336
5.0376887
5.0975566
5.1420183
5.1667075
5.1821747
5.2048516
5.095867
5.1944537
5.1451283
5.180031
5.236324
5.329785
5.2879043
5.2926197
5.3143787
5.3396034
5.29963
5.295697
5.2607164
5.3277993
5.2716393
5.353744
5.3074727
5.3572674
5.3500085
5.321267
5.3617287
5.2860084
5.3779364
5.321659
5.2886477
5.2180295
5.2193193
5.310603
5.207906
5.233306
5.1807175
5.236476
5.2841225
5.276686
5.3062983
5.282801
5.4159327
5.37788
5.441792
5.3442698
5.397098
5.388268
5.421705
5.459319
5.445771
5.4693365
5.406595
5.4520645
5.438194
5.4719706
5.5445704
5.6293364
5.5422153
5.553681
5.551305
5.639674
5.5903206
5.680501
5.6392307
5.715745
5.6689863
5.742964
5.675577
5.721176
5.697867
5.759614
5.7970185
5.786415
5.764109
5.755736
5.6852474
5.7062855
5.6861463
5.6529074
5.654173
5.7492533
5.660981
5.6786175
5.623604
5.6227937
5.746366
5.77247
5.753705
5.733761
5.823227
5.753652
5.681732
5.6427336
5.613909
5.426238
5.3593364
5.257959
5.3634596
5.4582324
5.4100227
5.221525
5.1637487
5.2174125
5.3476124
5.278815
5.222538
5.2033896
5.192055
5.2021904
5.245908
5.26664
5.2118363
5.189739
5.2771873
5.195397
5.1653957
5.171712
5.0871797
5.1541433
5.195812
5.095416
5.1732726
5.294956
5.355812
5.230966
5.355935
5.4361186
5.3841543
5.369273
5.3811455
5.385996
5.3947854
5.415851
5.39533
5.3618727
5.3790407
5.4211903
5.4074936
5.4457026
5.457347
5.4867
5.438845
5.449955
5.412482
5.3535924
5.2701697
5.189641
5.2000675
5.1213846
5.226582
5.132612
5.299278
5.2048135
5.155723
5.187977
5.1336823
5.11554
5.121619
5.1311398
5.1121273
5.1155605
5.186715
5.2318983
5.1579723
5.1640816
5.0816927
5.1000423
5.1035995
5.1383767
5.1555777
5.332355
5.3064613
5.2902565
5.394698
5.538536
5.694717
5.64894
5.7793803
5.8591223
5.8696437
6.0099893
5.960623
5.9447784
5.9760966
6.0602074
6.0650306
6.101643
6.126179
6.075934
6.166614
6.1190352
6.243426
6.1452637
6.3508425
6.1398535
6.368263
6.163137
6.253672
6.2353687
6.3402324
6.329952
6.3003263
6.32654
6.275442
6.1493163
6.1824036
6.242796
6.174638
6.2356415
6.141428
6.1940165
6.135335
6.1948023
6.239679
6.1842756
6.2244525
6.135539
6.32909
6.1635346
6.2120585
6.226261
6.179444
6.196933
6.171793
6.194311
6.1220884
6.1952763
6.1913066
6.142779
6.1677504
6.2239723
6.0696526
6.199341
6.0546036
6.1493783
6.099511
6.0981836
6.1072206
6.106345
6.1025743
6.128685
6.061912
6.0540614
6.050362
6.0402737
5.991341
5.897707
5.945629
5.966801
5.9706397
6.024721
6.029886
6.045122
6.047467
6.103758
6.14082
6.1231894
5.8893523
5.9376945
5.743109
5.6553907
5.6397233
5.4838343
5.467156
5.2069964
5.15129
5.07579
5.023369
5.03024
4.981123
4.80048
4.9617815
4.8341684
4.851976
4.9435225
4.8060713
4.758421
4.7091036
4.708787
4.7498536
4.6947317
4.8598747
4.7527514
4.7838316
4.7707357
4.7299213
4.766711
4.789862
4.8160048
4.8119264
4.7980857
4.83363
4.79551
4.7838054
4.765365
4.8773704
4.921476
4.9269333
4.9052863
4.9363976
4.8764377
4.9821057
4.8819795
4.94762
4.9610248
4.9312057
4.971055
4.959613
4.97162
4.9690237
4.951516
4.9712267
5.0160947
5.039648
4.995021
5.032499
5.0086775
4.9960804
5.042901
5.024199
4.9896255
5.004205
5.030658
4.9686956
5.025276
4.9909496
5.0372615
5.0215454
5.04688
5.0273666
5.02617
4.992299
5.0151267
4.9747996
5.0083866
4.9558816
4.9314537
4.940709
4.9661665
4.9368353
4.933227
4.89598
4.9684877
4.947531
4.928162
4.9637756
4.916688
4.9750648
4.930142
4.8851957
4.8959165
4.8979077
4.9461737
4.8949027
4.895996
5.008831
5.152135
5.2154617
5.213574
5.314039
5.258634
5.272103
5.224142
5.255312
5.1339483
5.0572405
5.1257806
5.1771946
5.2059937
5.176052
5.1850924
5.2763124
5.182618
5.173613
5.1410446
5.195172
6.4512434
6.4015326
6.5490737
6.3983474
6.3571973
6.215746
6.227086
6.225025
6.2133555
6.141504
6.0929327
6.1187506
6.0697455
6.100686
5.9867682
6.016655
5.939889
6.0361485
5.939459
6.0365887
5.876511
6.016328
5.9066644
6.02584
5.9224806
5.9770923
5.9434032
5.9704385
5.9489202
5.976597
5.9843936
5.9289446
5.9598207
5.9514084
5.938655
5.91384
5.947855
5.9339247
5.97701
5.9802675
5.917636
5.977091
5.9031153
6.0167365
5.8999877
5.965971
5.1090837
5.116431
5.089325
5.042071
5.038049
4.9753237
4.993091
5.0383706
5.0322795
5.100283
5.1446376
4.9725323
5.2590146
5.0804486
5.239674
5.130297
5.237547
5.105055
5.2574177
5.115896
5.222531
5.147859
5.246363
5.151819
5.108822
5.3075833
5.09063
5.303343
5.1481915
5.293374
5.0461397
5.246529
5.1099787
5.24193
5.0754285
5.254735
5.072578
5.2731314
5.0790987
5.2314367
5.119921
5.270813
5.080609
5.3137927
5.1168766
5.23325
5.1533003
5.177185
5.067539
5.222699
5.1130285
5.332483
5.053104
5.3043494
5.0667777
5.297941
5.0765605
5.237388
5.0662274
5.2756686
5.1242456
5.3066006
5.170477
5.2751203
5.223289
5.3322935
5.239425
5.2760143
5.223239
5.3367724
5.1716995
5.335854
5.2093234
5.301239
5.2202425
5.35343
5.251144
5.357374
5.228771
5.271288
5.143851
5.3203363
5.1445446
5.3016944
5.142062
5.2855973
5.1340528
5.1942334
5.155122
5.2236595
5.195417
5.1789823
5.108098
5.250122
5.1090703
5.1661253
5.1332464
5.2506785
5.1677036
5.3005805
5.2930045
5.2821226
5.306408
5.297184
5.2932434
5.2483373
5.265795
5.2224126
5.2681117
5.2417874
5.2836094
5.2253475
5.297264
5.2659984
5.2371283
5.290002
5.2731285
5.2833853
5.291555
5.226879
5.274049
5.259205
5.287016
5.269606
5.242602
5.2441955
5.177775
5.2568116
5.192318
5.2370334
5.1956086
5.255402
5.175481
5.266995
5.1829796
5.2796383
5.2080073
5.2613525
5.225037
5.2234664
5.2171926
5.163983
5.169343
5.1789165
5.1518574
5.1845813
5.1797943
5.1683083
5.1574097
5.155335
5.1861115
5.1888638
5.229456
5.287844
5.2006187
5.265112
5.197343
5.2731037
5.1906166
5.267391
5.178716
5.277114
5.1875076
5.297105
5.173702
5.295818
5.1856217
5.318127
5.1909018
5.2048492
5.2297897
5.23656
5.3019753
5.211697
5.251734
5.2144127
5.2403502
5.2027373
5.310386
5.1968627
5.2672663
5.1877894
5.316345
5.207845
5.258877
5.28931
5.225291
5.2311683
5.186672
5.210342
5.2012787
5.2312756
5.1976414
5.21412
5.17759
5.304581
5.234958
5.240436
5.226554
5.2911825
5.259646
5.218833
5.225834
5.25826
5.292888
5.170836
5.282132
5.217837
5.2264376
5.219534
5.269058
5.3010764
5.284502
5.315817
5.3209825
5.3293996
5.3178563
6.0943236
5.9703126
5.9531746
5.993717
6.0198293
5.9872913
6.0744567
6.0092607
6.0781074
6.008442
6.13378
6.063569
6.0672474
6.0618362
6.068893
6.0332375
6.063773
6.06327
6.07438
6.061674
6.043089
6.0147696
6.0774837
6.0277033
6.1061115
4.6991987
4.601207
4.639458
4.633306
4.6263647
4.6015825
4.519564
4.6971893
4.5936556
4.697499
4.574043
4.579053
4.544643
4.62059
4.5314755
4.625648
4.5544524
4.6444845
4.5504313
4.6221685
4.561317
4.55156
4.4960256
4.5639133
4.5818396
4.491491
4.6053157
4.623952
4.5814877
4.6401505
4.6208887
4.6130395
4.619198
4.6117864
4.62051
4.531812
4.616898
4.5180945
4.623101
4.5446954
4.6347065
4.5282044
4.5398684
4.5256104
4.4623013
4.5289245
4.529129
4.501296
4.4662766
4.407566
4.52592
4.3450165
4.4953866
4.3868895
4.4480934
4.352549
4.302126
4.443796
4.3856506
4.397296
4.2871666
4.2828727
4.191683
4.1142435
4.1833086
4.052833
4.156001
4.1346064
4.100976
4.152207
4.181405
4.255118
4.3970475
4.308895
4.4758754
4.456551
4.6208305
4.6266193
4.6949196
4.6793427
4.6129947
4.6671276
4.617424
4.704041
4.6642523
4.781695
4.872459
4.953524
4.8997135
4.9893045
5.002848
5.062128
5.2118816
5.146205
5.192873
5.177063
5.3172545
5.368945
5.3415017
5.398783
5.5300713
5.51194
5.6299057
5.505148
5.6530285
5.5647254
5.61912
5.583979
5.677385
5.611331
5.645637
5.655333
5.6696954
5.6345115
5.750004
5.6727123
5.7724524
5.6656175
5.7998924
5.7335434
5.877668
5.7482266
5.8102884
5.757115
5.836734
5.7964935
5.830963
5.825374
5.8978243
5.852807
5.8804007
5.8508296
5.921159
5.8506446
5.914557
5.8609934
6.08339
5.931892
6.1179037
6.005766
6.1593857
6.0518126
6.1822524
6.0975246
6.10962
6.154507
6.126395
6.156729
6.054064
6.201256
6.109294
6.1169515
6.0539393
6.049987
6.011683
5.992794
5.926502
5.9288416
5.881812
5.79012
5.6390634
5.710528
5.6460333
5.6019125
5.5733943
5.485568
5.4447064
5.518856
5.5720286
5.5242386
5.6284995
5.7140384
5.62748
5.6467047
5.5667834
5.661725
5.6271625
5.672084
5.609603
5.706945
5.6484146
5.638162
5.5952163
5.6937013
5.6123233
5.6427255
5.6391335
5.691871
5.65767
5.6766577
5.6509027
5.699357
5.6407967
5.72186
5.6270013
5.672897
5.610288
5.662403
5.5898347
5.6363
5.532281
5.6267285
5.5184793
5.550347
5.4881883
5.581854
5.4502506
5.4799876
5.386031
5.3602333
5.4488916
5.435034
5.3979692
5.43869
5.4076414
5.44825
5.4161425
5.4123898
5.4213967
5.413187
5.4286957
5.413019
5.418667
5.3899097
5.3754745
5.3268337
5.2958274
5.2373805
5.2225103
5.2319117
5.221392
5.1223774
5.1882396
5.048599
5.1521525
4.993286
5.1469097
4.878822
4.9159813
4.86118
5.016918
4.860383
4.9552603
4.889656
4.9984407
4.867401
4.97641
4.833887
4.9587345
4.7905607
4.9535127
4.8041463
4.887952
4.9069753
4.939575
4.892712
4.931386
4.8411493
4.892705
4.8440924
4.906166
4.83464
4.862976
4.7276382
4.8348846
4.7419252
4.854003
4.7704067
4.873663
4.8033023
4.8013377
4.781776
4.767071
4.7807736
4.740035
4.7764893
4.691157
4.7174535
4.7149286
4.7554183
4.688505
4.7405224
4.7258124
4.7314982
4.719545
4.670304
4.7085705
4.6568694
4.638168
4.7074146
4.726557
4.7761207
4.806135
4.8308945
4.810068
4.806599
4.8295946
4.7631617
4.812404
4.778548
4.809041
4.7596264
4.8788004
4.8175325
4.906906
4.9082766
4.925452
4.855141
4.904967
4.852197
4.897113
4.901819
4.896659
4.8655963
4.833995
4.7691402
4.8105154
4.809474
4.785222
4.7693367
4.779303
4.771596
4.8534894
4.7714567
4.814769
4.882058
4.817471
4.879469
4.7390428
4.8075376
4.7805667
4.91531
4.7201586
4.775473
4.7245636
4.800851
4.6821303
4.819785
4.6927757
4.7594776
4.6707506
4.7447386
4.65774
4.772585
4.6796236
4.7764473
4.6959906
4.786756
4.689479
4.7689867
4.7034674
4.7777686
4.6969104
4.780814
4.713148
4.8016014
4.7217727
4.7645698
4.756662
5.8206244
5.7671504
5.74708
5.7640114
5.7668104
5.7406955
5.730239
5.7491417
5.851021
5.728465
5.8564734
5.748452
5.8873563
5.818149
5.911761
5.7794237
5.9105787
5.852446
5.980836
5.8329916
5.959961
5.8685284
5.9881334
5.8704324
6.0190954
5.885352
6.013495
5.850463
6.0416965
5.8165197
5.983025
5.8439107
6.0157647
5.871446
5.998125
5.850014
6.0042887
5.8518105
6.0467105
5.931399
6.049316
5.9046364
6.0751123
5.9515357
6.0666456
5.926023
6.068243
4.2933407
4.371259
4.333474
4.259726
4.212668
4.2009416
4.195604
4.232033
4.181964
4.2290134
4.203667
4.3039756
4.232833
4.2463856
4.145099
4.2159424
4.155884
4.1914554
4.1629596
4.2898383
4.200925
4.299177
4.190384
4.274892
4.252846
4.322902
4.2834606
4.246798
4.277981
4.2450376
4.18619
4.293163
4.301304
4.3499227
4.313595
4.327144
4.3529725
4.4066067
4.328705
4.4312754
4.390876
4.3784423
4.3459506
4.3270016
4.368568
4.419308
4.431588
4.3581367
4.3505344
4.3312454
4.2987995
4.2637997
4.273332
4.288892
4.2729597
4.2455454
4.1557207
4.194852
4.3654366
4.33168
4.3448176
4.404818
4.3459425
4.3194056
4.396415
4.3698196
4.368397
4.3310504
4.2603607
4.2874813
4.2657948
4.2068834
4.2244024
4.358835
4.2627535
4.134539
4.099791
4.0906982
6.1316175
6.2998195
6.240969
6.203046
6.282081
6.19994
6.2371507
6.199212
6.3000975
6.2464504
6.247732
6.206785
6.2559204
6.192353
6.285082
6.2315683
6.3233523
6.2597237
6.3476086
6.330492
6.3423414
6.323702
6.3358655
6.385235
6.2928343
6.401153
6.3290577
6.3577914
6.2399626
6.2507925
6.2302046
6.496237
6.774819
6.950897
6.890129
6.9171853
6.828955
6.603077
6.462484
6.48713
6.302497
6.390003
6.124407
6.198073
6.0458417
6.142309
6.0439286
6.018311
6.056134
6.020694
5.9499745
5.9451256
6.031144
5.9414115
5.970633
5.939659
5.91255
5.9462504
6.049808
6.011426
6.1680408
6.2794595
6.3182116
6.4031553
6.3653116
6.457678
6.5167227
6.5294027
6.5299835
6.5469317
6.602811
6.6491985
5.332112
5.1823354
5.257174
5.3626657
5.2072043
5.3851323
5.2284436
5.344638
5.224003
5.401963
5.25623
5.309215
5.2849336
5.294052
5.2863264
5.295688
5.3000407
5.2973247
5.3006353
5.341177
5.317855
5.3507185
5.3092923
5.376057
5.305881
5.368328
5.323669
5.3543315
5.297025
5.4676504
5.3918915
5.4381814
5.3694105
5.3685412
5.3704953
5.3812904
5.4062395
5.3738446
5.3548994
5.369507
5.4012136
5.4018908
5.4299507
5.3973007
5.4705424
5.387482
5.458988
5.4386206
5.491147
5.4787188
5.489228
5.4908996
5.511559
5.515188
5.59986
5.5157046
5.632763
5.5953135
5.713173
5.76302
5.730971
5.62473
5.7511106
5.6619344
5.743781
5.6899223
5.8007894
5.7412596
5.7774005
5.685743
5.6993837
5.646999
5.6926894
5.665864
5.687709
5.672854
5.712079
5.6921787
5.7086554
5.6645384
5.7569084
5.668754
5.7308283
5.634689
5.7537365
5.636755
5.7502003
5.6044106
5.683455
5.526568
5.6654177
5.5678215
5.6950836
5.5463457
5.635552
5.5003734
5.5962505
5.5995793
5.569413
5.5783515
5.7074428
5.656217
5.6959324
5.6706276
5.743398
5.772116
5.796562
5.724556
5.778874
5.698143
5.740401
5.6688056
5.771911
5.685159
5.787716
5.7089906
5.7967963
5.7393694
5.8347726
5.776722
5.828481
5.7477627
5.766536
5.7551293
5.648712
5.7099323
5.6228495
5.6969924
5.6209955
5.6605077
5.7138557
5.6668453
5.6912413
5.673807
5.6882234
5.650884
5.6532927
5.6356235
5.6576686
5.6309714
5.6918745
5.6517563
5.6919813
5.6430745
5.6473045
5.6402707
5.6611533
5.7015886
5.6850905
5.6769605
5.6647
5.666713
5.7129784
5.6983514
5.6071415
5.672633
5.59305
5.614353
5.577616
5.5548663
5.5466685
5.6186714
5.540012
5.529026
5.532405
5.5507946
5.5421324
5.5314126
5.5210843
5.5301456
5.5016127
5.514673
5.5385385
5.474136
5.5389442
5.5011497
5.544705
5.510087
5.606381
5.4900875
5.5360723
5.5228343
5.522365
5.4476447
5.5185385
5.4976444
5.5238795
5.460067
5.5673733
5.46007
5.461734
5.4537187
5.424721
5.4325266
5.4090924
5.4472275
5.4158335
5.4211583
5.4848638
5.4515247
5.366504
5.313652
5.3557577
5.426025
5.3724923
5.340003
5.421387
5.37042
5.3553143
5.3348446
5.2987857
5.319251
5.3262606
5.2753797
5.2772226
5.335033
5.3688474
5.348943
5.3785596
5.3529615
5.2967324
5.34348
5.3531675
5.3333564
5.335849
5.3579774
5.350836
5.3573318
5.3385434
5.3708954
5.3422294
5.367522
5.3217535
5.357728
5.287693
5.343835
5.278292
5.28706
5.319897
5.2896614
5.3411827
5.3223495
5.3554296
5.3209505
5.334532
5.3273506
5.409524
5.4502087
5.400703
5.386859
5.423381
5.486991
5.4151454
5.461295
5.4976225
5.5188265
5.3984528
5.4873877
5.379907
5.3978825
5.441237
5.3354325
5.437519
5.360945
5.4334555
5.3923326
5.4952073
5.4378524
5.535997
5.5527897
5.5951324
5.551134
5.622388
5.5841146
5.639435
5.6455717
5.631064
5.6187124
5.595814
5.575071
5.6178565
5.641253
5.6671124
5.744181
5.695525
5.681786
5.7047873
5.732649
5.712267
5.7853985
5.6767488
5.707279
5.715295
5.705982
5.6754913
5.6964016
5.6711807
5.760332
5.7026105
5.8468723
5.651767
5.797406
5.6966953
5.821494
5.737764
5.8893685
5.7225513
5.9230103
5.71106
5.869262
5.709502
5.651479
5.797927
5.630067
5.703692
5.5914483
5.740254
5.592391
5.762402
5.593811
5.765676
5.5787177
5.77386
5.5967584
5.692547
5.5488577
5.5257597
5.632022
5.5707927
5.5898795
5.616764
5.601141
5.507209
5.5301886
5.5023084
5.5932474
5.4747715
5.563154
5.4458413
5.463979
5.547378
5.473464
5.584487
5.531705
5.583143
5.647488
5.6398563
5.6448245
5.7321105
5.742122
5.761556
5.680665
5.7826333
5.797069
5.864616
5.7766004
5.6616864
5.7042227
5.7631087
5.6870327
5.740216
5.6753387
5.8248935
5.6947517
5.697827
5.7071657
5.7580514
5.686483
5.7715783
5.705097
5.761824
5.718592
5.8948855
5.778899
5.9432735
5.8528056
5.958678
5.881914
5.976042
5.8946986
5.9365044
5.919004
5.930094
5.865833
5.838205
5.967103
5.8458595
5.9545183
5.86625
5.956814
5.8367577
5.6701064
5.8318634
5.74811
5.8872175
5.7604136
5.8874803
5.809657
5.9132824
5.766064
5.9053125
5.787339
5.902301
5.751796
5.7931213
5.764292
5.823634
5.729915
5.71862
5.6932945
5.71049
5.7142096
5.7648525
5.6410646
5.7188954
5.659589
5.820709
5.713748
5.757304
5.6665325
5.8375926
5.687836
5.7900577
5.7030635
5.730142
5.789297
5.7944803
5.821742
5.730412
5.7617455
5.6835694
5.750536
5.762812
5.859538
5.633587
5.683045
5.682787
5.72999
5.6703258
5.7120204
5.6265635
5.6353793
5.624418
5.6628246
5.6638184
5.7347913
5.7936563
5.7712955
5.827509
5.8896294
5.900213
5.934112
5.840949
5.817578
5.7592807
5.798914
5.6983886
5.6921926
5.647454
5.7102113
5.664712
5.5861993
5.5369763
5.5771284
5.4848795
5.467923
5.5289297
5.500799
5.541137
5.484284
5.5079813
5.4345894
5.516586
5.590412
5.544894
5.6066732
5.5854197
5.5710835
6.2200074
6.256226
6.1946406
6.244376
6.2187634
6.3668666
6.536433
6.490593
6.440062
6.541308
6.594709
6.5788198
6.598915
6.598706
6.776583
6.661382
6.7681313
6.831074
6.7955775
6.8334928
6.747086
6.689702
6.589842
6.579272
6.5532436
6.412155
6.3693824
6.2894797
6.3431873
6.2638426
6.3647118
6.4003086
6.4167976
6.347307
6.4258246
6.414744
