10000
7.7511663
7.7336383
7.474722
7.2912226
7.1894417
6.899267
6.5796313
6.5403814
6.675042
6.906894
6.9860983
7.1260343
7.1691446
7.1728954
7.251561
7.314821
7.1587915
7.03864
7.1956244
7.199154
7.644444
7.709869
7.5958843
6.926891
6.2345257
7.2090306
7.5741596
7.577419
7.4143586
5.995137
4.1519337
4.145446
4.700922
4.7016363
5.0813575
5.329491
5.336125
5.2843294
5.2438846
5.1322336
5.063262
5.121608
5.463866
5.1067514
0.45730305
3.5682418
3.8411987
3.7135825
4.3405905
5.0833654
5.520688
5.970551
6.15135
5.7848287
5.156636
4.8530955
4.744472
4.8152137
4.824562
4.924266
4.8813777
4.947541
5.29619
5.365743
5.7282314
6.003514
6.2145905
6.151782
6.0570536
6.2495375
6.419018
6.420618
6.526181
6.8605514
6.8785853
6.916617
7.165992
7.395523
7.2770457
6.7836943
6.159788
5.190737
4.9375095
5.3552966
4.774917
4.373353
4.1590314
4.2945633
4.1467495
3.2330997
2.325277
3.2149134
3.2893248
2.9289591
2.5356565
1.7679918
2.5628572
3.153785
3.274752
4.0294423
2.0129468
3.1073956
2.9169312
3.2956011
2.6890187
2.7190375
4.2126026
7.5763035
8.329924
8.367353
8.0651045
7.868719
7.732395
7.173173
6.93002
6.8804593
6.963145
7.5415707
7.7238503
7.4818745
7.317296
7.1529512
7.577636
7.878736
7.6543365
7.7344365
7.582487
7.506956
7.668253
7.4003286
6.96204
5.8657575
4.5483975
3.1965935
3.6673143
3.3705962
4.3644285
4.5232587
3.2877226
2.5985365
3.1720703
3.2416196
0.99280703
0.7565512
1.531544
1.6759773
1.7682159
2.0222733
1.4907897
2.074656
1.5340425
2.2286646
1.8504044
1.7401683
2.092453
2.565609
1.0326698
1.4910644
1.5601687
1.8688643
1.3712587
1.6081618
1.826021
1.5304445
1.5073624
1.3057535
0.81010365
1.2635458
0.834691
1.1770408
1.6154842
0.5999535
1.2534016
1.1318214
1.1591232
1.5512669
1.24568
1.8165133
1.6205566
2.5786703
2.9277968
1.0391284
1.6285632
0.92553854
0.9756422
0.62993515
1.1049845
1.4294146
1.1807337
0.742245
0.9174629
1.1509571
1.4363731
1.1866157
1.5453387
2.0919752
1.5542457
3.2496812
0.9364235
0.7768083
0.6344765
1.1286151
1.2120762
1.3902583
0.73803574
0.9518674
0.46603662
0.48793393
0.5330233
0.93642336
0.9275441
0.91009057
0.78462327
1.8512086
0.82132447
0.66140497
0.90313154
1.0433626
0.5168931
0.54232556
0.49537852
0.56284153
1.1800991
0.5157355
0.67350376
0.46868613
0.5599109
0.74122435
0.37293214
0.9365076
0.38945207
0.33496624
0.3231264
0.5185832
0.3999163
0.568726
0.3837043
0.36679354
0.3534658
0.39707926
0.36410925
0.5682892
0.5903241
0.48246303
0.32114872
0.35981986
0.37776685
0.47355515
0.2427324
0.37431467
0.34396565
0.3466736
0.3748776
0.33957088
0.37627465
0.4631739
0.34707245
0.29105887
2.7490416
0.32800448
0.33858156
0.40263075
0.62891686
0.37234774
0.8905036
0.3771294
1.4573286
0.36753073
0.33812878
0.3301639
0.3153364
0.36798826
0.3287607
1.6887496
0.42447248
1.2203152
0.23411961
0.3552365
0.9925568
1.5511336
1.1219335
0.92083204
0.38791662
0.33127612
0.2987943
0.24209937
0.25462413
3.2998257
0.2882563
0.27921274
0.24950564
1.5660363
0.3354149
0.3003654
0.32066986
0.27590564
0.6438751
1.2541403
0.37379557
0.58048165
0.51250833
0.34096372
0.37292048
1.5673679
0.32756007
2.6437228
1.5491495
2.807837
0.32612318
1.3658609
3.2816536
4.964863
4.876064
5.4059453
5.6988354
5.988408
5.988052
6.041913
5.8852334
5.8855133
5.834817
5.724021
5.763583
5.7401924
6.1265807
6.4178987
6.2586226
6.5459876
6.7170706
6.6595874
6.7547164
6.660244
6.6423073
6.6726747
6.432791
6.324785
6.317898
6.5945153
6.7093315
7.020274
6.93229
7.23738
7.74121
8.112296
8.156088
8.136686
8.110543
8.394735
8.139631
7.9795127
7.617339
7.5509577
7.622718
7.4713464
7.5494065
7.5814953
7.5390835
7.3407583
6.9300547
6.048041
5.5028334
5.0186634
4.9441414
5.5110536
5.6730843
5.787765
6.2717276
6.333908
6.1183033
6.040799
5.9125824
5.730466
6.0746117
6.066656
6.171342
6.0005493
5.663213
5.089426
5.3084564
5.132267
5.270385
5.353495
5.2412615
4.7891135
4.1750007
4.9808283
4.8124433
4.5791492
4.740959
4.9531794
5.466744
5.8513474
6.1220365
5.32388
4.3190866
4.1436605
0.5332264
3.0130687
3.2363894
4.051159
4.54004
5.309929
5.144254
5.1203117
5.164568
5.274155
5.383514
5.2888994
5.2112308
5.3370404
5.453448
5.5725756
5.5447884
5.4984803
5.4718285
5.606314
5.5735464
5.683821
5.6449857
5.7267895
5.6753163
5.740099
5.717907
5.8201504
5.8250947
5.92968
6.0938554
6.0567756
6.0897827
6.2019553
6.1141453
6.0113564
6.054688
5.830647
6.059609
5.9129004
5.916202
5.838722
5.834259
5.634332
5.349284
4.4014134
4.4927692
1.573656
0.8766348
2.114932
5.2901583
5.215911
5.342467
5.167579
4.9164553
4.314524
4.5815587
4.4142776
4.2654605
4.406803
4.437149
4.438644
4.4837675
4.580683
4.5134726
4.46781
4.2505407
4.4930015
4.716945
4.793395
4.696136
4.9619393
5.313946
5.352992
5.070217
4.482556
4.7487564
4.742821
4.2636223
4.362411
4.0184216
3.2731385
2.8098612
3.9789922
3.2427335
2.6008592
2.1951137
1.41007
0.8947148
1.1346288
1.2825558
0.69978213
0.8466037
6.1891856
5.8731365
5.4842854
5.2661924
5.1993227
4.5459104
2.2170215
3.0336294
2.3690622
2.2267303
1.709251
2.3244083
2.590847
2.4851773
2.416122
2.3110168
2.1095464
5.3386316
5.0684757
5.00393
4.981319
5.1349115
5.047633
5.1422205
4.806296
4.914895
4.5576034
4.5744023
4.534893
4.320616
4.3912997
4.0227065
3.8803892
3.743721
3.9390607
3.2485182
3.3144627
3.4526763
4.089908
4.3204575
4.585864
4.739334
5.0200477
4.811922
4.970087
5.2447166
5.438978
4.838379
3.7584784
3.9435153
3.9941523
3.8879898
3.8147619
3.8281689
3.8322344
3.8532805
4.74837
3.9271314
3.9972057
4.1259294
4.8281927
3.5641515
4.4155836
4.5900393
4.3687844
3.477158
3.4832487
3.5321712
3.493619
3.4319944
3.4925184
3.5255785
3.4406385
3.0687296
3.4713123
3.6247134
3.8339632
3.5379078
3.3987281
3.2995937
2.967047
3.327958
3.1582823
3.164633
3.1915631
3.4314098
3.633227
3.2172005
3.273847
3.1430774
2.9501557
3.222618
3.074203
2.8911266
3.1935267
3.0665398
3.0532815
3.1913297
3.1833887
3.3921492
3.5790493
3.3446732
3.3821697
4.243649
4.225069
4.2373376
4.4597373
4.4164543
4.5678215
4.3572426
4.5564895
4.473426
4.58708
4.523601
4.543404
4.6866665
4.5206933
4.651073
4.408923
4.72054
4.57893
4.595136
5.031001
4.994131
5.0517154
5.087545
5.2331877
5.3519816
5.279635
5.4468894
5.5776415
5.698001
5.573731
5.6196737
5.620329
5.384352
5.4374676
5.216413
5.138904
5.097319
4.9566913
4.8799996
4.887741
4.984678
5.0444255
5.1063514
5.3496466
5.480572
5.379274
5.3771653
5.3967195
5.497571
5.273705
5.45331
5.445191
5.400585
5.2363644
5.2709823
5.161992
5.2009597
5.252136
5.238394
5.2562737
5.27123
5.339102
5.4226637
5.484105
5.4281597
5.2993774
5.1521993
5.1572104
5.14742
5.1027794
4.889741
4.8095374
4.8969955
4.8086267
4.746068
4.6701226
4.674692
4.6867456
4.7285957
4.5808783
4.631668
4.429012
4.5727077
4.2336135
4.3204346
4.4986863
4.347046
4.207964
4.0286574
6.034959
6.04508
6.0746813
6.11879
6.173227
6.3704166
6.375933
6.4433336
6.396863
6.375002
6.337511
6.3205514
6.263809
6.2123938
6.268017
6.1153474
6.1140633
5.91926
5.824232
5.612561
5.8402534
5.883214
6.132653
5.971266
5.9088244
6.064075
5.9838605
6.107275
6.3916802
6.441347
6.5113835
6.2829537
6.046644
6.071392
6.051708
5.8210053
6.100405
6.204793
6.32168
6.327173
6.3716264
6.423876
6.245799
6.1268063
5.918581
5.975176
6.2995443
6.356892
6.4949017
6.209574
6.6338596
6.3045807
6.4453287
6.319336
6.1063733
6.176455
6.1509824
6.4036894
6.3551836
6.0997
6.062893
6.0181785
6.2382507
6.3811274
6.5253086
6.5716333
6.213205
5.8821983
6.0257783
5.976028
6.032998
5.0016737
4.736236
4.835639
4.7005663
4.440309
4.2079983
4.207712
4.2223997
4.445479
4.245943
4.198655
4.0797343
4.137183
4.184224
4.1487393
4.0091414
4.06518
4.741673
4.39931
4.0928683
4.089653
3.8642159
3.6185303
3.8008094
3.8570495
3.6356134
3.606387
3.7009819
3.9665604
4.1122103
4.072005
4.0504775
4.2480664
4.47786
4.522138
4.0927014
3.7212796
3.376926
3.4330554
3.4219623
3.483774
3.449174
3.34409
3.2231114
3.5203161
4.076725
2.922655
3.2069085
3.0784938
3.673641
3.8015952
3.3860102
3.1939943
3.5626059
3.783611
3.6716633
4.2839475
4.863858
5.1967626
5.483688
5.355952
4.9256773
5.7092595
5.751973
5.906241
5.7861934
5.656799
5.622492
5.257287
5.3863025
5.3334727
5.120777
5.2297807
5.347962
5.375799
5.1740546
5.1513467
5.032043
5.0811234
5.297933
5.5416927
5.744534
5.8138475
5.8116846
5.6864047
5.5308366
5.8590517
6.013057
5.885754
6.4172173
6.113736
6.2177534
5.4968386
4.7632747
4.5781035
3.7879808
3.6411643
3.468663
4.571287
5.192779
5.577934
6.107482
6.231956
6.411783
6.342876
6.3287983
6.597385
6.726034
6.7117596
6.328044
6.7301583
6.88182
6.641509
5.8033047
5.4237437
3.7184048
1.0918815
3.4670618
3.0472875
3.2937195
3.303214
0.5863802
3.157668
0.75099903
0.29512405
3.0006573
4.1113224
3.4582455
1.9238768
1.6293869
0.2976166
0.29271743
1.353606
0.35403156
2.115699
2.413776
2.9695206
3.4114845
0.2473565
1.4914459
3.3822575
4.3311768
5.181891
3.0487545
1.3307285
3.656947
4.809537
3.3214126
4.0816846
4.369287
4.857598
4.5758963
4.3103285
3.3881109
3.8222246
4.066671
4.3307548
4.7807446
4.8923006
5.0024633
5.534792
5.721969
5.9111466
6.114155
6.6982026
7.0027976
7.2361517
7.1398673
6.914191
6.674039
6.443201
6.723984
6.9533386
6.942704
6.765864
6.433906
6.4826756
6.370422
5.9180784
5.3666444
5.2037277
4.966677
4.4318457
4.4311905
4.628904
4.6661687
4.9523087
4.5530467
3.0686717
3.0843081
2.5041637
3.8899548
3.6078157
4.550806
4.1334558
5.0599732
5.1591363
5.2266374
5.670967
5.911476
6.0632987
5.3991675
4.4488425
4.372801
4.638624
4.294203
4.123604
5.510335
5.955039
6.1130476
6.0046873
5.940012
5.917611
5.8299503
5.6098213
5.641208
5.6321754
5.3095202
5.644341
6.185939
6.5111637
6.6021924
6.2873654
6.140813
5.859785
5.672734
5.816548
5.9484153
6.2886095
6.64379
6.640296
6.576029
6.785593
6.5159664
6.418397
6.8424187
6.346592
5.3060026
5.967114
5.854341
5.7808046
5.832672
5.4958706
5.4640136
5.437272
5.444648
5.1873813
5.9963093
6.5984263
6.53913
6.686554
6.492824
6.402071
6.2857027
6.1247883
6.127121
5.928107
5.7400446
5.615038
5.6971884
5.732823
5.975424
5.931031
6.1401525
6.409351
6.5819654
6.494588
6.5293136
6.78658
6.830743
7.1843996
7.263874
7.256375
7.169335
7.278832
7.2466125
7.1968727
7.276724
7.211009
7.2883215
7.156427
7.206703
6.894477
6.998483
6.9748826
6.955326
7.1317644
6.987861
7.3973446
7.3116417
7.3939147
7.2207384
7.069936
7.524835
7.1361656
6.8963094
4.440084
6.9582515
6.8184295
6.8812294
6.753913
6.79284
6.6833763
6.5305386
6.3413076
6.0946927
6.1258106
5.9650116
6.0237966
5.92257
5.9411464
5.984128
6.1615505
6.2029085
6.110526
6.046056
6.3369637
6.633778
6.6450424
6.736006
6.7558804
6.705968
6.606265
6.688633
6.6577287
6.5349507
6.531749
6.635182
6.404264
6.4842916
6.4539094
6.3986597
6.4325414
6.5777726
6.7046013
6.6934547
6.7686877
6.650454
6.800541
7.002773
7.0727935
7.23508
7.448531
7.5965037
7.6507244
7.6153717
7.670925
7.6401005
7.4390855
7.467336
7.343812
7.2412615
7.5031004
7.4964614
7.6634707
7.5478563
7.453067
7.2714944
7.224029
7.22237
7.3334694
7.179834
6.9825354
6.9026027
7.001526
6.905223
6.9341
6.9757385
7.322134
7.336649
7.1010036
6.909377
6.675044
6.4758863
6.5858707
6.569347
6.2879553
6.3744807
6.370071
6.420146
6.057026
6.017479
6.565873
6.4393253
6.045344
6.208773
5.840392
5.5540166
5.1908984
5.1329303
4.9632955
4.7229047
4.8468533
4.894746
4.828049
4.6531677
4.068323
5.3864417
5.222051
4.8187027
4.151095
4.946565
4.8270936
4.952432
4.9536543
5.2796135
5.395119
5.528794
5.7340612
5.7451186
5.796863
5.5859146
5.5496855
5.6981583
5.6156673
5.409545
5.897576
6.081872
6.2489405
6.314165
6.2385926
6.20365
6.355386
6.4649863
6.617634
6.5352535
6.667469
6.605204
6.670932
6.500495
6.4830565
6.327142
6.064967
6.086663
5.8781
5.866852
5.768984
5.658426
5.6512933
5.5579376
5.7298255
5.6526995
5.6657853
5.5908375
5.645545
5.6359015
5.7448406
5.752197
5.74798
5.517182
5.6453514
5.712469
5.8815837
5.8948264
5.9812803
6.036845
6.0994515
6.1623464
6.1751947
6.476845
6.463921
6.339591
6.3448668
6.173472
6.0678296
6.3581047
6.503443
6.466489
6.283767
6.4522247
6.7190056
6.841634
6.9150543
7.009925
7.0787644
6.770069
6.524287
6.2402873
6.1798983
6.1666
6.238312
6.335534
6.537625
6.509138
6.860284
6.6904497
7.075417
7.167092
7.1431775
7.155415
7.1716113
7.4048467
7.562771
7.4782257
7.637131
7.662567
7.681306
7.63181
8.132432
7.959786
8.012569
7.760158
7.727244
7.633874
7.531477
7.463418
7.604418
7.3202524
6.8009634
6.6429157
6.937428
6.854223
6.8532667
6.7902355
6.5956144
6.5789356
6.519435
6.540893
6.554756
6.5831556
6.645531
6.441209
6.088517
6.183522
5.775256
4.5820827
0.4916391
1.7633225
2.30294
1.270177
1.563914
1.6947604
1.7463462
1.1074347
0.74668574
0.59475803
0.6386075
0.6165701
0.6042082
0.56779695
0.54024494
0.75006205
0.6823695
0.6115511
0.47364944
0.5456015
0.7256499
0.66325814
1.9893266
1.9203562
3.0325322
1.1738498
4.233273
4.2669287
4.1131372
4.3350224
4.2742796
4.2429457
4.304483
4.434311
4.462565
4.4622755
4.336375
4.559813
4.5797796
4.620313
4.68546
4.739149
4.585788
4.531328
4.585698
4.659153
4.4821596
4.4580197
4.398914
4.405524
4.7139254
4.967416
4.2346063
6.461263
6.230965
6.0192046
5.759308
5.671569
4.0252295
2.3298366
0.505797
0.6341373
0.6896283
0.50650483
1.1841525
6.476838
5.936169
6.5409536
6.429798
6.6778717
6.681677
6.7535725
7.176032
7.6188645
7.935406
7.9319263
7.80723
7.654334
7.4309855
7.1908083
7.2620964
7.192998
7.2213306
7.2554646
7.2044926
7.138784
7.213583
6.3230224
4.9778633
4.798769
4.348629
4.266229
4.7388024
4.982059
4.8824825
4.7799625
4.6968036
4.1574826
4.2121625
4.8144183
4.785283
4.5331526
4.5957146
4.3887424
4.2679076
4.6958504
5.015138
4.913373
5.5204105
4.8830147
3.0641236
2.792238
2.7268465
3.4155889
2.197923
2.9194877
3.5015445
2.7528741
3.8931577
2.5280278
2.8999338
3.5668254
3.78715
3.6887493
3.4173098
3.391163
4.349163
4.2555118
4.2929873
5.032509
5.2919245
4.628846
0.5151232
0.9398664
1.2215625
0.39328402
0.40200666
0.32272676
0.618535
0.60007656
0.5099624
0.58399296
0.6332814
0.5975795
0.7172919
0.57764757
0.6412862
0.5511488
3.3514435
2.408493
3.7259312
3.8853896
3.4514673
2.4399052
3.3355634
2.253776
3.0428157
2.752412
2.069841
1.8901553
2.3486404
2.1567519
2.6543303
0.15960096
0.16076016
0.19547278
0.1401829
0.16136625
0.24153739
0.19466671
0.18715975
0.14918339
0.22846772
0.307216
0.3546495
0.29815757
0.389641
0.5303847
0.7507707
0.9743695
0.8767568
2.6430733
5.3671803
6.919924
6.976698
6.8972144
6.788691
6.7007837
6.669159
6.611088
6.5672417
6.4519176
6.4573708
6.573087
6.612524
6.521762
6.603071
6.583684
6.5316772
6.537433
6.6456013
6.6939683
6.728048
6.771342
6.789084
6.894418
6.984168
7.203006
7.337709
7.3609705
7.4308558
7.4935894
7.500489
7.527508
7.523349
7.542129
7.4967504
7.4944153
7.530444
7.5354776
7.3953323
7.4699283
7.567854
7.420224
7.580933
7.3589916
7.2962103
7.2080746
7.1202455
7.032815
6.991167
6.9296303
6.9489117
6.8191204
6.7865686
6.7590356
6.665204
6.6691465
6.5273933
6.5428686
6.468796
6.485042
6.482357
6.5554905
6.5750346
6.6339445
6.5648956
6.561273
6.597097
6.522696
6.572726
6.5866246
6.610232
6.678384
6.772921
7.0101614
7.1680007
7.2492185
7.2918744
7.2690997
7.3329897
7.2852755
6.9097295
7.049778
6.9684706
7.1768084
7.11673
7.1387506
6.9524984
6.6981435
6.6227503
6.522695
6.471894
6.417893
6.400087
6.436142
6.3788524
6.3801746
6.3487916
6.291425
6.2263427
6.253529
6.2526617
6.398981
6.4400325
6.6220355
6.7076283
6.9550962
6.9262094
6.904734
6.9360514
7.0203023
6.9661994
7.080079
7.230066
7.154599
7.2056837
7.1508217
7.2445774
7.088076
7.0551558
7.217906
7.2570505
7.298562
7.173974
7.117938
6.996491
6.813654
6.8151245
6.449978
6.4121103
6.1044574
5.826659
5.6093125
5.723694
5.5491652
5.6996155
5.957734
6.208826
6.076094
6.064307
5.9864416
6.053001
5.916063
5.7415824
5.712665
5.84673
5.855083
5.8554535
5.957029
5.9467745
5.929098
5.9350243
5.9679637
5.8470955
5.9361773
6.02397
6.0505495
6.2025547
6.3155203
6.390109
6.4883213
6.5674133
6.668012
6.85426
6.9687424
7.1608562
7.198939
7.5477233
7.6441555
7.541516
7.401888
6.756536
6.256249
6.177663
6.5934973
7.0620155
7.28174
7.0934424
7.6155167
7.6555386
7.7781043
7.671694
7.5073385
7.203889
6.801358
6.4136515
6.012152
5.644558
5.204035
5.242218
5.0539017
4.832649
5.1711187
5.4758425
6.0908995
6.606569
6.880421
6.9999533
6.931038
7.145443
7.127004
7.177759
7.2332196
7.0347786
6.981019
7.1536922
6.80898
6.9101133
6.919585
6.909006
6.716996
6.7350907
6.7087927
6.8418264
7.0680923
7.190216
7.2616973
7.2652493
7.1321893
7.1735864
7.1967316
7.207444
7.078128
7.257962
7.175128
6.837394
6.848734
6.9488406
6.663629
6.525441
6.369615
6.6318808
6.482937
6.68013
7.0437546
6.9745445
6.7682447
6.6354814
6.755254
6.7430325
6.6453485
6.5376587
6.019861
5.5566835
4.9733834
5.7795396
6.543472
6.4595695
5.310754
4.5074215
3.2705772
3.91231
4.049907
4.5096455
3.5728931
2.9538949
4.6848497
5.4350786
5.8131094
6.1621428
6.232506
5.5499325
5.461493
5.7470374
5.8805804
5.3266516
4.8850923
5.1164255
5.2324986
5.1818395
5.1265335
5.062474
4.915736
4.778044
4.591107
4.5257006
4.471285
4.6035595
7.0120487
6.894134
6.839982
6.6022196
6.064518
6.536128
7.1126413
7.0256004
7.2071385
7.0005465
7.265311
7.46468
7.6105576
7.349931
2.992641
2.283196
2.1295443
2.6563392
2.812585
2.8513482
2.0754619
2.2835872
2.0163612
2.37905
2.1926367
2.0561378
2.362079
0.30201235
6.969491
7.062779
6.8582263
6.9254613
5.671272
6.9534235
6.7093387
6.654814
6.456836
6.4373226
6.154539
5.82285
5.7760253
5.7109137
5.9992104
5.925503
5.971722
6.014155
5.974443
5.935274
5.777362
5.470594
5.267275
4.354228
0.31208414
2.0041354
2.0339584
1.1690673
2.1446989
3.5425963
2.2113004
0.434709
4.764757
4.4499044
4.8282866
5.050478
4.8864336
4.3456736
2.2377136
1.0191255
2.2318518
0.24965405
0.22340791
0.2793886
0.4721058
0.47376487
0.4746429
0.40062314
0.3110604
0.28909287
0.40018043
0.25479504
0.8296853
0.67185277
1.0421498
0.22810568
0.21608749
0.23345901
0.31990212
0.30929443
0.32466638
0.27372584
0.3469325
0.3166975
0.2754575
0.22929199
1.0500915
1.0626099
1.7641118
0.26695976
0.208099
0.25537127
0.20320623
0.2634971
0.21040791
0.21221974
0.4918556
0.2462276
2.542293
0.3300233
0.55769724
0.6885828
0.85444444
1.2681568
5.159148
5.717344
6.3611026
6.3324866
6.289998
6.2344465
6.4013
6.359359
6.3397775
6.2908688
6.4090796
6.3908415
6.4791574
6.4700694
6.3933516
6.2250295
6.2305036
6.062605
6.0387697
6.017547
6.1634407
6.3420916
6.5433955
6.5000725
6.487051
6.5206146
6.5127974
6.547938
6.4712696
6.348157
6.2940035
6.4213095
6.413053
6.4301634
6.154643
6.3124084
6.307518
6.2895837
6.26846
6.3066683
6.60592
6.698414
6.731003
6.7575808
7.0481076
6.8307986
6.7804494
6.6221304
6.7197075
6.6043468
6.8133383
6.784926
6.7008543
6.6965027
6.5827303
6.6362476
6.7289534
6.847437
6.944414
6.957563
7.0533
6.866165
6.868827
6.772245
6.6505575
6.652804
6.510291
6.141173
5.6131935
5.541608
5.904029
6.073192
6.1982584
6.048848
6.256123
6.754054
7.296578
7.159684
6.9326153
6.3427
6.068791
6.1794634
5.948712
5.943093
6.4026785
6.5649805
6.6990485
6.6451983
6.677037
6.7030334
6.4989367
6.533282
6.316567
6.3523035
6.311904
6.413068
6.713745
6.79715
6.7786493
6.5675025
6.444749
6.6430435
6.8669047
6.900437
6.9148726
7.1617002
6.4147367
5.901921
6.165083
6.303297
6.08832
5.7703414
5.3004127
4.35919
2.7785974
2.7442176
2.4097416
2.328141
2.252717
2.3596737
2.6443267
2.8485694
2.5565083
3.575401
3.4038475
2.8916922
2.8585882
3.441842
2.9970288
2.873012
6.4425673
7.1671014
7.470169
7.680919
7.510539
7.458011
7.4123554
7.2838316
7.6410375
7.401968
6.9912415
6.9037247
6.9959197
6.9176064
7.092922
7.207661
7.054493
6.820632
6.6405954
6.752286
6.8088393
6.7649302
6.4967246
6.4951344
6.1140575
6.141125
5.868515
5.571341
5.209672
4.8751364
4.8352957
4.703121
4.11518
4.153349
4.003092
4.134271
4.194449
3.8758173
3.7669563
2.659717
2.6121216
3.0831106
3.0166855
2.895885
2.8326054
2.8963816
2.653882
1.1096802
2.4965222
4.2651463
1.126782
2.8420463
0.90000445
0.30686474
0.2165779
0.1651781
0.15913074
0.15600261
0.35083562
0.4383833
0.1764616
0.17189251
0.18268648
0.35864162
0.4823225
0.18270974
0.08325544
0.19787173
0.17011736
0.17394507
0.24615611
0.31520808
0.13097374
0.21117201
0.53126013
0.21872604
0.36193785
0.23075926
0.20380694
0.18021081
0.7154497
0.2501442
0.6702724
0.21591607
0.24298766
0.20435971
0.21079071
0.22590455
0.12998953
0.24216843
0.2226688
0.15956306
0.1855665
0.16346227
0.13463917
0.1862598
0.20594274
0.15607898
0.13576302
0.16677226
0.17356262
0.16938806
0.13880798
0.15179792
0.19967195
0.16964388
0.12609082
0.24334696
0.7658655
0.20119412
0.30894047
0.25428656
0.5277256
0.22726691
0.3503893
0.25289118
0.24197231
0.29964963
0.2643171
0.28773302
0.23479035
0.22565489
0.2091253
0.1844318
0.23400642
0.16238813
0.15560612
0.18674542
0.23280749
0.44062436
0.599232
2.492231
1.6945012
1.7312748
4.061494
4.686837
4.5039587
4.4391956
4.385551
4.3379345
4.311037
4.2044134
4.171152
4.1943836
4.022961
4.0561633
4.1565576
4.2528243
4.0569644
4.009265
4.009206
4.1446147
4.218799
4.141387
4.101962
4.1260796
4.1195655
4.1273336
4.0964613
4.0991116
4.139531
4.095978
4.277242
3.8233056
3.318651
3.5354633
2.4270093
2.542315
4.9394646
4.575872
2.6238565
3.6354508
1.0822154
4.361217
4.7679005
5.2135224
5.6752434
5.877802
6.032284
6.2511578
6.3316174
6.294067
5.873961
5.4597673
5.3783774
5.4480724
5.8953533
6.026431
6.0591526
6.1286817
6.1458397
6.3144064
6.400522
6.131992
5.974799
5.878225
5.9520607
6.2485385
6.4658127
6.6212435
6.8267565
7.05158
7.004033
6.969974
7.1039534
7.1060023
7.1627116
7.174324
7.1355896
7.170782
7.202733
7.1669693
7.003347
6.8008485
6.654602
6.5597367
6.627757
6.4690313
6.844135
6.765198
6.8815365
7.0721436
7.0768657
7.125448
6.853976
6.7377605
6.7150955
6.6834297
6.6824365
6.819355
6.991989
6.781625
6.679274
6.692212
6.7635727
6.6328115
6.6139574
6.36608
5.882324
5.4005117
4.998915
4.569224
1.0338111
0.8744914
0.99383366
1.0963094
1.0126342
1.106348
1.193353
1.045323
0.8489816
1.1872008
1.2876133
1.3597351
1.5521896
1.6103518
3.257497
2.7731316
2.0615218
2.2872298
3.2617483
3.409948
1.5907991
1.7100552
3.5895476
3.690187
2.186089
3.6169317
3.042748
4.016173
4.2092066
4.103511
4.631176
3.2292159
3.214313
2.2099407
3.2230628
3.3241887
3.850644
3.192443
3.542232
3.7917426
3.8117044
3.9018414
3.5108883
3.670826
3.683115
3.6543093
3.2480347
3.260581
3.1384778
3.100203
3.2357311
3.4210532
3.2478874
3.3047388
3.2486172
3.2694077
3.3291996
3.1542351
3.4563227
3.633384
3.878727
3.8517218
4.076637
4.4025097
4.748482
5.1437798
5.412592
5.360091
5.4794955
5.720227
5.465627
5.3037996
5.202056
5.125508
5.659838
5.9864664
6.092494
6.432328
6.4936266
6.379154
6.2505016
6.0749803
5.8489943
5.6477566
5.562397
5.516377
5.3467298
5.311131
5.20196
5.5217485
5.555717
5.575932
5.603413
5.694664
5.879682
5.818727
5.9414697
6.0888515
6.388053
6.5104527
6.689699
6.9285736
6.892849
6.756952
6.5097055
6.619107
6.3936977
5.941915
5.9174776
5.9760585
6.2197647
6.275483
6.19294
6.1790156
6.315985
6.6609974
6.762059
6.720191
6.641715
6.685493
6.580134
6.500961
6.540878
6.612012
6.644935
6.8143167
6.7110033
6.7519016
6.7226753
6.5113206
6.1887417
6.0627556
6.3058147
6.269667
6.3541603
5.7955484
5.699223
5.611138
4.820504
5.703147
5.151882
5.605854
6.291767
6.09292
5.198495
5.5830474
5.7696476
5.814153
6.253111
5.9668036
6.2311435
6.326851
6.4400415
6.950556
6.9593782
7.2923903
7.6567225
7.8265085
7.690318
7.896564
7.919983
8.069746
7.9805727
7.279749
6.5946107
6.528845
6.603525
7.0165477
6.7172594
6.5452137
6.813812
7.012844
7.3271985
7.7300525
7.734775
7.7964716
7.71176
7.5494056
7.363079
6.992876
7.2279005
7.346721
7.347082
7.255609
7.0263724
7.0247307
7.3538055
7.1942034
7.217767
7.317885
7.3566976
7.3186903
7.545419
7.6564674
7.746612
7.808176
7.8213387
7.8052187
7.6314344
7.491233
7.46504
7.4673777
7.32787
7.2184634
7.093846
7.27718
7.2176094
7.2638383
7.3975234
7.533445
7.2280283
6.789903
6.2810597
6.5854945
6.559428
6.6361504
7.1130786
6.958706
6.7799277
6.779272
6.6629996
6.697668
6.5928206
6.746545
6.7282567
6.888353
7.060053
7.07557
6.928993
6.9051704
6.8306074
7.0258937
7.1099715
6.877358
6.7900023
6.6320896
6.874118
7.173828
7.0989146
7.1972094
7.3128657
7.3654957
7.4323735
7.402402
7.5055866
7.301772
7.216147
7.326642
7.2557015
7.110447
7.043452
6.9362397
6.798644
6.6486845
6.6207223
6.714877
6.704973
6.7261715
6.6278124
6.5474167
6.443083
6.329137
6.338133
6.235847
6.1695743
6.191634
6.2827897
6.247756
6.2509975
6.1980157
6.275934
6.170501
6.1464276
6.0193553
6.0797195
5.9389663
5.992343
6.008624
6.021983
5.9389815
5.9877434
5.894323
5.992186
6.031722
6.138271
6.083738
6.064084
6.025646
6.116177
6.287039
6.4219046
6.3463936
6.4271874
6.7164536
6.6731267
6.767064
6.7607985
6.7343416
6.7549877
6.791199
7.0368404
7.309098
7.5193624
7.5211563
7.538705
7.4877763
7.3419676
7.31868
7.597873
7.289756
7.2728796
7.241968
7.094976
7.032903
6.8247514
6.9449406
6.838149
6.793087
6.7775574
6.8477087
6.810919
6.8589287
6.8390064
6.763817
6.7063756
6.545099
6.5026703
6.527832
6.4757094
6.497774
6.4009786
6.402684
6.374176
6.295376
6.4310856
6.4266925
6.3384333
6.5195837
6.7116456
7.0559196
7.092931
7.013456
7.187675
7.2938466
7.3224316
7.367464
7.5639315
7.597892
7.4858694
7.573463
7.4448986
7.901272
7.8242593
7.739847
7.7960196
7.770158
7.5679183
7.171411
6.9260435
6.7753487
6.6790495
6.5591574
6.3686953
6.281804
6.009054
5.956621
5.9306626
5.9345465
5.971283
5.8638973
5.797836
5.783536
5.72758
5.832141
6.004297
5.9023476
6.0844297
6.188017
6.134805
6.1692915
6.2374735
6.32002
6.433432
6.637378
6.774086
7.0734267
7.409886
7.612991
7.8202925
8.0235405
8.112865
8.113551
7.9589167
7.913415
7.963109
7.715085
7.714553
7.615732
7.568594
7.5292935
7.4565954
7.365212
7.2953944
7.4058332
7.435262
7.368985
7.424828
7.5071673
7.310733
7.114231
7.1420755
7.164288
7.131028
7.2192
7.21195
7.172454
7.195255
7.28773
7.453556
7.7535124
7.7087307
7.819675
7.779754
7.8001776
7.740535
7.6935196
7.845281
8.084387
8.1523075
8.216687
8.102392
8.116866
