10000
9.8511505
9.834777
9.782578
9.812406
9.76192
9.796145
9.769922
9.749731
9.728027
9.620703
9.579989
9.557969
9.542392
9.457875
9.4832325
9.416366
9.435967
9.337927
9.245485
9.212638
9.223399
9.252915
9.129723
9.022023
9.120194
9.086432
9.110327
9.016135
8.935704
8.921912
8.812959
8.815256
8.709957
8.710612
8.612625
8.611822
8.503709
8.385298
8.297807
8.352648
8.370878
8.200481
8.099693
8.055515
8.045305
7.891269
7.7724857
7.814763
7.6156807
7.5389814
7.2750583
7.494079
7.326608
7.152876
7.072456
7.007287
6.9899297
6.8531275
6.944154
6.9551253
7.03723
7.003436
6.939082
6.7843566
6.9450874
6.8482285
6.826847
6.851305
6.8888493
6.9573727
6.936126
7.007557
6.9577284
6.948197
6.997325
6.978159
7.1082115
6.9913287
7.060894
6.798157
7.0504584
6.896987
6.9789815
6.8521614
7.0043535
6.845365
6.902947
7.0265203
6.9575496
6.9584866
6.9730043
7.231446
7.4053974
7.399754
7.4907036
7.562598
7.587807
7.8347635
7.949045
8.24276
8.159418
8.207594
8.182027
8.03866
8.0880575
8.238555
8.300389
8.274783
8.231146
8.502655
8.4023075
8.329932
8.299692
8.227019
8.177335
8.122082
8.115594
8.192221
8.135277
8.112391
8.052787
7.974377
7.9109707
8.049897
7.981878
7.975433
7.983378
7.9042077
7.855192
7.780813
7.7483697
7.652966
7.5956693
7.6487904
7.5629783
7.5862255
7.5042496
7.616468
7.5600805
7.5631576
7.609325
7.5907826
7.550303
7.5667133
7.500439
7.5802927
7.5284224
7.558011
7.609459
7.543255
7.503542
7.609645
7.493757
7.4950614
7.416792
7.412148
7.393707
7.415191
7.280926
7.3273325
7.372456
7.336855
7.2995806
7.3935237
7.3211484
7.2611923
7.2610707
7.340755
7.354303
7.338005
7.3717446
7.398917
7.508572
7.5382752
7.318186
7.3887057
7.3032045
7.2736793
7.3167677
7.265753
7.1667457
7.127184
7.1142583
7.1241336
7.033365
7.105106
7.102654
7.0871577
7.1214066
7.0124397
7.1858068
7.0506287
7.0187216
6.917584
6.8718386
6.7942653
6.7783628
6.6738687
6.5295067
6.885114
6.598232
6.6966796
6.555714
6.5695415
6.5589175
6.365027
6.3668685
6.4126425
6.387534
6.2515225
6.336208
6.255637
6.5286746
6.4319735
6.596734
6.223607
6.4619575
6.604164
6.627709
6.6948733
6.5034776
6.6585145
6.5326796
6.8279004
6.6969924
6.7249866
6.48505
6.794486
6.592382
6.7727227
6.734492
6.6922913
6.658495
6.673414
6.7085714
6.6976833
6.6277676
6.5603437
6.6720467
6.7050943
6.568284
6.642543
6.4544787
6.742358
6.6347065
6.850448
6.4775248
6.8606906
6.7910132
6.7334347
6.7401977
6.366424
6.659008
6.5492425
6.555528
6.505155
6.6030636
6.5631
6.755071
6.743754
6.5556293
6.5062637
6.686398
6.6143827
6.716869
6.636626
6.5950317
6.7601686
6.790236
6.6321225
6.7011943
6.681801
6.633874
6.569306
6.67908
6.468074
6.616707
6.8186116
6.683428
6.584141
6.7322264
6.724459
6.6647415
6.64662
6.5365205
6.6344547
6.5119886
6.701176
6.6927433
6.6081715
6.561352
6.568246
6.454973
6.439652
6.6369452
6.281976
6.429126
6.5071654
6.3178196
6.4280095
6.2585044
6.343719
6.4511957
6.1581097
6.31117
6.180129
6.5182266
6.424832
6.426123
6.380329
6.4059563
6.518997
6.47398
6.3786964
6.5364614
6.5990443
6.608964
6.231255
6.677667
6.475513
6.5620856
6.454314
6.5622215
6.36864
6.6164827
6.5516458
6.536046
6.4560113
6.506259
6.441692
6.5468283
6.3598475
6.5755243
6.286794
6.5209002
6.3057904
6.519129
6.5284986
6.356475
6.4044476
6.4281135
6.502177
6.4454894
6.373257
6.288161
6.2879596
6.359147
6.379856
6.3678923
6.3125124
6.4389606
6.3514915
6.355631
6.200261
6.467162
6.4584
6.4940805
6.5378375
6.61103
6.519665
6.5245457
6.5961375
6.5966473
6.6742105
6.921751
6.8479156
6.874314
6.814501
6.8872204
6.8603783
6.8458824
6.887947
6.911016
6.941843
7.126249
6.9443364
7.115895
6.9473205
7.0131707
6.857563
6.9052677
6.932619
6.954963
6.836417
6.7979155
6.9139194
6.966109
6.850081
6.891147
6.8022285
6.8075495
6.8001018
6.704016
6.6800675
6.5885124
6.6320558
6.6437674
6.7192063
6.7026634
6.606151
6.885297
6.586327
6.6941977
6.6625586
6.6636367
6.4949694
6.5989404
6.6477723
6.529648
6.5589633
6.6558166
6.5733385
6.6678367
6.706128
6.7005754
6.7708755
6.7366533
6.6336203
6.6829667
6.651336
6.827996
6.5871325
6.6451817
6.633703
6.6562233
6.6583138
6.7672677
6.60208
6.6455517
6.7299075
6.7892523
6.6395473
6.797221
6.895107
6.8193564
6.715531
6.6345515
6.7005496
7.0111217
6.888404
6.815466
6.8720284
6.965854
6.8291426
6.8885803
6.941314
7.0111914
6.936379
7.1340675
7.024025
6.90043
6.8111467
6.8892813
6.9077063
6.717273
6.796827
6.9288883
6.8869305
6.8823075
6.9016232
6.85303
6.985053
6.7749934
7.014931
6.8165827
6.8422904
6.8968115
6.7188883
6.9378138
6.779316
6.658261
6.90541
6.925018
6.746266
6.824758
6.851491
6.8422956
7.0558877
6.764371
6.8618994
6.8176937
6.936267
6.7160463
6.9345455
6.8192344
6.955831
6.898033
6.971198
6.9676924
6.903742
7.0596743
7.0230336
6.948044
7.0922146
7.0309772
7.1723976
7.288394
7.0069532
7.408155
7.3022814
7.2692046
7.2283173
7.324689
7.184551
7.2791924
7.1788073
7.3960514
7.378168
7.4543557
7.4154606
7.4337997
7.3434258
7.1625824
7.206652
7.1148577
7.3481407
7.3887115
7.4046226
7.2389154
7.146108
7.205427
7.3832464
7.1233144
7.1530113
7.141057
7.1039076
6.92734
6.9893394
6.987212
6.983072
7.000313
7.052446
6.9956903
7.156547
6.9201283
6.9336143
6.9256215
6.933285
7.0479164
6.968277
6.905565
6.9273887
6.9002323
6.9323487
6.9848256
6.932477
6.9935136
7.01225
6.9159446
6.877146
6.783889
6.9275036
7.021886
6.960068
6.8568187
6.8491516
6.873974
6.8059134
7.023214
6.976781
7.1620846
6.9855523
7.05943
7.172688
7.117074
7.084336
6.9840565
7.0516496
7.081856
7.133219
7.246179
7.2531333
7.4447136
7.2477016
7.385886
7.38811
7.348056
7.3549666
7.306961
7.2952213
7.4084363
7.407219
7.3240805
7.1349263
7.140264
7.348747
7.3269496
7.386066
7.3014207
7.3528337
7.167405
7.154195
7.3115263
7.2287064
7.327611
7.3202477
7.2325873
6.8604712
6.957321
7.0647845
6.9903274
7.0710015
7.042184
6.949784
6.856211
6.7020097
6.8624487
6.8348594
6.7967515
6.854108
6.842979
6.716636
6.9649367
6.8804054
6.7631817
6.8924365
6.9221582
6.867422
6.8756685
6.750001
7.0340586
6.8797755
6.842782
6.8998976
6.9315333
6.935755
7.0191703
6.7884626
7.026791
6.9332333
7.0574355
6.8728156
6.9653935
6.949018
7.072982
6.8139896
7.2045717
7.198939
6.8946376
7.1456637
7.285034
7.214945
7.18039
7.1903687
7.2219014
7.0842924
7.2787523
7.461212
7.2996225
7.3470774
7.334878
7.2516265
7.4111176
7.562929
7.238182
7.414886
7.379905
7.461579
7.1681685
7.387059
7.4742894
7.2105722
7.400641
7.0926943
7.2982903
7.2424746
7.1140566
7.238614
7.4234314
7.225811
6.9695287
7.27741
7.1752954
7.069743
7.024984
7.069898
6.848375
7.0679307
6.9176483
6.945851
6.91378
6.8493657
6.6752405
6.8352075
6.7847323
6.6673765
6.852968
6.908759
6.822324
6.8256955
6.6718616
6.895079
7.0389867
6.9423394
6.895693
6.9024115
6.7002788
6.9331427
6.9757576
6.8877254
6.933169
6.7963405
7.045502
6.905897
7.0414257
6.802535
7.034432
6.9754896
6.8580446
6.9868526
6.8923764
7.0447135
7.052372
7.0256968
7.0992293
6.929252
7.1801386
6.9961505
7.2298813
7.1912327
7.043307
7.12803
7.067063
7.081236
7.3984585
7.0413494
7.394638
7.085925
7.394379
7.3293343
7.369886
7.4510126
7.184352
7.3205814
7.29696
7.224059
7.314758
7.227781
7.147295
7.1639557
7.219093
7.1032495
7.0997725
7.137274
7.1497293
7.216674
7.2247286
7.150959
7.2114964
7.0298996
7.118914
6.9387836
7.1144223
6.9217253
7.051463
6.9409704
6.9824176
6.864597
6.8616996
6.8134427
6.645631
6.711896
6.7460012
6.8812957
6.91623
6.884622
6.7420306
6.8368616
7.0856943
6.868598
7.175079
7.16279
7.1122074
7.1094255
6.847866
6.5628257
6.4609733
6.637058
6.6050377
6.1914034
6.006914
5.75697
5.2556267
5.391477
4.853677
4.613301
4.472682
3.7378266
3.5006325
3.705687
3.408417
3.0294123
4.237172
4.04096
4.0995984
4.129013
3.9629402
3.8284216
3.9609084
3.9301798
3.8431253
3.9161634
3.9784627
4.1662607
3.9593654
3.8394165
4.3063498
4.3188167
4.1121907
4.2321353
4.100813
4.1398067
3.960815
3.9416614
3.3788397
3.0885952
3.9582274
3.4023747
3.161361
4.013273
3.1518629
3.8964133
3.1948352
3.919106
4.210439
4.014331
3.7144804
3.5124846
3.8037448
3.7335598
3.3051028
3.1824903
3.8987818
6.703721
6.830765
6.678237
7.124985
7.1589303
6.966434
7.1390805
7.255383
7.0874295
7.0878882
7.154096
7.0049973
7.1898813
7.0306735
7.199901
7.089793
7.055574
7.143024
7.17434
7.129583
6.949723
7.106215
6.7824774
7.049906
7.204732
7.0990667
7.1100774
7.402868
7.2218914
7.3919888
7.2144713
7.3193564
7.3958545
7.3158064
7.1532927
7.6039658
7.4638286
7.4495463
7.590034
7.609515
7.5738335
7.5184255
7.621268
7.544967
7.4396772
7.4923887
7.5240397
7.4835668
7.4023
7.6832933
7.4594417
7.6004643
7.533333
7.6213093
7.3147097
7.546558
7.436474
7.3698945
7.358088
7.4812346
7.2603965
7.475761
7.1954284
7.225798
7.2450504
7.4229965
7.315388
7.2764144
7.2758822
7.3016458
7.270048
7.406756
7.3772364
7.3677177
7.2372503
7.2973814
7.4463882
7.494552
7.542546
7.365281
7.5972366
7.377029
7.5148373
7.4418674
7.555646
7.56978
7.5241523
7.477616
7.553168
7.468974
7.4670744
7.5667152
7.4928637
7.648321
7.5767183
7.550722
7.717642
7.7635965
7.7395797
7.6219773
7.8276296
7.821315
7.8160353
7.728237
7.6863713
7.620401
7.724631
7.6205497
7.428196
7.338624
7.6589584
7.4934134
7.356457
7.4494896
7.3212748
7.415081
7.511402
7.401231
7.21268
7.363912
7.2466965
7.3095007
7.2072935
7.3484507
7.2916102
7.077008
7.4626956
7.214178
7.385268
7.3462954
7.289701
7.450113
7.3828998
7.2837915
7.242276
7.4498205
7.2297773
7.2752357
7.409599
7.5111823
7.312482
7.464593
7.634334
7.425892
7.596654
7.5253496
7.7452636
7.530361
7.532372
7.5123487
7.6201377
7.6755733
7.871652
7.685961
7.7606516
7.6803875
7.761649
7.906213
7.73632
7.945568
7.7127743
7.5955977
7.4989967
7.663949
7.406825
7.767112
7.6548367
7.6513143
7.73884
7.585316
7.636452
7.546332
7.5171947
7.562232
7.2986016
7.3841295
7.368807
7.4418507
7.415984
7.4624553
7.513883
7.4605803
7.5945306
7.513464
7.8097506
7.4641194
7.5004244
7.5066986
7.567188
7.6188693
7.6119514
7.6422267
7.7933083
7.69564
7.9108353
7.8704853
7.9365067
7.8613377
7.7516994
7.695257
7.826576
7.8626747
7.795361
7.9765306
7.8668323
7.892786
7.7654963
7.6560907
7.8688498
7.739821
7.758207
7.71933
7.750947
7.777272
7.6560435
7.6610055
7.6269217
7.5247426
7.618558
7.536934
7.371587
7.4310102
7.469758
7.3431396
7.500455
7.4268823
7.249767
7.4571705
7.47826
7.464403
7.424453
7.2141743
7.2977486
7.5364256
7.4454193
7.3663135
7.354311
7.7708516
7.6071663
7.8377047
7.6678896
7.737234
7.75053
7.8681893
7.787356
7.8667493
7.8531218
7.9572625
7.8672867
7.914914
7.7464514
7.6784544
7.7731137
7.753545
7.475157
7.6642237
7.55875
7.6232257
7.627056
7.419776
7.523154
7.439073
7.431796
7.4403944
7.4617715
7.418824
7.3670926
7.528786
7.569461
7.3799505
7.2530823
7.401947
7.4241905
7.4300084
7.28605
7.5190067
7.2529163
7.593924
7.350728
7.3583894
7.672851
7.754498
7.5649114
7.554557
7.7798233
7.998477
7.9668665
8.010035
7.923316
7.888199
7.882375
7.823229
7.874648
7.9965935
7.8415313
7.9181232
7.71017
7.754066
7.6574216
7.691946
7.563057
7.4444685
7.4587927
7.452843
7.5088596
7.4103913
7.319506
7.256732
7.3067446
7.3493924
7.249731
7.364136
7.226742
7.3436475
7.182788
7.427795
7.41992
7.332006
7.258537
7.409395
7.3470864
7.56331
7.6429996
7.6206245
7.625267
7.68845
7.660073
7.58547
7.8145404
7.580181
7.584464
7.779746
7.6838164
7.5990553
7.692543
7.5182757
7.670072
7.5515084
7.4754014
7.2422004
7.2330275
7.100212
7.037833
6.9113855
7.0928044
7.115678
7.143843
7.0249977
6.7998543
7.0086308
7.1240907
6.959016
7.084953
7.3817954
7.1495185
7.3191643
7.3252254
7.3517714
7.373037
7.4916496
7.4389706
7.5316906
7.4871006
7.2706156
7.5580416
7.422597
7.6325045
7.67664
7.5993824
7.73089
7.5142326
7.490411
7.482137
7.8362584
7.5775123
7.473188
7.445671
7.238914
7.4954615
7.1707044
7.0550814
7.1664944
7.1072764
6.872791
7.296314
7.0133038
6.664791
6.946545
7.0569777
6.9890237
6.8770943
6.8710475
6.9593863
6.932465
6.975405
6.972088
7.0985737
7.047791
7.394005
7.2191763
7.410302
7.1507044
7.5538044
7.3024707
7.642408
7.532927
7.500306
7.549407
7.8778434
7.0461216
7.292947
7.307738
7.154269
7.327149
7.1710677
6.991497
7.004381
6.9703565
7.067424
7.2208433
6.9607077
7.026744
6.9038844
6.6952133
6.881112
7.0417385
6.8914714
6.8512363
6.7394867
7.0062037
6.894445
6.7770267
7.0579634
7.1824255
7.126238
7.3216
6.6746078
6.9321485
6.9476027
7.0520267
7.0037036
7.2318444
7.342506
7.292589
7.444717
7.655897
7.274391
7.526101
7.2344103
7.45842
7.3956814
7.423333
7.487719
7.152212
7.2515
7.2004476
7.286359
7.3470397
7.1041737
7.110632
6.957245
6.7039294
6.712255
6.8225856
6.8694687
6.801551
6.738362
6.719751
6.552516
6.6629333
6.578798
6.6428504
6.659207
6.897382
7.0082927
6.946435
7.0166817
7.0524554
7.0837173
7.0591083
6.9223614
7.1239333
7.023218
7.1266494
7.042689
7.034895
7.0386043
6.8523893
6.80869
6.8840566
6.8192616
6.7302017
6.6284323
6.9659
6.678239
6.651885
6.4396057
6.642542
6.5102267
6.334245
6.49047
6.39647
6.543042
6.583446
6.38649
6.540965
6.577405
6.6027365
6.6701717
6.7548456
6.6844025
6.9306407
6.808876
6.921692
7.05917
6.9678264
7.0662746
6.611732
6.677699
6.6939044
6.5497246
6.549829
6.661861
6.8069696
6.602446
6.640209
6.727044
6.51784
6.3262186
6.411893
6.409603
6.3287745
6.2695484
6.214166
6.3049717
6.1452985
6.1297436
6.170934
6.11079
6.254261
6.2868776
6.0574393
6.2868886
6.449621
6.021371
6.2865515
6.037859
6.212928
6.1108537
6.1221986
6.289112
6.2272024
6.281211
6.3056426
6.377665
6.2333794
6.3439007
6.302632
6.4381576
6.0279045
6.371507
6.174106
6.0977373
6.1416187
6.3838053
6.1144314
6.240532
6.1635747
6.309116
6.187819
6.197007
6.2743807
6.266283
6.0945535
6.0070605
6.178584
6.0205097
5.866391
5.9275064
6.1289897
5.8267546
5.9070864
6.0677166
5.991925
5.723669
5.74568
5.791828
5.7604876
5.988817
5.7845135
5.761041
5.9242163
5.9552417
5.838001
6.0677032
6.3300147
6.062384
6.0549817
6.2310295
6.128397
6.125927
6.2007103
6.144363
6.048669
5.9598494
6.270499
6.2075815
6.2386117
6.345032
6.5322676
6.2920327
6.178321
6.275033
6.2865467
6.4534717
6.4382043
6.4850726
6.4670954
6.4957447
6.501536
6.4706626
6.421583
6.4378715
6.381523
6.4949512
6.3880153
6.3412495
6.529822
6.4456406
6.42732
6.3999357
6.213103
6.5301776
6.3482714
6.6071773
6.4800277
6.414228
6.465871
6.445286
6.5306735
6.4158883
6.556779
6.266864
6.215441
6.158261
6.094796
6.408149
6.4217243
6.6191864
6.385835
6.457857
6.507288
6.3629003
6.465466
6.5226774
6.5118065
6.2698593
6.387825
6.351964
6.422504
6.576461
6.2825627
6.2977495
6.2784133
6.5809107
6.665379
6.541715
6.6904187
6.5622168
6.478901
6.4319854
6.514496
6.57157
6.439752
6.864939
6.882561
6.8661337
6.733835
6.7219944
6.7682977
6.527708
6.768183
6.5696106
6.859256
6.3933353
6.4296613
6.5237255
6.4449053
6.470233
6.3371553
6.497637
6.49591
6.4975243
6.386003
6.615214
6.494258
6.5978293
6.5961924
6.501517
6.5785933
6.397679
6.746356
6.5159454
6.595827
6.748291
6.8932695
6.6967998
6.831082
6.669911
6.7553544
6.9108434
6.8800154
6.942294
6.824218
6.6832685
6.877792
6.760873
6.911027
6.8013783
6.95994
6.845963
6.778973
6.7729793
6.678772
6.635022
6.7725916
6.6365776
6.73171
6.4899163
6.652989
7.0385056
6.6907444
6.826317
7.040169
6.815298
6.9233923
6.727474
6.857821
6.704587
6.826315
6.941795
6.896562
6.7375946
6.83332
6.787208
6.6205516
6.3911076
6.4450965
6.3243117
6.5549417
6.576067
6.62038
6.641862
6.6326485
6.4128013
6.5349627
6.4644074
6.4006553
6.390275
6.1861315
5.984769
5.9722323
5.891974
6.1005635
6.0510793
6.305687
5.9313555
6.0391707
6.1213865
6.0488925
6.0267506
5.8234406
6.071531
6.0747485
6.0683074
6.0526376
6.2381034
5.918243
6.125712
5.983039
5.967123
5.985186
6.027171
6.0211477
6.1581326
6.047836
6.3192883
6.011755
6.256139
6.1149254
6.220645
6.0870852
6.1927476
6.1532407
5.966852
6.056356
6.246275
6.0803986
6.034159
5.9542313
6.0210752
5.8899746
5.935354
6.0646935
6.0091147
5.9302435
5.9707656
5.8709836
5.871304
5.8898525
5.826426
5.8047724
5.956771
5.6981945
5.8046284
5.7751336
5.652162
5.817415
5.958259
5.7493324
5.76758
5.899213
5.6251802
5.884716
5.831463
5.733589
5.847788
5.8469114
6.061113
5.9877586
5.896781
5.749621
5.6468396
5.8035765
5.8290997
5.7891903
5.74211
5.7890167
5.981845
5.8649106
5.949166
5.8093204
5.976265
5.9085183
5.9708004
5.8753657
5.7272153
5.759337
5.8013654
5.9925723
5.7913413
5.9687233
6.057625
6.1356077
6.062144
5.9454775
6.000854
5.871621
5.709237
6.0813017
6.036933
5.950591
5.773143
6.146033
5.9713473
6.1541386
5.8374605
5.81883
6.112684
5.8720436
5.961436
5.6622586
5.911146
6.223708
6.0516057
6.0844107
5.943681
6.1694064
6.084466
5.938101
5.82568
5.960111
6.031044
5.844103
6.0034766
6.08455
5.970292
6.044007
5.829337
5.8919764
5.866441
6.0540404
5.793929
5.7897663
5.841998
5.896002
5.6383247
5.7450438
5.9743104
5.794782
6.017213
5.7048283
5.5977254
5.9562826
5.7854185
5.8606176
5.885023
5.750409
5.851619
6.0493517
5.870096
5.9527926
5.617401
6.074085
5.800537
5.5918527
5.696534
5.74802
5.7612705
5.6040874
5.800408
5.628879
5.6457233
5.382081
5.6079893
5.310729
5.7109575
5.5481133
5.486976
5.397545
5.296108
5.6962814
5.269864
5.5566373
5.4319263
5.4696083
5.37378
5.516612
5.5238447
5.526851
5.222537
5.614607
5.298397
5.5137115
5.4195232
5.4835324
5.6312513
5.658822
5.5037255
5.5515413
5.540704
5.660836
5.4653873
5.464384
5.530274
5.6247272
5.3991175
5.8934846
5.3772216
5.266757
5.407968
5.5493994
5.406294
5.297289
5.5006275
5.4149995
5.5803547
5.2450705
5.377974
5.4063587
5.5747886
5.5049663
5.113599
5.452573
5.484926
5.353804
5.510083
5.592046
5.5416274
5.4401274
5.192844
5.8867974
5.662974
5.5531526
5.7617965
5.2693996
5.6963577
5.595599
5.515878
5.6620007
5.4572916
5.6345673
5.25257
5.2742786
5.617798
5.379132
5.62914
5.183025
5.120598
5.5842133
5.494629
5.4746323
5.432557
5.179828
5.5050793
5.438829
5.420293
5.297084
5.1270585
5.331498
5.289599
5.4457283
5.2872105
5.222563
5.2529287
5.1489725
5.0863967
5.2414837
5.2911677
5.254282
5.3322735
5.40436
5.2227435
5.2609034
5.1897955
5.1742926
5.3154063
5.3966804
5.2856913
5.3386436
5.1725183
5.101005
5.306199
5.3797
5.233398
5.2108893
5.136674
5.242466
5.1065392
5.011731
4.991436
5.2425547
5.269881
5.29593
5.0166893
