10000
8.855925
8.894522
8.842512
8.898587
8.876266
8.818639
8.897623
8.863003
8.824477
8.865965
9.019688
9.002464
9.009519
9.023256
9.070306
8.941676
8.815331
8.837641
8.878685
8.887012
8.89477
8.971702
9.032063
9.059419
9.0974
9.073157
9.134813
9.136303
9.157341
9.156444
9.135529
9.143045
9.054917
9.007448
8.942007
8.964034
8.935296
9.023968
9.00778
9.04377
9.060867
9.128103
9.135676
9.127192
9.068688
9.139687
9.132026
9.06319
9.007679
8.935916
8.90552
8.902407
8.962897
9.05513
9.091387
9.189315
9.191882
9.193496
9.202212
9.152608
9.094902
9.039874
8.9852295
8.968887
8.978762
9.048559
9.022432
9.0541525
9.029931
9.042386
9.002441
9.062552
9.02754
9.062149
9.04587
8.999342
8.993869
8.949216
8.966642
8.931801
8.784878
8.762955
8.7700615
8.805954
8.760654
8.783473
8.860563
8.82933
8.874748
8.789043
8.877847
8.873372
8.934473
8.881399
8.913094
8.911775
8.921003
8.942304
8.851841
8.837885
8.839083
8.810007
8.795844
8.819386
8.821524
8.81052
8.814131
8.868125
8.783412
8.867227
8.827831
8.930559
8.887432
8.870677
8.860879
8.851772
8.871677
8.858451
8.920183
8.942293
8.813359
8.876251
8.816049
8.839981
8.915874
8.827238
8.840492
8.835609
8.828819
8.899776
8.851951
8.9405365
8.922427
8.918554
8.873632
8.837209
8.853264
8.810194
8.868844
8.891921
8.970707
8.925608
8.89366
8.827148
8.850313
8.750453
8.778215
8.734157
8.719488
8.70932
8.698684
8.759759
8.669928
8.800426
8.712626
8.771016
8.724002
8.685224
8.606507
8.546899
8.493783
8.4119
8.416206
8.420818
8.610739
8.564964
8.521005
8.507247
8.448598
8.350358
8.282508
8.249126
8.124141
8.148713
8.001355
8.026135
7.896625
7.8699255
7.757572
7.6591473
7.3286214
7.1149373
6.784612
6.4439735
6.031232
5.4215617
4.9192905
4.40752
4.360299
4.5124474
4.698307
5.128105
5.32252
5.5718374
5.6679893
5.8242445
6.219268
6.443817
6.6429586
6.8984604
6.9582543
7.143725
7.292517
7.3628364
7.5405264
7.544252
7.479253
7.4819317
7.622674
7.66722
7.857447
8.070494
8.109886
8.038745
8.104226
8.14044
8.069603
8.074015
7.9273453
8.003807
7.8789973
7.9084516
7.9263344
7.9384475
7.91153
7.9737043
7.9825172
7.9958677
7.9743953
8.026899
7.9564652
8.104603
7.947204
8.071242
8.001001
8.005407
7.9766607
8.066349
8.088207
8.053691
8.025608
7.99541
8.107663
8.072361
8.101861
7.998183
8.042216
7.978229
7.9795513
7.9951572
8.003101
8.015849
7.9501967
8.07153
8.103015
8.092514
8.096938
8.108939
8.110271
8.108076
8.245991
8.237891
8.238506
8.260468
8.2543745
8.266086
8.272633
8.261518
8.279913
8.251525
8.300958
8.3553
8.347105
8.350718
8.313888
8.350556
8.320014
8.354021
8.310337
8.325334
8.316654
8.317632
8.333616
8.342085
8.3323
8.3628235
8.358388
8.396642
8.312083
8.378988
8.421546
8.466295
8.535155
8.483926
8.503574
8.426226
8.351435
8.282132
8.374681
8.380856
8.467222
8.454294
8.487368
8.476199
8.4934635
8.503545
8.480709
8.474652
8.468167
8.45257
8.457873
8.483736
8.4812355
8.44988
8.47988
8.473792
8.449305
8.438095
8.43366
8.39584
8.351042
8.297236
8.275702
8.277517
8.250803
8.337872
8.309273
8.382882
8.316435
8.382719
8.334608
8.399707
8.423463
8.377552
8.453181
8.412008
8.489692
8.389006
8.415692
8.380858
8.3758955
8.36587
8.38017
8.375167
8.408758
8.415041
8.397668
8.437926
8.34514
8.278355
8.398332
8.329412
8.330005
8.255625
8.274432
8.245147
8.266266
8.2884
8.276444
8.305453
8.277042
8.2573
8.272471
8.253806
8.289535
8.284339
8.260363
8.232658
8.23317
8.373134
8.440319
8.514791
8.522304
8.47866
8.472455
8.505042
8.4317465
8.463401
8.452885
8.459425
8.469259
8.417674
8.461772
8.327649
8.386108
8.285405
8.274441
8.25612
8.259669
8.240879
8.246053
8.235369
8.2216425
8.259074
8.204038
8.307554
8.186564
8.295067
8.1944475
8.259965
8.227953
8.25552
8.214087
8.263325
8.187183
8.306013
8.170117
8.320061
8.26717
8.400265
8.256271
8.347918
8.271468
8.2963505
8.281218
8.312699
8.298525
8.424083
8.334824
8.376486
8.349461
8.488115
8.357441
8.491147
8.359103
8.410155
8.239455
8.234944
8.044789
8.1934
8.12415
8.314503
8.4069
8.535477
8.445681
8.551667
8.453596
8.556347
8.448183
8.5521965
8.40363
8.384777
8.146416
8.185316
8.0859995
8.161761
8.119447
8.241144
8.171568
8.3479395
8.210203
8.363776
8.184158
8.22152
7.975302
8.038959
8.013893
8.100597
7.942539
8.028812
7.9474173
7.850626
7.968358
8.009403
7.9185057
7.9238834
7.917539
7.9704275
7.8928475
8.011991
8.002464
8.048204
8.003696
8.0125885
7.9837966
8.130899
8.074685
8.167569
8.221116
8.201483
8.122106
8.07916
8.103344
8.123568
8.085463
8.036472
8.121899
8.159696
8.157804
8.121778
8.091701
8.179125
8.242824
8.156977
8.274894
7.9132557
7.861063
7.6440744
7.478136
7.5015993
7.3609285
7.0942545
7.124117
7.0982604
7.029148
7.0264807
6.968832
6.827388
6.6628833
6.331012
6.249215
6.390168
6.2112403
6.0578322
5.7936215
5.513906
5.2180185
5.2349524
5.0526576
4.8520966
5.140875
4.6752167
4.6127634
5.0102825
5.2123604
5.7571034
5.4742975
5.2522807
5.1220536
5.0554132
5.495319
5.467787
5.425146
5.0002446
4.4940023
4.835819
5.337043
5.401102
5.0775
5.3170958
4.7859745
4.722522
4.9699407
5.034968
4.9921856
4.7791595
4.183561
4.3239365
4.3378906
4.0401287
4.289494
5.1414
5.255805
6.0454164
6.660367
6.864945
7.3147373
6.9149866
6.2014484
5.878191
5.3335843
5.305544
5.466114
6.582845
6.950287
7.691677
7.418464
6.905235
7.1492596
6.0643916
6.947325
6.963357
7.3822556
7.39376
6.929787
6.9272337
7.2238717
6.7662225
6.97157
7.1430597
7.6601906
8.05126
7.718322
7.7688656
7.8391705
7.5712023
6.5828857
7.3099484
7.5854607
7.497237
7.6199017
7.2308517
6.8021154
6.023764
4.6539736
3.8664389
4.374655
3.9124386
3.5434213
3.6555903
3.5673895
3.5923705
3.4893122
3.506733
3.6145077
3.461804
3.3847837
3.383422
3.4031076
3.4810677
3.7612007
3.9220247
3.7475555
3.4786546
3.5494502
3.4913383
3.6175432
3.6678464
3.6829815
3.6281176
3.9989433
3.709771
3.58622
3.5665517
3.6775575
3.5862985
3.5500526
3.5228767
3.5309684
3.554739
3.8614361
3.886699
3.7151313
3.9672246
4.3428407
3.9247096
3.9223678
3.9136684
3.9073505
3.778973
3.6853886
3.577002
3.6769106
3.582984
3.6213303
3.6884599
3.6575432
3.6602097
3.751628
3.6714652
3.614781
3.6083918
3.7330897
3.5427568
3.1962397
3.5067515
3.0496283
3.0790243
3.089444
3.0232244
3.202677
3.206586
3.0732017
3.2639596
3.7650325
4.0435543
3.6659842
2.9714804
2.8766882
2.8679984
2.8478603
2.8555484
2.9947176
3.029718
2.967774
3.060699
3.1799798
3.2511084
3.4188554
3.2556868
3.1359496
3.1673098
3.3211668
3.1828377
3.1436996
3.2474527
3.2628543
3.510055
3.2328362
3.201307
3.1846886
3.2110398
3.1784074
3.2028894
3.3805985
3.5666134
3.3652406
3.6127431
3.7273262
3.6397834
3.6101418
3.5359218
3.6288955
3.6569066
3.6458998
3.5966957
3.6234586
3.5997066
3.678835
3.631073
3.701571
3.8517394
3.769095
4.0407405
4.34791
4.3416767
3.9654303
3.987734
4.0435767
4.276834
4.881231
4.3164244
4.1761727
4.5383406
4.7163324
4.224261
4.312397
4.3001637
4.2804546
5.0380497
4.722145
4.3320045
4.261195
4.141963
4.0642047
3.955979
3.9219942
4.322998
4.8555064
4.6957273
4.4448977
4.2739706
4.3342495
4.286406
4.0186987
3.9501505
4.185579
4.18473
4.7091374
4.4920635
4.4199476
4.423849
4.075029
4.188976
4.1453967
3.773857
4.0079765
4.0690594
4.1112275
4.4219527
4.4880695
4.6054173
4.420945
4.8671703
4.9803815
4.7743382
4.551017
4.667761
4.8309245
4.884497
4.9316387
4.780318
4.612115
4.250925
4.1163864
4.215886
4.3288193
4.244098
4.184867
4.155203
4.136363
4.184633
4.114071
4.133514
4.0954447
4.0392637
3.8759828
4.1201386
4.1523824
4.057975
4.107341
4.0827203
4.0451636
4.042645
4.067727
4.0420866
4.053931
4.031353
4.0280676
4.0927954
4.03176
3.9824593
4.0582223
4.085881
4.079815
4.0875187
4.0770907
4.0636024
4.0596476
4.096348
4.034091
3.9422016
3.7331262
3.752994
3.900014
4.027931
4.137076
4.0265985
4.2896137
4.5828824
4.565614
4.611365
4.5918636
4.4867096
4.336486
4.407569
4.131607
4.228127
4.0880523
4.011791
4.052881
4.0762877
3.9488635
3.9560854
3.9465961
3.9645863
4.005187
3.990035
4.011765
3.9797134
3.9619145
3.9434104
3.9851341
4.027178
3.961707
3.9346619
3.9513128
3.930202
3.8734245
3.9945245
4.0589895
4.107853
4.073846
4.1042714
4.012041
4.0295286
4.0961895
4.091332
4.065915
3.9614275
3.9516487
3.9880447
3.9853299
3.9345884
4.004156
3.871373
3.921256
3.9713523
3.9266224
3.897172
3.9190488
3.9826093
3.9523563
3.8506632
3.921058
3.900267
3.94795
3.946548
3.9492853
3.8900752
4.0025625
3.9445887
3.9496999
3.9939127
3.981462
3.992749
3.9979634
3.9971354
4.0123215
4.034324
4.0229483
3.9631996
4.0173144
4.026442
4.0487266
4.040867
4.026584
4.047476
4.0392394
3.9309027
4.001078
4.096694
4.0447965
4.0464573
4.018396
3.999517
3.9940739
4.0820417
4.0702477
4.0923767
4.12183
4.046314
4.125841
4.0339727
4.107148
4.0156174
4.009703
4.0151863
4.0423126
4.039763
4.1047645
4.000304
4.026704
4.020376
3.9586387
4.107793
4.1848536
4.0886483
4.2049675
4.1923413
4.1631117
4.3354692
4.3478165
4.460729
4.5454707
4.50958
4.574022
4.520292
4.4292965
4.350347
4.128456
4.032126
4.1853285
4.205005
4.200069
4.337825
4.376971
4.4259725
4.563788
4.6137595
4.629158
4.686122
4.5521646
4.594997
4.3184686
4.550037
4.620529
4.411016
4.244894
3.9785876
4.1369634
4.0961537
4.3868647
4.4389415
4.515463
4.511045
4.525975
4.4854803
4.480082
4.441669
4.1765165
4.214464
4.169092
4.2349067
4.6811614
5.0633044
5.102333
5.247837
4.9199643
4.5770664
4.6534367
4.1502714
4.270103
4.3570414
4.4824047
5.0390086
5.398218
5.401314
5.675338
5.343563
5.0973754
4.813992
4.561589
4.4124246
4.439673
4.8846264
5.145529
5.1853013
5.6492043
5.719289
5.525414
5.257657
5.231378
4.9236603
4.716804
4.463869
4.400185
4.312611
4.8487606
4.8787603
4.9493084
4.9839835
4.4637923
4.3403196
4.268076
4.1121454
4.2747164
4.29412
4.16521
4.0762997
4.0014653
4.1947045
4.162458
4.0916576
4.033293
4.030504
3.6715388
3.7135677
3.5676265
3.390893
3.2978933
3.3515873
3.3504207
5.4914308
5.332454
5.3003464
5.2043514
4.9635715
5.233056
4.9654827
5.0573545
4.859579
4.78767
4.7130904
4.709062
4.8248916
4.7238374
4.8080063
4.7309895
4.703145
4.7113857
4.6411266
4.6409655
4.584482
4.733906
4.854803
4.598734
4.5052695
4.668332
4.630435
4.7583666
4.525629
4.6618958
4.758073
4.8919334
4.9098935
4.953949
4.9744167
4.882512
4.81484
4.8957486
4.9509974
5.043375
5.069435
5.1501565
5.154183
5.245831
5.1991506
5.313791
5.303133
5.2961607
5.3185787
5.3024163
5.4262834
5.4960017
5.6321983
5.6714087
5.801358
5.7862096
5.7951684
5.8811903
5.843435
5.7878294
5.7771072
5.771394
5.776223
5.8042665
5.7191105
5.6644664
5.643237
5.5620594
5.5315948
5.6935163
5.621461
5.7667117
5.5611424
5.6579585
5.5665793
5.437716
5.504257
5.3978014
5.400291
5.447395
5.5069532
5.6183333
5.5046587
5.4887447
5.436649
5.4092245
5.4409337
5.469639
5.4595838
5.4562135
5.490603
5.4235744
5.552972
5.3635974
5.4405036
5.3449316
5.446202
5.456493
5.4297833
5.5040684
5.465083
5.4940596
5.481858
5.5794973
5.4425077
5.556119
5.4086204
5.4093757
5.4728417
5.608491
5.6067476
5.77783
5.748628
5.679039
5.5874925
5.532233
5.521345
5.616143
5.7726707
5.762736
5.863798
5.907041
5.911558
5.9257455
6.0307884
6.2188377
6.2272406
6.2569504
6.1992865
6.2277575
6.2811184
6.4835844
6.57125
6.9500084
6.7560596
6.7254457
6.677515
6.6552534
6.625825
6.6737714
6.63371
6.660746
6.5808964
6.6621246
6.618381
6.6019692
6.615464
6.640666
6.6353803
6.564262
6.552618
6.5911593
6.558734
6.5650716
6.53658
6.566744
6.54873
6.517426
6.516564
6.532823
6.4928784
6.5481944
6.545149
6.5906696
6.544545
6.5785656
6.5815926
6.5037885
6.5610085
6.5306544
6.536621
6.482123
6.529171
6.4657025
6.503209
6.5370436
6.495172
6.524415
6.46296
6.490213
6.5371304
6.5989847
6.5995255
6.5076017
6.5973034
6.215824
6.1917195
6.109919
6.1837645
6.3145266
6.408314
6.265076
6.5207286
6.380088
6.50555
6.422876
6.540554
6.4824824
6.6570992
6.581746
6.734615
6.7172985
6.7859254
6.755699
6.7325497
6.6801233
6.637811
6.773118
6.6151896
6.796563
6.7218766
6.1292157
5.963599
5.464323
5.2008395
5.7038474
6.2706423
5.7447352
6.0950356
6.4645886
5.21564
6.1463485
6.201965
6.2369666
6.4106874
6.2133684
6.0248394
6.077215
6.5275507
6.5410767
6.4014096
6.3176827
6.422248
6.282793
6.505129
6.5196567
6.595531
6.808174
6.91339
6.8668356
6.826696
6.754216
6.7361326
6.662299
6.7306557
6.7941427
6.858662
6.8840914
6.7404256
6.7363772
6.7089577
6.7201757
6.7681723
6.7455454
6.733074
6.8167887
6.7752056
6.763314
6.6873603
6.643784
6.640551
6.681074
6.6283507
6.3628607
6.332461
6.3103266
6.3857183
6.393228
6.425507
6.56743
6.6666
6.639166
6.5972023
6.5821114
6.5709395
6.495934
6.51838
6.414853
6.4291945
6.6415777
6.63965
6.6315446
6.6835756
6.6677656
6.8394113
6.9446993
7.0747595
6.7251496
6.322761
6.012423
5.206653
4.1314435
4.2375503
4.3838196
4.435187
4.449974
4.4787354
4.5871944
4.5207753
4.576224
4.5901976
4.646673
4.588068
4.598067
4.6082253
4.6015396
4.576188
4.5592957
4.6142645
4.5539637
4.570613
4.5993958
4.7245307
4.6638427
4.762031
4.761364
4.79497
4.805021
4.8160734
4.8295374
4.804342
4.700824
4.683137
4.693957
4.7647324
4.8008933
4.849106
4.876752
4.838807
4.822806
4.7979503
4.7265787
4.7576914
4.7214837
4.727255
4.707324
4.72824
4.716167
4.7148285
4.7414126
4.7106214
4.646482
4.7365484
4.7253995
4.675757
4.6945696
4.6439667
4.6588554
4.576509
4.672707
4.620666
4.6242204
4.712708
4.659191
4.644361
4.6754365
4.6695127
4.6803994
4.6761365
4.6668897
4.706021
4.702831
4.7002316
4.660166
4.7221756
4.65709
4.7465534
4.7441072
4.729339
4.7091413
4.678958
4.727864
4.740784
4.757297
4.7260456
4.783281
4.7486258
4.721548
4.7142124
4.705015
4.762884
4.805253
4.774596
4.761448
4.777455
4.805072
4.75188
4.6699724
4.7328424
4.7631125
4.8122244
4.7673235
4.8242435
4.837021
4.8513775
4.7999187
4.818362
4.8212247
4.883438
5.0275445
4.943453
4.9490337
4.9009185
4.9282722
4.8581495
4.87368
4.832011
4.8779526
4.785604
4.87523
4.8698745
4.844759
4.830262
4.8085504
4.779673
4.7445154
4.806162
4.831042
4.8569727
4.9072595
4.8525553
4.902266
4.8779798
4.8919196
4.958288
4.9567146
4.939043
4.9031096
4.912982
4.8872986
4.895958
4.797416
4.847089
4.8928156
4.8558197
4.8445086
4.8344584
4.837127
4.8381796
4.7904053
4.8637223
4.765532
4.8180695
4.845767
4.787205
4.803404
4.8157654
4.8104277
4.773864
4.814543
4.8235216
4.748076
4.7999043
5.088877
5.1655846
5.26583
5.3685765
5.361901
5.364466
5.4059925
5.3835335
5.4128776
5.511223
5.505199
5.4132853
5.498338
5.4987125
5.473942
5.421719
5.4548845
5.3913884
5.5855722
5.5935626
5.496025
5.5676947
5.494532
5.499362
5.481877
5.398709
5.558785
5.6159005
5.5026674
5.626239
5.6542587
5.5505767
5.586771
5.612776
5.5843945
5.6395235
5.606092
5.6188893
5.625147
5.5943093
5.5826883
5.602354
5.5950303
5.6159286
5.5874815
5.6077933
5.599158
5.681762
5.7246733
5.715577
5.7594585
5.7226896
5.6938877
5.740236
5.757941
5.834101
5.892186
5.910699
5.854694
5.807544
5.761915
5.978264
5.767783
5.922118
5.7054853
5.9319263
5.713614
5.7789164
5.7330904
5.823511
5.7822585
5.7392015
5.8364525
5.721225
5.80808
5.66931
5.78509
5.7589426
5.7856326
5.7717648
5.7829556
5.7418528
5.7598667
5.766779
5.900916
5.7780585
5.8896675
5.7167153
5.8054624
5.7651324
5.835245
5.754431
5.811699
5.7988815
5.9352202
5.9099016
5.7443175
5.739623
5.796101
5.7747135
5.775168
5.8423376
5.7934813
5.7815585
5.8095083
5.555711
5.5587835
5.530161
5.4090815
5.140132
5.206486
5.575938
5.077551
4.5287447
5.0280476
5.613188
5.5239425
5.713579
5.6208625
6.0847173
6.4580383
6.5940647
6.6267424
6.361201
6.356537
6.5554714
6.5881925
6.53855
6.544997
6.618007
6.4593644
6.354021
6.2755194
6.2347307
6.117864
6.379035
6.840304
6.4617763
6.446789
6.637125
6.529327
6.4731245
6.667485
6.8756084
6.6759973
6.193603
6.3872957
6.006137
6.1041126
6.4126124
6.7346835
6.794337
6.2889957
6.3920264
5.824684
6.2221212
5.6295133
5.497663
5.1619763
5.252857
6.104409
6.0667515
5.916376
6.2240715
6.128408
5.438645
5.764191
6.21028
6.305015
6.7707996
6.4707117
5.9374404
5.5269055
5.8026066
6.0088377
5.739797
5.549983
