10000
5.1389556
5.139011
5.02818
5.2145824
5.151083
5.1871276
5.124645
5.1697946
5.173108
5.1061816
5.089721
5.1032467
5.155025
5.1046586
5.155289
5.140472
5.148159
5.2429047
5.2666445
5.2171073
5.1449237
5.0918493
5.268745
5.1767178
5.204055
5.261315
5.1942954
5.1827507
5.2407737
5.2120004
5.2830243
5.1913176
5.2131286
5.2388344
5.142761
5.244183
5.276556
5.170318
5.231492
5.1707354
5.1801414
5.190693
5.180417
5.2144866
5.1760674
5.190421
5.2544975
5.2149644
5.152479
5.2304506
5.218476
5.2346826
5.004692
4.9120617
4.8330007
4.7444777
4.906389
4.8945107
4.8713427
4.758808
4.9440603
4.8026743
4.701488
4.8115144
4.6389985
4.817724
4.7970915
4.8018217
4.8736258
4.8982058
4.823668
4.900008
4.76398
4.762514
4.7193484
4.7071056
4.652469
4.7328744
4.6753554
4.6451178
4.7622914
4.7531805
4.5894275
4.67192
4.637241
4.6863422
4.700204
4.6508446
4.657378
4.5705748
4.574928
4.552369
4.592049
4.6410847
4.7108464
4.758093
4.6024194
4.464509
4.6133056
4.6815076
4.632277
4.6066346
4.608031
4.5697813
4.600485
4.555613
4.60262
4.7241015
4.6342316
4.6515546
4.6046085
4.6334963
4.5638638
4.4983673
4.6172557
4.331437
4.353455
4.4622254
4.29801
4.2111855
4.2966437
4.0825768
4.116313
4.054765
4.056174
4.0805516
4.048834
3.9415011
3.9150536
3.875803
3.900198
3.7704518
3.7431011
3.7711656
3.69636
3.7153156
3.7250004
3.6143599
3.5785408
3.4664006
3.5673127
3.4930694
3.5737133
3.5490742
3.5065773
3.4937468
3.4665558
3.3986297
3.354424
3.337206
3.338102
3.33353
3.4379725
3.4387593
3.2601504
3.2068875
3.245727
3.2207048
3.198026
2.9732718
3.1670415
3.1537037
3.2080107
3.2251968
3.2344155
3.256884
3.1827211
3.2342167
3.0834994
3.177885
3.2340057
3.2169576
3.2436812
3.249026
3.2240853
3.2114003
3.1788383
3.1898746
3.150999
3.2066984
3.2727182
3.2605286
3.311737
3.3162234
3.209052
3.164245
3.2017026
3.1717694
3.1830297
3.1844223
3.2278795
3.2340264
3.243039
3.1840215
3.271549
3.3563213
3.3017755
3.2921724
3.2860875
3.2094007
3.2826
3.2075355
3.2873647
3.2890615
3.2797108
3.2760985
3.320241
3.2793841
3.3020597
3.3311963
3.2911136
3.3741028
3.2844954
3.2077613
3.2188113
3.2970076
3.2345529
3.2302058
3.3201365
3.2868056
3.2958207
3.2582922
3.3017023
3.3049474
3.2627187
3.2564104
3.2397087
3.3192072
3.2512698
3.2383306
3.3207824
3.3037384
3.3357077
3.2466059
3.3018684
3.3237355
3.3379269
3.2730548
3.3152423
3.2403731
3.2306232
3.1704113
3.2934194
3.2369585
3.2273006
3.3082151
3.234212
3.2742958
3.2317448
3.322856
3.3043494
3.2091882
3.2924786
3.268589
3.2607021
3.3060462
3.2217097
3.2181714
3.25455
3.2414422
3.2330089
3.2627888
3.2315826
3.2663302
3.2463229
3.2149084
3.2165697
3.28149
3.2239513
3.2843475
3.2336206
3.3167276
3.332305
3.2751184
3.2627985
3.2881114
3.2603762
3.2592983
3.3034549
3.2607276
3.258161
3.2771654
3.302527
3.3154984
3.2621884
3.2539568
3.3331401
3.2723243
3.277272
3.3349903
3.260182
4.531702
4.7201614
4.6504154
4.6581764
4.634803
4.5128675
4.593635
4.5376544
4.5637884
4.63074
4.5799475
4.555222
4.5151157
4.656581
4.5246086
4.5619392
4.5702887
4.541442
4.599627
4.618931
4.611154
4.5538898
4.550946
4.5701647
4.425945
4.542429
4.4569845
4.3890142
4.6417274
4.5875587
4.642533
4.705983
4.635628
4.6312995
4.5880003
4.5765953
4.5721645
4.528033
4.608885
4.6659365
4.590723
4.6181345
4.5713058
4.6106377
4.579313
4.6409893
4.586862
4.5099115
4.2750807
3.4018831
3.4283614
3.196154
3.4365532
3.4536486
3.4065077
3.1780956
3.4955916
3.3893204
3.3925703
3.4667692
3.2239535
3.2050204
3.1899626
3.1609364
3.2096324
3.1559813
3.2136245
3.159634
3.1427748
3.1156163
3.5410035
3.1859808
3.175231
3.1982818
3.1350818
3.19207
3.2731354
3.3998253
3.6386921
3.6414137
3.6774635
3.5416598
3.300525
3.6821477
3.6486986
3.6094408
3.1617644
3.175235
3.2364006
3.214809
3.2430646
3.2136984
3.254107
3.1968846
3.1873875
3.7402554
3.614559
3.3621426
3.3025894
3.3564122
3.6479194
3.1938286
3.403736
3.115831
3.132756
3.1673174
3.1542616
3.1122727
3.1233544
3.1462612
3.2166739
3.1920404
3.213361
3.2059736
3.2039754
3.1803613
3.1597626
3.2014031
3.172781
3.1663418
3.128034
3.3246486
3.5027258
3.4950593
3.547106
3.3862731
3.4554725
3.2057157
3.5014255
3.3580377
3.2078445
3.592226
3.4288938
4.111869
4.122646
4.1083965
4.1663246
4.1946726
4.2429633
4.2615705
4.3206024
4.228294
4.168541
3.1895456
3.1825457
3.1963527
3.2723188
3.113025
3.3375993
3.469482
4.1791115
4.0519085
3.9604683
3.1479661
3.264197
3.2160048
3.2652307
3.2691646
3.263698
3.0771058
3.1589313
3.2350333
3.213883
3.2209425
3.3519564
3.3659067
3.3976336
3.3583646
3.36455
3.4992945
3.7407722
3.898748
3.9220808
3.9441805
4.0627866
4.2011404
4.2460084
4.3901973
4.465294
4.4715505
4.5251923
4.5129237
4.5418477
4.582408
4.614525
4.6989074
4.7525387
4.803334
4.6939535
4.725931
4.672707
4.69936
4.693903
4.6327863
4.711718
4.700217
4.659752
4.668009
4.705028
4.632982
4.7212343
4.6922784
4.7382374
4.629678
4.610376
4.56712
4.6078215
4.560907
4.6512337
4.6311817
4.6365223
4.5990067
4.6736326
4.584914
4.6329455
4.533153
4.5893955
4.545166
4.614323
4.545127
4.559471
4.5737514
4.5074415
4.5455604
4.5911365
4.445897
4.497314
4.389061
4.440841
4.4153786
4.2818418
4.112431
4.0867386
3.847171
3.847004
3.6683688
3.7642581
3.5001054
3.7619104
4.045563
4.38989
4.335469
4.270979
4.4767375
4.662096
4.611458
4.6782436
4.8896637
4.94961
4.8472733
4.4775977
4.496695
4.587906
4.5714064
4.5698147
4.639597
4.615437
4.3966556
4.183999
4.2172303
4.0462947
3.975437
4.002277
4.117364
4.09875
4.1557775
4.258579
4.353219
4.57003
4.6102386
4.58345
4.6362853
4.5902805
4.6109147
4.6322975
4.6102886
4.636364
4.619259
4.5495706
4.592743
4.583384
4.629601
4.6611886
4.5863976
4.680994
4.6093593
4.658548
4.6756597
4.731172
4.7059145
4.7099776
4.6661663
4.677782
4.6459575
4.593382
4.656829
4.6028423
4.5904627
4.5929775
4.5906634
4.5566344
4.589217
4.6271334
4.7079787
4.6947103
4.6566043
4.619494
4.6334743
4.613481
4.569787
4.4771194
4.423482
4.452271
4.5880046
4.5926766
4.608848
4.5472383
4.51785
4.4148912
4.5008864
4.414939
4.423304
4.365562
4.4115644
4.4371395
4.3486648
4.2148924
4.1035433
3.976064
3.8739924
3.761837
3.8486156
4.0592284
4.2520833
4.265267
4.109935
4.032547
4.1436872
4.1091375
4.1275744
4.18398
4.270299
4.198996
4.130682
4.1354203
4.0172234
3.7487803
3.6310987
3.8495598
4.1281557
4.2768097
4.032573
3.8661044
3.8358498
3.9242811
3.8918297
3.6607523
3.4791822
3.6145928
3.7214832
3.7076528
3.2947729
3.0035672
2.9734194
3.16292
3.2603114
3.3749352
3.323696
3.3271227
2.471045
3.3382869
3.3443503
2.685221
3.2887127
3.3916144
3.2673368
3.3367457
3.3188493
3.3141537
3.3025885
3.289776
3.3665109
3.2986057
3.3390584
3.3231506
3.3281837
3.3326297
3.3685727
3.3773885
3.3812027
3.3659706
3.2943897
3.4023557
3.0865397
3.404832
2.5008051
2.324091
3.346037
3.3882246
3.3692398
3.4069233
3.3288016
3.1831744
3.3514931
2.9821181
3.3734386
3.5032606
3.3844874
3.4775481
3.5153365
3.879931
3.9012804
3.9898777
4.1067853
4.3151064
3.9963343
4.1294413
3.8958027
4.019393
4.1513805
4.266903
4.2300296
4.0259895
3.8674111
3.795954
3.8050895
3.064689
3.5890048
3.8161654
3.7204366
3.7130947
4.2047467
4.3310456
4.053887
2.8089669
3.5073524
3.3505988
3.5675833
3.4016957
3.3426523
3.3278933
3.471312
3.2749364
3.0872598
3.406406
3.4735081
3.504537
3.7631893
3.4307373
3.5539644
3.5354636
3.8468451
3.896359
4.0185113
4.067851
4.0195513
3.8541946
3.5891347
3.6384332
3.5763757
2.9768307
2.9115999
2.8507442
2.7993584
2.8041768
2.9588838
2.9410536
2.8977158
2.739059
2.4585783
2.318307
2.3993285
2.3155255
2.0879822
2.6227036
2.3153522
2.337236
2.4061363
2.5598154
2.8025186
2.8698893
2.8983908
2.6715133
2.9299977
3.0786092
3.299568
3.3030405
3.1704319
2.9933667
3.018125
2.8891718
2.8688898
2.9660857
3.0335007
3.242907
3.2726583
3.439819
3.5427184
3.564167
3.3772397
3.270735
3.1581626
2.949293
2.839241
2.9696918
2.9620457
3.299719
3.468156
3.650149
3.8360386
3.6830978
3.551688
3.2865908
3.25572
3.1931229
2.8585
2.9805632
2.9710417
3.1212153
3.4649372
3.5423465
3.6711278
3.6675866
3.7579103
3.5927682
2.855101
3.035236
3.102026
2.6621943
2.764546
2.7986512
3.019581
3.308029
2.3046083
3.6775212
3.876364
4.0188465
3.7402148
3.393803
2.9072447
2.8027718
2.1493313
2.676151
2.380511
2.6189842
2.8179007
3.1610544
3.3635724
3.3976407
3.471146
3.402879
3.1195385
2.9648654
2.4880075
2.513334
2.4150217
2.5743718
2.5073197
2.7722542
2.9356527
3.025273
3.0025349
3.1563005
3.3484333
3.267539
3.0203729
2.8041475
3.1065538
3.104892
2.9602075
3.3814228
3.205416
3.149484
3.2122133
3.4093893
3.4100833
3.1592402
3.3533316
3.3988283
3.0069747
2.8221478
2.233168
2.9090707
2.9300451
2.9283884
3.1789036
3.637971
3.6563516
3.7173545
3.8321197
3.6972744
3.8316832
3.5171943
3.1930752
3.290237
3.1930933
3.1286716
3.2847104
3.3093226
3.2871344
3.5421836
3.5521078
3.5930576
3.7110517
3.8005428
3.5942278
3.0813966
3.0211105
3.210915
3.0778332
3.2537305
3.2726526
3.3092425
3.3514323
3.4183104
3.597085
3.719367
3.7331836
3.8918028
3.4893537
3.1296225
2.961585
3.1182868
3.1105914
3.1623373
3.2509923
3.3704457
3.2902815
3.4576063
3.6772406
3.3524525
3.2175465
2.536144
2.645997
2.9684327
2.7444952
2.9507093
3.1201925
3.1058078
3.1630054
3.286943
3.4665704
3.375567
3.0431633
3.1686454
3.2635794
2.647266
2.6973581
2.495405
2.5608518
2.7100286
2.713328
2.7501886
3.1075919
3.1148624
3.2649498
3.2043629
3.1006625
2.8749247
2.746557
2.64843
2.6950154
2.7180505
2.8188357
2.6787436
3.0749617
2.6269941
3.2456493
3.3762245
3.3225822
3.147864
3.30267
2.933351
2.6612928
2.801911
2.8154078
2.919958
2.7780514
2.8802238
2.8880553
3.1673012
3.326508
2.8059332
3.0719118
2.958284
2.6308336
2.551319
2.9084187
3.1880808
3.030367
3.4117815
3.0705159
2.820872
3.023265
3.1708646
3.3172216
3.282442
2.9439867
2.7401285
2.961381
2.9550786
2.847382
2.712002
2.9068518
3.1040483
3.1487308
3.0879714
3.0389102
3.2103605
2.98575
2.3014898
2.8108268
2.496247
2.4207706
2.3851042
2.301172
2.4370124
2.491952
2.5759244
2.7156293
2.874169
3.2406564
3.336633
3.412198
2.857594
3.535318
2.6217804
2.8008313
3.4547348
2.7694492
2.8287213
3.4649844
3.0753436
3.5240748
3.6289186
3.5838473
3.6920123
3.393326
3.481967
3.4763646
3.4870925
3.4196796
3.490693
3.3852804
3.3987963
3.4678867
3.4315615
3.3645024
3.5201235
3.525501
3.3539577
3.4231987
3.4162436
3.415697
3.3255548
3.4997156
3.4911156
3.4896674
3.3426201
3.2616782
3.2624912
3.3970656
3.1762497
3.052186
3.1179943
3.2530248
3.3360019
3.357541
3.332509
3.3173678
3.109301
3.3880267
3.4258687
3.3873947
3.4546735
3.5222611
3.6574135
3.4621775
3.4544187
3.4653118
3.353882
3.4616833
3.4241076
3.3656485
3.4457688
3.369865
3.4796333
3.375866
3.420389
3.427399
3.458601
3.4431295
3.4054656
3.198236
3.3804984
3.433991
3.3472743
3.4185429
3.187703
3.2768471
3.1152139
3.1910973
3.2438002
3.1510563
3.159218
3.2249107
3.1970277
3.1261303
3.1232977
3.097564
3.0747929
2.9153023
2.9798436
2.870753
2.6991868
3.1044893
3.1163826
2.5704882
2.9895318
2.7041311
3.1194253
2.9359393
3.0046113
3.0386086
3.065089
3.0945725
3.1393316
3.0864708
3.0917292
3.1771996
3.241408
3.1589072
3.1807725
3.1339777
3.1553664
3.2189438
3.2180357
3.1730015
3.2607172
3.156722
3.2333314
3.2892773
3.263573
3.1996748
3.1942935
3.238896
3.2603343
3.2059402
3.2263682
3.2308545
3.23449
3.1868644
3.1860857
3.1952925
2.743236
3.0770807
3.0395842
3.096905
3.0591693
3.0799057
3.006662
3.1722674
3.1396008
3.1713989
3.1856852
3.1906848
3.215396
3.1357684
3.087891
3.0296786
2.9440367
2.9729133
2.96367
3.4394639
3.1030762
2.8569002
3.3838477
3.0962772
3.3800092
3.4853275
3.2608185
3.441959
3.2982183
3.3994524
3.3638322
3.216251
3.2543888
3.383651
3.3611448
3.3894415
3.4243062
3.436338
3.414378
3.411715
3.4570928
3.503982
3.3896894
3.5143511
3.4836576
3.3614736
3.2373426
3.3162305
2.906417
3.1444867
3.3982737
3.6365814
3.6409485
3.7598546
3.5592825
3.3986259
2.9553254
3.4234838
3.436144
3.4544327
3.4902928
3.4469028
3.4539883
3.5181448
3.4614275
3.426331
3.4825692
3.5025384
3.504407
3.4311352
3.4069479
3.4474587
3.4829953
3.50108
3.2972703
3.2942195
3.4278133
3.4341977
3.4439507
3.4141905
3.4322927
3.4126308
3.436122
2.6132298
3.4649029
3.3630385
3.282265
3.3117838
3.2228432
3.1151004
2.733049
2.4989994
2.6023636
3.1828494
3.5127132
3.7509804
3.78273
3.6485682
3.6155324
3.3804345
3.4206192
3.1892028
3.0895054
3.0985746
3.4034991
3.4783063
3.3706021
3.4689767
3.4743292
3.3553247
3.5451903
3.3391385
3.4684703
2.7320251
2.726306
3.4706223
2.4912536
2.5456257
2.4473324
2.609209
2.5575023
2.4993408
2.6349
2.5131412
2.5359583
2.5910478
2.5468402
2.5712755
2.5651307
2.497398
2.49411
2.5536675
2.5044281
2.283971
2.4917984
2.5624866
2.4813147
2.632636
2.5759482
2.505678
2.697455
2.928043
2.6365948
2.596611
2.605444
2.2971923
2.3637683
2.41573
2.2370677
2.6294641
2.6571655
2.4882967
2.6465619
2.5755208
2.6473508
2.6194458
2.6218524
2.6425738
2.6432753
2.6986203
2.6641803
2.203937
2.5924454
2.6818366
2.6076374
2.5036922
2.6138353
2.5756598
2.435812
2.6126328
2.5946589
2.6403642
2.6432164
2.5811
2.4446669
2.6478863
2.6364055
2.6726835
2.5380917
2.6222112
2.3720543
2.5615907
2.5908444
2.6199117
2.63741
2.5960543
2.633967
2.717848
2.6279883
2.636293
2.667698
2.639722
2.697594
2.661776
2.5975416
2.5883076
2.4485035
2.6458805
2.6452827
2.5230007
2.5467477
2.6472669
2.6286573
2.6321602
2.5844212
2.5871475
2.699702
2.6977673
2.6822686
2.6607401
2.5775523
2.1771598
2.6167974
2.4736266
2.6321595
2.5055
2.4193792
2.10599
2.6139956
2.2138174
2.5592542
2.680188
2.4266458
2.620948
2.0599616
2.0661016
2.5249135
2.124885
2.7131948
2.417744
2.0696762
2.1341527
2.6319609
2.6315117
2.6694021
2.6242115
2.4863625
2.224161
2.6460314
2.156299
2.410046
2.6375823
2.1786754
2.3342886
2.1026301
2.3431952
2.2191055
2.5050278
2.43077
2.4881701
2.5773592
2.5586743
2.539443
2.6111484
2.7780783
2.5140965
2.3945975
2.6844296
2.484481
2.482844
2.2266848
2.4759536
2.5320423
2.2540343
2.6082335
2.5301123
2.1000385
2.409981
2.2776608
2.5242584
2.445547
2.6607938
2.1423295
2.5274951
1.9751679
2.1688461
2.643767
2.1116695
2.5912411
1.9287281
2.5567472
2.4915652
2.1448703
2.5878117
2.506072
2.243717
2.595133
2.040726
2.1814654
2.6762557
2.73598
2.573316
2.5765092
2.7156155
2.6308665
2.6901903
2.7783427
2.795333
2.4474003
2.61223
2.6032987
2.6713755
2.7110121
2.5773845
2.3510036
2.594064
2.3810139
2.583772
2.758892
2.125997
2.3012648
2.71123
2.2664647
2.384445
2.5743032
2.5569472
2.6025426
2.3135912
2.5139742
2.6305294
2.6854043
2.53806
2.6965044
2.7057598
2.6252415
2.7925794
2.751788
2.712222
2.235268
2.7497048
2.5720427
2.82989
2.6503365
2.7035801
2.8109179
2.7127323
2.6387777
2.719943
2.6320982
2.8019633
2.878679
2.7917726
2.8460972
2.8060613
2.2901313
2.7799652
2.8799078
2.7722182
2.6137114
2.702535
2.2216423
2.8038688
2.8236835
2.3333898
