10000
4.823573
10.3392725
9.899269
10.048836
10.025461
10.0563
10.0091095
9.929745
10.007249
9.9531765
9.849017
9.937592
9.942278
10.019147
9.860498
10.064671
9.975866
9.948048
9.981448
9.865583
9.903801
10.055765
10.035625
9.881906
9.990878
9.938323
9.990359
10.009891
10.133249
10.224968
10.008636
9.85366
9.84826
10.058058
10.060691
10.0992565
10.036302
9.99176
9.763362
9.6761675
9.396134
9.150436
8.832907
8.668956
8.236707
7.3587394
6.6511974
5.921629
5.4976053
4.3911777
3.7882724
4.420475
4.483638
4.572059
4.1981573
4.5246673
4.6337194
4.7253103
4.595519
4.5936165
4.7685304
4.6570315
4.6138353
4.657217
4.4320765
4.5090017
4.6062245
4.6415815
4.4449325
4.6106877
4.545025
4.736281
4.8507576
4.7913694
4.83051
4.37393
4.316615
4.629837
4.344349
4.102766
3.6828225
3.8745928
3.5810323
3.7905076
4.0891466
4.173452
4.0640774
4.3562317
4.1282005
3.9981475
4.3973985
4.149753
4.4804215
4.609778
4.2178035
4.487185
4.832395
5.202326
4.292046
5.0624356
4.4775004
4.030118
4.286915
3.9598067
3.8613467
3.8900146
3.8427873
5.182905
4.5842056
4.5310645
4.5658054
4.522146
4.6600137
4.699829
4.8631554
4.943673
4.899661
4.444189
4.446818
4.3431053
4.3669415
4.6313066
4.5638647
4.1714463
4.605777
4.2434125
4.664258
4.6312666
4.084543
4.643386
4.403487
4.278397
4.099248
4.644577
4.1658373
4.6158543
3.7999477
3.6528084
3.790922
5.030068
5.3806944
4.6526937
3.9444022
4.6053696
5.04064
5.1992073
4.5266104
4.2477574
4.0389442
6.103025
6.751395
6.529103
6.0164433
4.8683596
4.151534
4.774602
5.8908806
7.433558
6.5692573
5.313941
4.746959
4.8395233
4.9712987
5.653102
6.5743465
6.070823
4.859618
4.1110916
4.821502
4.203089
4.566096
4.8110332
4.5331087
4.076292
3.5636744
5.3666463
6.2841005
5.0989423
5.1198444
5.0290136
4.859299
4.6567154
4.6654463
4.7685075
5.1877456
4.939745
4.0131965
4.255629
4.095793
4.914763
5.1536784
5.459795
6.4251156
6.9645147
6.1394253
5.051434
4.6848874
5.205853
5.705055
6.8298497
6.8267045
6.798912
5.8013844
5.1754203
4.80443
5.5090094
5.9560733
6.2205486
6.2062287
5.9686003
4.1565223
5.693049
5.2657585
5.5251026
5.1017466
4.6794353
4.3235226
4.5765705
4.741551
4.8191037
4.7193813
4.661196
4.7414427
4.3572893
3.9926808
3.992456
3.6989284
3.6529546
3.814394
4.164642
4.3319087
4.254384
4.2800016
4.7232113
4.1800394
4.354237
4.020107
4.799443
4.735442
4.597943
4.4076414
4.4249964
4.2291794
4.0979776
4.165393
4.2057295
4.2739625
4.3662734
4.506325
4.6340165
5.093265
5.575597
4.977874
4.901016
4.355876
4.8021255
4.805244
4.857291
4.7212663
4.747291
4.6048965
4.6701946
4.6723714
4.9932423
5.1023445
4.800584
4.9871416
5.143744
4.9712625
4.7218356
4.848212
5.359004
5.4141827
5.5186744
5.4986687
5.9395895
5.7935557
5.7200794
5.62453
5.58975
5.5536976
5.5215073
5.571536
5.5844035
5.597583
5.6278744
5.6222134
5.7292686
5.776594
5.769145
5.757455
5.680627
5.720007
5.6635785
6.1950593
6.198657
5.540854
4.487994
4.456849
3.4283428
3.4037676
3.3560276
3.169754
3.5792174
3.779333
4.2788444
4.358942
3.7830434
4.296276
3.8245106
3.6804326
4.283823
3.8956592
3.4850724
3.4096131
3.5225832
4.041105
4.2065973
4.11916
4.5213847
4.1303844
4.615422
4.4861813
4.0435715
3.8504524
3.9455912
4.4922495
4.952558
5.355274
4.9448943
4.198436
3.3789997
2.668072
3.828248
3.9238694
3.7567165
3.7741265
3.8597963
3.8377137
3.7382164
3.666151
3.3156214
3.7192497
3.574327
3.8183951
3.3229108
3.7018855
3.6594217
4.074486
4.58036
4.571022
4.5285087
4.582947
3.6972852
3.319445
3.8584192
4.0495696
4.365841
4.699568
4.1273494
3.9220521
4.0196214
4.4339523
3.999694
3.602797
3.6953144
4.1221423
4.412948
4.6348286
4.4148974
4.173143
3.5787191
4.110454
3.6719637
4.3222423
3.6893897
3.6036055
3.8516545
3.6419258
4.5128307
4.552268
3.7522995
4.186026
4.478045
4.0781856
3.8330216
3.5911717
3.651484
3.9874537
4.3031907
4.4991183
4.8213673
4.571622
4.370401
4.161452
4.3271747
4.6479316
4.775104
4.9287057
5.0145435
4.782441
4.641411
4.73586
4.516743
4.298464
4.212271
4.3694496
4.519444
4.8490796
4.5720267
4.8154545
4.5469112
4.0523834
3.9609914
4.091691
4.182886
4.1141267
4.356038
4.031227
4.0772367
4.1915402
4.4137397
4.478468
4.25423
4.325593
4.2643614
4.334092
4.2846794
4.410985
4.4641495
4.239149
4.282572
4.072451
4.094982
4.1822367
4.336021
4.3625827
4.5206723
4.671781
4.443612
4.515344
4.6088376
4.645363
4.319084
4.0654283
3.7422106
3.8417692
4.095496
3.5733075
2.9344854
3.038745
3.084015
3.1528492
2.9989092
3.0597131
3.307967
3.5865903
3.3561192
3.6383197
3.3654635
3.3600228
2.877301
3.3888984
3.341421
3.32097
3.3243606
3.385527
2.7320771
2.7095823
2.6574388
2.7717903
2.9119163
2.8893468
3.053719
3.1509428
2.88202
3.6521237
3.9733858
3.0200748
3.0933564
3.7394228
2.9236045
2.9478683
3.6171503
3.3780625
3.295516
3.7482355
3.7640224
3.4354086
3.6445334
4.4067917
4.3514633
4.064223
4.0940657
4.796056
4.9628944
4.1639066
4.556676
4.283855
4.6721044
4.4947457
4.703585
4.787431
3.9554722
5.0461316
4.997761
5.1315556
5.1043363
5.2905083
4.679727
4.110946
4.03966
3.7998827
3.4041624
4.936504
4.472771
5.902037
5.3645844
4.4181466
4.205814
5.574667
4.260479
3.6495695
4.6608586
4.1551437
4.756889
5.0891714
4.118153
4.5562344
4.749774
4.9184275
4.732242
4.743666
5.7445354
5.339832
5.637945
5.0163603
3.3139298
3.6939993
3.924908
4.067408
4.3400145
4.2671995
4.229649
4.087689
4.10955
3.9665856
4.100579
4.4247227
5.1662145
5.3164363
5.1406565
4.8233647
4.4909124
4.464364
4.571724
4.487199
4.1931314
4.288113
4.4332514
4.336297
4.54419
4.222071
4.559194
4.3859468
4.458691
4.4578104
4.4277716
4.5980954
4.9417715
5.108845
4.8378606
5.047888
4.95821
5.2037473
5.41256
5.3564334
5.178072
4.9562573
4.8558908
5.31733
5.3606095
5.289181
5.1777062
4.9106193
5.142184
5.156931
5.3511014
5.2854867
4.947953
4.839949
4.7514167
4.495081
4.3882585
4.4372396
4.324347
4.2042484
4.164815
4.1847115
4.1903477
3.8344338
3.8887582
4.0160537
4.170501
4.1587067
4.382186
4.2051997
4.1507764
4.1371818
4.0012794
4.086942
4.0048985
3.927404
4.265212
4.474343
4.141714
4.1151047
3.7315025
3.7844648
3.764233
4.108783
4.49105
4.7833023
5.0316315
4.7132454
4.570728
4.63425
4.653307
4.891371
4.896735
4.683961
4.6461883
4.8444867
4.9408402
5.02952
5.0784802
4.899572
4.851156
4.697534
4.6217823
4.6431236
4.638158
4.597364
4.5451293
4.524163
4.6492534
4.6644516
4.7085934
4.748325
4.8426604
4.873579
4.898991
4.950159
5.071186
5.151041
5.144872
5.2391653
5.225627
5.3549385
5.3218546
5.3873143
5.059116
5.091374
5.1239843
5.1052985
5.1876283
5.0991344
4.8054495
4.3946342
4.860469
5.1013494
5.4745755
5.3033204
4.762439
4.2903395
4.513471
4.6292386
4.531317
4.5923176
4.23928
4.2941365
4.0248537
3.7692568
3.5310085
3.7339427
3.734691
3.7389112
3.630812
3.5611541
3.8411741
3.959743
3.858562
4.145277
3.9572659
3.71254
3.7864633
3.7564015
3.7025757
3.626125
3.5804749
3.5974662
3.783441
3.7849011
4.0932546
4.2006373
4.2562437
4.790863
4.64922
4.749322
4.3090262
4.651969
4.6282206
4.4208775
4.606103
4.337194
4.5423565
4.414038
4.9298363
4.7700377
4.389925
4.0679913
3.7699633
3.0136802
3.1157815
2.9869153
2.7470613
2.7487
2.8992898
2.9094985
3.0103862
3.0131645
3.0775552
3.111026
3.1515188
3.1859822
3.250085
3.3889334
3.3608432
3.688962
3.5398092
3.815042
3.721344
3.8092844
4.016637
4.4934826
4.201544
4.185611
3.9145865
3.7028627
4.1427174
4.4492087
4.4313407
4.604316
4.4881473
4.0127087
3.210504
3.4958315
3.2188435
3.112036
3.3905635
4.0505915
4.9022255
5.0517945
4.6093025
4.122076
4.6175227
4.6813974
4.6686916
4.852899
4.8750086
4.9502506
4.938072
4.92447
4.9234633
4.934372
4.934065
4.966346
4.9979777
5.1179576
5.0221577
5.155488
5.2104506
5.284822
5.4846363
5.548306
5.7085743
5.8210754
5.8686547
5.8451343
5.907134
5.7247868
5.6884193
5.729213
5.6286707
5.580738
5.4504957
5.5145683
5.5836825
5.607101
5.808936
5.767721
5.710879
5.8191376
5.8888
5.7334967
5.830738
5.7618523
5.7961483
5.691027
5.763712
5.7476625
5.7694697
5.7326727
5.799696
5.9401035
5.907621
5.8430104
5.9378343
5.696257
5.792498
5.698334
5.8823586
5.8029127
5.8113537
5.919713
5.8724585
5.8760986
5.815369
5.8174815
5.7423162
5.890282
5.7790127
5.908976
5.820732
5.7859664
5.887349
5.7611303
5.8782287
5.807273
5.8172483
5.8602533
5.7823567
5.7914753
5.7362022
5.7149286
5.6434627
5.6863837
5.617271
5.694944
5.4428616
5.297519
5.4313927
5.55285
5.2632694
5.058063
4.9429398
5.2576995
5.193469
5.1577682
5.0174675
5.540279
5.6168423
5.5432534
5.676169
5.7280498
5.655705
5.8074594
5.7213907
5.7258663
5.703561
5.574982
5.7598686
5.8569627
5.76979
5.8439274
5.8758717
5.9379063
5.9548025
5.908255
6.0232162
6.084844
5.853286
5.7441325
5.4524
4.3913784
4.8442373
4.866289
4.59898
4.666443
4.857032
4.845355
4.875686
4.7310305
4.9805045
4.783257
4.863387
4.710167
4.732538
4.809935
4.654707
4.744961
4.6513047
4.701746
4.786593
4.8118377
4.6301303
4.5932884
4.762072
4.894007
4.6772017
4.5566754
4.697285
4.858041
4.644245
4.8763986
4.9119196
4.7384367
4.645247
4.8398094
4.5160975
4.7821703
4.7627215
4.508895
4.5048923
4.572328
4.782852
4.574114
4.633633
4.979739
4.7166348
4.9441104
5.04982
5.138195
5.022138
4.978699
5.104044
4.656007
4.687872
4.8119144
4.815516
4.6005745
4.243173
4.275014
4.2224207
4.2673793
4.283798
4.570048
4.3907585
4.4405584
4.209482
4.1186943
4.0485206
4.2641134
3.8459797
3.8837352
3.9092236
4.0571737
4.0397334
4.081041
4.4988475
4.24422
4.2454247
4.436747
4.3837333
4.3981137
4.407428
4.3492537
4.344263
4.405665
4.7614036
4.418655
4.3475747
4.3435817
4.3175898
4.2581096
4.132082
4.2167525
4.0520616
3.5492125
3.8543425
3.9498615
3.822532
3.9935849
3.6668072
3.4262817
3.4853928
3.6655335
3.8057704
3.9047697
3.7850008
3.73033
3.7157872
3.8153741
3.8479989
4.0326343
3.9426568
4.0472927
4.0707035
4.0863705
4.2669015
4.222569
4.2867904
4.3391013
4.113586
4.018924
4.01233
4.0997424
4.2349553
4.19711
4.108939
4.179456
4.076642
4.0222197
3.9571297
4.187028
4.120569
3.9520497
3.8934212
4.0072536
3.8160906
3.9088292
3.86522
3.787628
3.883905
3.762178
3.8591743
3.702551
3.788483
3.6402466
3.6838572
3.6938162
3.846109
3.815947
3.918425
4.0771313
3.8933122
3.594104
3.6166246
3.8657644
3.5425217
3.5950289
3.7429235
3.7062004
3.5538182
3.7282333
3.5695536
3.507738
3.594712
3.4885187
3.5054636
3.396666
3.3780367
3.554337
3.4590423
3.4201276
3.55509
3.4042952
3.450968
3.664092
3.4770064
3.5967972
3.6075585
3.63437
3.7055578
3.6340106
3.4664478
3.4601362
3.448066
3.3036478
3.3795307
3.223711
3.389379
3.3991666
3.3124518
3.3418162
3.18541
3.18323
3.226213
3.5946658
3.9095068
3.90497
3.7635806
3.8267825
3.599562
3.7418156
3.7483733
3.6710172
3.676914
3.6691782
3.5338657
3.405713
3.4710488
3.5470936
3.3204541
3.3268692
3.3020654
3.3800416
3.3765845
3.4039118
3.4710457
3.620163
3.6739671
3.7173717
3.8976235
3.9145083
3.7983253
3.8551657
3.9078827
4.0281653
3.885642
3.9349396
4.021753
4.077063
4.0219016
3.9669454
3.9802291
3.842021
4.0939684
4.123272
3.9721336
3.9816265
3.9478717
4.0370483
4.0023904
3.785968
4.1890755
4.1499095
4.165141
4.179217
4.1623554
4.1288013
4.140795
4.141138
4.007133
3.9469893
3.9352164
4.0369177
4.0105515
4.4226017
4.365593
4.060795
4.068529
4.220878
4.4385266
4.4219565
4.3095284
4.0287237
3.6517339
3.7633955
4.0966554
4.1257915
4.171073
4.1237593
4.2068205
4.043151
3.761299
4.264434
4.2578025
4.270876
4.449427
4.0257726
4.1398706
4.1648655
4.2886214
4.4164553
4.044779
4.003935
4.1266685
3.938969
3.9148097
3.7554488
3.9045568
4.077234
4.1450458
5.054148
4.5922475
4.3661327
4.661528
4.834293
4.605495
4.5626297
4.2511888
4.083164
4.3012123
4.744448
4.4135466
4.607128
3.819712
3.5353386
3.7109463
4.384563
4.00463
4.3097243
4.4575534
4.766381
4.495926
4.422411
4.1550865
4.3676233
4.522379
4.0845523
4.955123
5.1908083
4.9219913
4.645964
4.3268094
4.0668783
3.9831345
3.0533776
3.0424972
3.0811958
3.1406682
3.0870807
4.0695167
4.590939
4.2796955
2.9930081
3.021132
2.8942716
3.03037
3.1760592
2.5819242
3.3631618
3.7434547
3.7914524
3.5916247
3.3141196
3.4247801
3.4557648
3.3038826
3.3582451
3.4302197
3.4073853
3.2877758
3.2700424
3.2960854
3.1609402
3.1764934
3.1911535
3.1049013
3.2608712
3.0437613
3.0216112
3.0371983
3.4973495
4.032622
4.5279155
4.0406218
4.15659
4.3196692
4.4322534
4.9461613
5.1597357
5.0893335
4.8425384
4.7878437
4.921301
4.632972
4.829575
5.1677976
4.855776
4.6219234
4.8841114
4.781862
4.810875
4.8933315
4.5563097
4.864557
5.765212
5.190597
4.064805
4.061869
4.1524453
4.2178135
4.2983713
4.1853666
4.0146794
3.6581993
4.62669
3.7014525
3.855495
4.5860534
4.5374236
4.253065
4.0427513
4.5808578
4.1821074
3.450416
3.8948326
4.053536
3.9865515
3.5433655
3.5507498
3.690218
3.8119783
4.137287
4.4730825
4.11148
4.3868027
4.610229
4.7360787
5.2244997
5.505684
5.613806
5.830138
5.7239895
5.73129
5.559253
5.6172996
5.809031
5.613781
5.0997553
4.814986
4.271589
4.1084204
3.5884335
4.298756
4.40717
4.5158463
4.32783
4.233029
4.3785734
4.457629
4.730502
4.6630793
4.702714
4.895318
4.878627
4.905725
4.8277154
4.917483
4.9099097
4.873141
4.9158635
4.869535
4.331958
3.9341094
4.1409183
4.543692
4.370861
4.5980506
4.5585494
4.572674
4.5738106
4.708654
4.6987076
4.930682
4.9550257
4.7015476
5.146369
5.428689
5.4985
5.362894
5.2056146
4.652483
4.4804206
4.0474076
3.990981
3.9863472
3.9923916
3.8105953
3.9005694
3.9656851
3.6014237
3.6109507
3.5954409
3.2681944
2.9942243
2.9740932
2.8501055
2.8492057
2.6962392
3.1648319
2.8628707
2.93275
2.9269483
2.5352888
2.4810078
2.58156
2.5049596
2.5440226
2.7400126
2.601669
2.8315716
2.8154852
2.6186023
2.850263
2.6200023
2.70222
2.5834928
2.8750148
3.2777221
3.0326266
3.2137587
3.5934124
3.2377074
3.1342251
3.0849662
2.979837
3.1354432
3.6109076
4.6916347
5.123509
5.3443985
5.321519
5.36663
5.2841187
5.058753
4.1493554
4.217466
4.352869
4.184411
4.313377
4.231689
4.3059893
4.3015
4.3128314
4.287524
4.2657957
4.2572203
4.2788453
4.2568884
4.2337985
4.1683044
4.208004
4.286894
4.2215114
4.2736545
4.3289204
4.362243
4.372914
4.416179
4.4434795
4.426563
4.428367
4.602137
4.6196136
4.7056627
4.6699424
4.719541
4.7438807
4.8975153
5.0950465
5.038199
5.087746
5.4344463
6.077987
6.411602
5.841988
5.0245
4.0334105
3.4117644
4.82909
5.2865605
5.190732
5.211705
5.0172167
4.246565
4.2633023
4.5910306
4.929157
5.1309066
5.1163044
4.8240323
4.5961027
4.034247
4.191773
4.8303437
4.784656
5.498733
4.0197654
3.6428862
3.75111
4.0357885
3.989338
3.9459095
5.3336906
4.1387525
4.0920506
4.278706
4.6062207
5.1717834
5.2763443
5.084065
4.970574
5.0414853
5.036272
5.049565
5.101892
5.0932603
4.822925
5.0933967
5.4198456
4.1548133
3.5157669
3.846161
3.4477026
3.796159
4.645727
4.4353185
4.7546263
4.6464357
5.164046
5.5861983
4.8640866
4.0374436
4.1338606
4.8465886
5.1664944
4.833439
3.9059942
4.552056
4.676076
3.7536287
3.8137138
3.795074
4.1771193
4.236176
4.2184134
4.071929
4.2079434
4.4113655
4.122204
4.291847
4.317358
4.494245
4.623508
4.855639
5.10285
4.4043446
4.095969
4.080636
3.758192
3.8902738
4.157375
5.3124433
4.4736347
4.0642548
4.4849772
4.3747263
4.4568467
4.587839
4.413787
4.7629814
4.53784
4.4091654
4.7542706
5.649528
5.513782
5.681193
5.8074384
5.928471
5.904121
5.9101143
5.830524
5.8392434
5.8431864
5.8257856
5.728193
5.8039083
5.623472
5.5813007
5.6766834
5.873916
6.2877274
5.802148
5.2629876
4.754036
5.0727296
4.825771
4.0429554
4.175448
4.0260363
4.5202465
5.133244
5.121823
5.218177
4.904841
4.9817343
5.776908
5.2186728
4.531726
4.33151
4.857523
5.4556217
5.06791
4.508004
4.660113
4.121478
4.101533
3.8248355
3.9781728
4.198123
3.765195
3.8883464
3.6240711
4.5781507
5.0782275
5.1723146
5.027795
4.0424576
3.735802
3.862886
3.9072995
3.894105
4.552907
4.488181
5.2121534
5.6847816
5.366324
4.9258385
5.046878
4.075698
3.7485156
3.8378396
3.9294434
4.7443104
5.487177
5.2441044
5.5031004
5.451133
4.680007
4.1908393
4.3700166
5.07447
5.0136833
4.8605437
5.0034213
4.4717336
3.8465884
4.2262583
4.5840755
4.195469
4.2591925
4.3544383
4.800007
5.225186
4.593888
4.465602
3.6575685
4.3780336
4.22603
3.6520627
4.501369
4.6681466
4.009919
4.005883
4.034017
3.295367
3.3100963
3.8865228
3.9626443
4.107598
4.403519
3.9125707
4.988732
5.5728545
5.107394
5.037492
4.7466974
3.6695447
4.111111
4.057653
4.5751877
4.196207
3.8262138
3.7617173
4.2830667
4.0790505
4.0537596
3.6062741
3.9906573
4.5917773
3.8343153
4.459539
4.4387784
3.5259886
4.2103567
3.72993
3.6705008
3.6839359
3.7947383
3.7773278
3.7181108
3.7854285
3.7285092
3.750939
3.6132863
3.6351304
3.157565
2.7300515
3.5353992
3.4060204
3.4186504
3.2962923
3.5982895
3.445442
3.5940142
4.144343
4.075402
4.3556643
4.441759
4.258178
4.1993284
4.1370654
4.079401
4.177009
4.0768824
3.8453243
3.447542
3.6047962
3.5689013
3.5853324
3.674417
3.496859
3.5983744
3.7836323
3.831675
3.9551144
4.156743
4.2052493
4.25503
4.1626644
4.2996545
4.268367
4.4102244
4.4457507
4.681357
4.4961324
4.478907
4.467993
4.5102677
4.3901763
4.428322
4.3505883
4.267189
4.262476
4.4636188
4.455536
4.421486
4.750453
4.129518
3.2900996
3.2074714
3.2257833
3.293469
3.1084085
3.0098653
3.3922033
3.3779442
3.0546887
2.929189
3.026023
2.758564
2.6568234
2.62615
2.422896
2.1311147
3.3094718
4.4642763
4.5017037
4.0979505
3.2281883
2.862347
2.9181426
3.3731186
3.451586
3.5456796
4.1826754
5.8505983
6.022613
6.5874624
6.647113
6.2843504
6.4466305
5.976875
5.3601637
4.881486
5.119458
5.104971
5.1645694
5.2784033
5.1235437
4.672023
4.310397
4.2096334
3.9041247
3.9096308
4.021191
4.081073
3.8704288
3.9687715
3.850587
3.9473505
3.8227398
4.3911924
4.2984805
4.408942
4.398016
4.3017135
4.246781
4.336208
4.3895607
4.099679
4.210853
4.3250027
4.467622
4.35046
4.041829
3.848672
3.7334487
3.7746758
3.58113
3.6556237
3.9101677
3.982615
4.067991
4.029681
4.0454683
4.0982766
4.0792284
4.16941
4.019727
4.05429
4.150453
4.2293515
4.384911
4.4978914
