10000
8.85126
8.706138
8.685974
8.777174
8.732111
8.608482
8.645031
8.587337
8.544406
8.1975975
8.051714
7.809586
7.9999
7.995864
7.7827563
8.088663
8.066326
7.6870894
7.300657
7.2119412
7.1041994
7.1560616
7.2407503
7.6460233
7.723382
7.9832506
8.171352
8.330762
8.183048
8.145469
8.275825
8.119679
8.048762
7.8294168
7.9825974
8.243692
8.281985
8.063126
8.148238
8.103991
8.233063
8.132231
7.995796
7.9716644
7.5825214
7.6546702
7.626673
7.937784
8.374252
8.347677
8.230075
8.08975
8.135331
8.385322
8.42629
8.499555
8.549275
8.367822
8.395479
8.193288
8.108819
8.296945
8.071785
8.084272
7.6676254
7.827496
7.6924906
7.8244934
7.7081127
7.983445
8.204023
8.138647
8.189348
8.274307
7.9281664
8.279173
8.571633
8.563201
8.426594
8.279222
8.297516
8.392166
8.189748
8.225506
8.026094
8.116212
8.218508
7.685296
7.739177
7.5474463
7.6876144
7.9617314
8.358669
8.2307415
8.510771
8.186514
7.7698603
8.358401
8.158453
7.737756
7.7662067
7.667755
7.6829185
7.097891
6.605916
6.1657295
6.3327527
5.9560347
5.398573
5.6465874
6.0810385
5.7124476
5.4962063
5.0343494
4.7007565
4.38604
4.539717
5.0628595
5.3711643
6.221114
6.419062
6.158318
5.735378
5.238883
5.4804196
5.6772795
5.412409
5.773628
5.6873903
5.5782385
5.5581036
5.1635847
4.60733
4.612856
4.1449404
4.9039345
4.916902
4.7239003
4.5025773
4.811568
4.736054
4.7825346
4.845817
4.8174496
4.7123985
4.629579
4.7142825
4.742337
4.6145225
4.6327906
4.8670936
4.63604
4.54453
4.6783476
4.8270907
4.562142
4.621434
4.8802075
4.7612796
4.4449444
4.720798
4.810188
4.7995157
4.7606273
4.6264505
4.794941
4.684148
4.601706
4.6586075
4.6868277
4.7214136
4.718542
4.590851
4.627002
4.600724
4.785578
4.498046
4.559267
4.5591016
4.7388315
4.778597
4.776919
4.688573
4.7231493
4.7237024
4.6108465
4.5905905
4.7919364
4.7088623
4.6013823
4.622851
4.5602016
4.756182
4.5820436
4.802558
4.6107445
4.682234
4.6661615
4.5767784
4.561982
4.5122514
4.488214
4.5339403
4.404237
4.6103168
4.560426
4.34728
4.3111997
4.47377
4.4094296
4.4272866
4.429857
4.418051
4.4999905
4.440354
4.4305344
4.3283467
4.2561235
4.443138
4.39513
4.323855
4.270694
4.347478
4.228614
4.2648163
4.186337
4.2750793
4.255736
4.287871
4.28082
4.1887217
4.240103
4.3701906
4.2677813
4.4668565
4.2985387
4.2171407
4.2640324
4.302233
4.300269
4.268351
4.1974034
4.170593
4.210015
4.2638435
4.248555
4.21336
4.2477355
4.138193
4.1433444
4.1984973
4.1568866
4.26466
4.142316
4.1067214
4.157893
4.093392
4.3457313
4.524441
4.6642365
4.9219494
5.103644
5.2772913
5.686272
5.723226
5.189704
5.156216
4.9109554
4.473341
4.1260924
4.227768
4.351679
4.382303
4.213095
4.211208
4.2469835
4.236402
4.069177
4.1168294
4.026122
4.1167126
4.0670085
4.04737
4.031328
4.0154233
6.7195272
6.636716
6.620691
6.4747157
6.379142
6.832816
6.910948
7.0677595
7.2173467
7.5823736
7.6518116
7.5841856
7.4568233
7.4930224
7.2610536
7.1767254
6.9910345
7.2244406
7.7340746
7.741153
7.813685
7.82039
7.8608456
7.9034767
7.5350485
7.4833016
7.2825394
7.2984495
7.1959143
7.5868235
7.8161626
7.686145
7.8394365
7.8352776
7.7426147
7.7621126
7.75606
7.6227107
7.5604386
7.459289
7.5382276
7.645337
7.7540646
7.890649
7.826673
7.799691
7.8660655
7.8418245
7.738063
7.204926
7.057112
7.002361
7.162955
7.250592
7.3520317
7.45585
7.4877963
7.3781886
7.5009947
7.522385
7.4691563
7.558933
7.4322143
7.4142947
7.415456
7.447796
7.493902
7.787491
7.5480123
7.4940352
7.4739385
7.4087706
7.3326244
7.026273
7.1587095
7.3180037
7.597635
7.512236
7.7458572
7.6586127
7.595297
7.532604
7.5521717
7.5810585
7.3912826
7.336329
7.200845
7.4352045
7.521357
7.5464787
7.558739
7.602578
7.650988
7.629748
7.574565
7.6752934
7.5102797
7.3760977
7.4456916
7.8625975
7.675292
7.6902294
7.5743136
7.602848
7.471879
7.6684055
7.6475286
7.5391216
7.38924
7.392504
7.515423
7.8118463
7.860643
7.7234054
7.5301414
7.5670166
7.643916
7.9148993
7.7907295
7.455726
7.0852222
7.327538
7.3540344
7.319484
7.509452
7.430387
7.4454675
7.604563
7.4341817
7.666299
7.35266
7.33449
7.2737184
7.5632644
7.770487
7.8384953
7.9006453
7.6290736
7.821409
7.748823
7.6021504
7.6166887
7.4421124
7.3232512
7.476775
7.5688553
7.3201876
7.469815
7.5050282
7.55075
7.6130323
7.69627
7.661012
7.577802
7.358664
7.352543
7.535689
7.851555
7.7171144
7.6589346
7.8181615
7.845854
7.8703594
7.8031893
7.3911552
7.2974124
7.196071
7.312957
7.566007
7.564746
7.40959
7.5576253
7.5352373
7.496429
7.5209765
7.665634
7.409964
7.3797426
7.4627395
7.35727
7.7823877
7.6414533
7.7545905
7.605672
7.5290766
7.6882305
7.496822
7.4231434
7.441229
7.283138
7.1789536
7.452447
7.829144
7.8255796
7.693641
7.5690703
7.4633904
7.4823637
7.4353986
7.4515066
7.3081827
7.44531
7.2376375
7.166167
7.5969586
7.581078
7.3675566
7.535382
7.3444033
7.36185
7.276958
7.2726007
7.194722
7.08572
6.8922133
7.338318
7.4038506
7.556617
7.421512
7.426479
7.535943
7.5953093
7.448745
7.4971213
7.659993
7.5687933
7.39642
7.7393355
8.04414
7.721025
7.7146626
7.6382985
7.8705077
7.94761
7.8624835
7.675304
7.6112375
7.4140725
6.9871726
7.2438674
7.451453
7.229093
7.326066
7.4205003
7.293138
7.2688265
7.2417474
7.203018
6.909858
7.0784974
7.04869
7.0341153
7.088311
7.2476635
7.236434
7.187318
7.150156
7.3546233
7.2110357
7.2319307
7.205004
7.166745
6.8867226
7.340654
7.3913674
7.5102606
7.449881
7.491936
7.373041
7.657115
7.654698
7.531191
7.288179
7.0001316
7.073828
7.0872827
7.1808147
7.20528
7.1154437
7.3093505
7.2905793
7.1788015
7.0575695
7.03767
6.775863
6.571381
7.091022
7.2077713
7.2653666
7.326202
7.469043
7.5973597
7.6179376
7.4876595
7.644763
7.3412857
7.215989
7.3550205
7.3860965
7.7613974
7.715174
7.7859945
7.4766445
7.3875375
7.2926536
7.282159
7.1786065
6.828585
6.700002
6.9748893
7.1850986
7.2540126
7.4045186
7.485428
7.3612423
7.353253
7.4175572
7.520361
7.322071
7.368577
7.2110195
7.550461
7.557118
7.5674076
7.679235
7.678771
7.4434843
7.4599133
7.7165074
7.685816
7.735527
7.481662
7.239588
7.436287
7.5176344
7.6403017
7.5305266
7.362283
7.408411
7.280428
7.4189515
7.3389397
7.4575415
6.994178
6.923799
7.1513557
7.4163885
7.68186
7.860414
7.7253714
7.6457253
7.3783383
7.7907796
7.7461376
7.583492
7.224478
7.1294913
7.4269047
7.588555
7.6968775
7.3883433
7.421744
7.336702
7.5278354
7.639662
7.5371447
7.3946133
7.29699
7.4598346
7.7318277
7.8079834
7.9494815
7.8615713
7.6545725
7.730561
7.6726446
7.686279
7.6503034
7.6469674
7.5331655
7.4026146
7.6205783
7.783779
7.5217085
7.5551896
7.550962
7.425043
7.488669
7.6842375
7.600237
7.4286647
7.3875475
7.580805
7.932293
8.177056
8.1564045
8.066644
7.881817
7.9477844
8.143201
7.937448
7.8257217
7.6342463
7.491551
7.6747885
7.785242
7.639914
7.451416
7.3457675
7.553206
7.645547
7.7903147
7.975785
7.68592
7.5409026
7.4259753
7.8699822
8.129489
8.23347
8.147767
7.8732376
8.032575
8.156619
7.9829197
7.709664
7.7068043
7.680767
7.930179
7.930282
7.857029
7.7204885
7.5515394
7.629401
7.6256046
7.9079494
7.914926
7.77912
7.877807
7.9657664
8.236933
8.275888
8.261478
8.235462
8.260393
8.410252
8.352972
8.193999
8.0728
7.925905
7.733594
7.814739
7.7589526
7.7304997
7.558543
7.4505653
7.675795
7.7527924
7.8020105
7.8834815
7.6377754
7.566791
7.8871193
8.196988
8.101001
7.9988823
8.050789
8.071839
8.105244
8.172435
8.27457
7.9909916
7.6422734
7.7750235
7.986916
7.7744093
7.7719946
7.9090743
7.84505
7.738352
7.6797194
7.9045367
7.965948
8.017757
7.9567676
7.7279596
7.9137926
8.221751
8.229492
8.108723
7.908803
8.015147
8.149591
8.211258
8.336949
7.8097477
7.835491
7.657832
7.6492167
7.614838
7.539489
7.530866
7.8075023
7.7387304
7.681345
7.722844
7.6972575
7.404085
7.4915266
7.629181
8.014222
7.8375764
8.010255
7.699532
7.8612056
7.888888
8.219109
8.032438
7.7527037
7.857166
7.948143
8.224607
8.073396
7.9933996
7.7718134
7.890571
7.870812
7.868997
7.9190035
7.9814153
8.104099
7.9933095
7.9507008
7.934906
8.204113
8.207307
8.150406
8.09066
7.981778
8.105117
8.065265
7.9863744
7.773305
7.829358
7.67257
7.614085
7.7824283
7.9985657
7.7699146
7.917145
7.9080544
7.988324
7.97641
8.097578
8.063109
7.981999
7.8777647
8.043311
8.127064
8.264409
8.127845
8.191773
8.257848
8.191325
8.062874
7.952362
7.844321
7.8985567
8.391241
8.060062
8.157393
8.074201
8.085766
7.9870224
8.209681
8.278463
8.208791
8.135871
7.935362
7.865584
7.8542786
7.895208
7.990083
7.889809
7.9176145
8.052272
8.036295
7.8506193
7.9655685
7.966943
8.250416
7.948539
8.185119
8.058047
7.577397
7.471291
7.470805
7.530964
7.913455
7.9597607
7.9989066
7.938027
7.7720933
7.8104653
7.7994714
7.997788
8.043868
7.883497
7.7885876
7.7205677
7.6319027
7.7958517
7.7757845
7.6455374
7.4089756
7.7243066
7.7606177
7.4363
7.3071127
7.326667
7.4285073
7.469987
7.4277983
7.595407
7.660844
7.6241035
7.2597365
7.112874
6.968925
7.122352
6.7137084
6.955852
7.084228
7.1684847
7.2535086
7.2097473
7.2800875
7.100469
7.499873
7.440258
7.6350174
7.5217237
7.663159
7.6018987
7.6722746
7.618596
7.311671
6.866475
7.0267344
7.278519
7.010979
7.2599897
7.1911244
7.309834
7.393385
7.4043345
7.238159
7.1146545
6.96576
7.35699
7.2549915
7.1377716
7.2038984
7.41167
7.540587
7.516976
7.354806
7.130458
7.3932114
7.488451
7.755084
7.7954955
7.8351736
7.811076
7.680699
7.633146
7.6401014
7.546344
7.66671
7.744477
7.2761736
7.275884
7.1056957
7.000559
7.1122093
7.3125305
7.2484083
6.943806
6.8993607
7.0046854
7.1649694
7.143213
7.1518774
7.2797337
7.1845193
7.248273
7.0800114
7.001546
6.993606
6.979389
7.212943
7.21252
7.4489894
7.434429
7.321176
7.596422
7.5774665
7.5224137
7.368306
7.1123457
6.6561613
7.304439
7.455127
7.331154
7.2822027
7.394647
7.2634535
7.1987414
7.192638
7.2953033
7.403804
7.4306717
7.033451
7.4019074
7.277363
7.401903
7.4740133
7.503401
7.2158194
7.200531
6.760387
6.8566885
7.2727847
7.494381
7.3270273
7.61625
7.551119
7.511594
7.724398
7.503925
7.5301213
7.458397
7.3696876
7.318073
7.1316776
7.388649
7.2407427
7.519676
7.421964
7.477105
7.3134413
6.9868145
7.1492624
6.85399
6.6754365
6.878813
7.452221
7.4499474
7.506718
7.346525
7.1810627
7.0246034
7.006824
6.989588
6.9951754
6.765023
6.6600714
6.648149
6.9130516
7.035247
7.041828
7.184174
6.923616
7.064586
6.8997717
6.800149
6.9464645
6.6886272
6.8353486
6.839051
7.0991645
7.0655813
6.735086
6.8396587
6.631427
6.8115497
6.723799
6.8723993
7.0882654
7.136214
7.119794
6.8258376
7.2174983
7.1607738
7.0301085
6.9396257
6.9564366
7.2225647
7.4750867
7.684029
7.435504
6.953849
6.420192
6.4824705
6.6358643
6.8203187
7.1172085
7.2356734
7.520246
7.398309
7.718014
7.915109
7.9512963
7.865262
7.8383274
7.571767
7.325263
7.1816053
7.2635555
7.0707803
6.9389734
7.0184536
7.2577453
7.167618
7.819011
7.8807554
7.5553513
7.492264
7.4534526
7.2437325
7.083636
6.877178
6.860822
7.067192
7.2246003
7.5481367
7.718354
7.6842976
7.5281677
7.3793087
6.7752495
6.6077595
6.5126333
6.4695306
6.537956
6.630166
6.67862
7.063716
7.1492805
7.2812085
7.434496
7.2655363
7.1732826
7.258047
7.014899
7.124212
7.1560516
7.168929
7.588606
7.600801
7.599739
7.316824
7.191041
7.0010996
6.6982064
6.765041
6.4759135
6.4276524
6.3178215
6.4515986
6.744607
6.781714
7.0260067
6.9402714
7.0446205
7.011587
7.3795075
7.038306
7.0567966
6.818451
6.9153924
7.1308537
7.22433
7.257664
6.9174
6.6579084
6.633051
6.6916113
6.8096633
6.1449156
5.918566
5.8388042
5.9780693
6.0871906
6.259178
6.6761923
6.6690254
6.372703
6.5771513
6.9733963
6.8494835
6.7097116
6.4796376
6.603195
6.631963
6.829488
7.110423
6.994891
6.7145333
6.7796826
6.613081
6.176816
6.2966757
6.2000575
5.8801947
5.618246
5.5911865
6.0284233
6.0222445
6.5398993
7.0198116
6.7124248
6.745626
7.0737796
7.042856
6.8606873
6.342879
6.623973
6.8059587
7.053413
7.072202
6.9111466
6.9149323
6.6049805
6.435305
6.434574
6.4387593
6.434891
5.8313675
5.6747375
6.2233267
6.1775856
6.514588
6.6878505
6.6094227
6.4688406
6.521925
7.2917404
7.0690613
7.019548
6.3696837
6.843547
7.184404
7.344861
7.4046807
7.2619653
6.7150664
6.3802013
6.3350763
6.6287446
6.4782505
6.003781
6.163036
6.275314
6.4543786
6.6243787
6.7797055
6.4901915
6.404566
6.185417
7.1831217
7.110189
7.050467
6.934508
6.9429464
7.0474906
7.0763693
7.2328453
7.062992
6.945326
6.0026555
6.2110276
6.3214808
6.4743843
6.177017
6.093481
6.4481745
6.594443
6.827066
6.7285714
6.199824
6.1534777
6.326126
6.8087845
6.880822
6.6789675
6.8026485
6.743231
6.709209
6.9012146
7.0658545
6.8284674
6.334707
6.022448
5.7721734
5.843227
5.9233103
5.8571653
5.3485546
5.328148
5.61953
5.9897943
5.8746367
6.1627717
6.0189853
5.961332
6.0074763
6.0698256
6.2160673
6.415437
6.5922318
6.388608
6.2856197
6.7294135
6.8815413
7.2616754
7.194851
6.6813893
6.20743
5.707037
5.5815077
5.9508457
6.1307564
5.98209
5.932816
6.4813814
6.4282055
6.5932145
6.549487
6.263462
6.1538754
6.2885995
6.2906938
6.600848
7.0380745
7.0675683
7.0707855
7.2548327
7.294067
7.3804708
7.101411
6.4680295
5.9170933
5.3537054
5.173619
5.6404757
5.7612934
5.835468
5.865902
6.204737
6.3036427
6.4607253
6.3383927
6.01216
5.989936
6.5202017
6.794289
7.201897
7.2287917
7.2204175
6.9172354
6.9073343
7.0876493
7.130074
6.9017496
6.1189146
5.7655754
5.613689
5.646442
5.965771
6.172119
6.2884955
6.378065
6.4549313
6.08891
5.7437673
5.650726
5.7973175
5.75142
6.2600784
6.9545164
7.1957417
7.330571
7.308832
7.0971074
6.978045
6.6654162
6.2791686
5.986105
5.5044727
5.938768
5.60832
5.73761
5.784482
6.000981
6.247725
6.244138
6.0926113
5.9391775
5.9446263
6.3399563
6.0852637
6.458825
6.465871
6.7580113
6.564358
6.78149
6.867891
6.6629624
6.6095457
5.9240193
6.0672045
6.025297
6.496712
6.6494613
6.5879536
6.3743773
6.730978
7.0123487
6.9966087
7.012576
6.875778
6.83594
6.80791
6.976287
7.3200874
7.088313
6.8965945
7.174361
7.2452836
7.3642807
6.8938003
6.795749
7.0655427
6.970353
7.079441
7.034552
6.844137
6.5592985
6.831169
7.1816607
7.6129456
7.754872
7.2913423
6.8885746
6.8598623
7.128135
7.0284243
6.997057
7.0584965
7.002617
7.1502495
7.0686326
7.114619
6.960372
6.371711
6.1896515
6.23882
6.102181
6.1899667
6.5348883
6.569671
6.6534534
6.616564
6.7485867
6.752646
6.504692
6.2042203
6.1315007
6.15968
6.178338
6.3178887
6.098946
5.849696
5.8863482
6.315582
6.4925995
6.326453
6.390984
6.2074246
5.9998116
6.5069942
6.4739633
6.7470837
6.599104
6.3449426
6.526318
6.5329046
6.4403276
6.427482
6.316933
6.626299
6.500334
6.7585382
6.775422
6.2892046
5.8756967
6.165141
6.4256425
6.4538894
6.498747
6.5675087
6.5222282
6.5353656
6.4667425
6.6315827
6.3886533
6.289219
6.071379
6.4176493
6.3807335
6.6327214
6.8199434
6.49741
6.2036886
6.3859224
6.6032286
6.527418
6.66858
6.2155895
6.3315935
6.5867276
6.8004274
7.1879864
7.2364097
6.8886023
6.850143
6.41982
6.792178
6.5239477
6.735511
6.657113
6.635998
6.977366
7.0478563
7.333789
7.1602182
6.63166
6.9199905
7.0364633
7.1217194
7.02843
6.6352663
6.619188
6.834472
7.152755
7.5395765
7.50054
7.432931
7.1863956
7.050778
7.069235
6.64344
6.648124
6.807534
6.9399076
6.979815
7.219993
7.21543
7.1813593
6.6301246
7.1797996
7.3915253
7.292113
7.318843
7.5330105
7.0425115
6.8959813
7.2970195
7.2966914
7.6126814
7.384392
7.393114
7.007178
6.873228
6.706586
6.577194
7.0681763
7.2786837
7.315705
7.169581
7.1079397
6.9820623
6.6156244
7.14496
6.9808292
7.007101
7.315241
7.564997
6.8878813
6.776808
6.687619
7.095168
7.3103137
7.0484886
7.07971
6.850905
6.705536
6.981576
6.8834925
7.2400284
7.261656
7.053815
6.9038043
7.0374517
6.5587063
6.69048
7.096547
6.9691734
6.97601
7.3965797
7.168116
6.8680954
6.6459913
6.7544866
7.1707153
7.2085633
7.262976
6.868795
6.97075
6.841531
6.382557
6.825309
6.822447
6.858769
6.7888303
6.680817
6.194926
6.3755107
6.8724813
7.145583
7.2773523
7.3397923
7.2918944
7.067924
6.724665
6.6336045
6.787689
7.114252
7.3859544
7.2157116
6.9711795
6.876826
6.597641
6.894844
7.3070135
7.142204
7.1329226
6.9496174
6.6886244
6.301809
6.910182
7.325956
7.2115307
7.3352957
7.3963385
7.0584006
6.8819294
6.7804575
6.663562
6.890093
6.9416733
6.9328423
7.0383954
7.091116
6.8157387
6.564268
6.5486164
7.11527
7.445302
6.9384303
6.652726
6.3852935
6.6588964
7.006948
7.0101385
7.2686777
7.3068805
7.2310386
6.858299
6.6754813
6.5503135
6.6156425
6.652666
6.725106
6.687767
6.881257
6.8622813
6.9430323
6.493955
6.8902845
6.98635
6.7584233
6.648941
6.2701797
5.893737
6.332224
6.529271
6.8897567
6.761098
6.9426193
6.76898
6.662412
6.7484136
6.566153
6.468256
6.577305
6.722383
6.8138633
6.639813
6.5614705
6.198032
6.2728786
6.7230024
6.6440315
6.9231615
6.5496774
6.2380366
6.011263
6.235572
6.8670325
7.0194535
7.0598717
7.0272055
7.0497255
6.733696
6.768101
6.7329526
6.6711965
6.7452636
6.9283657
6.916071
7.085284
6.8987293
7.0318885
6.679504
6.6766663
6.9599295
6.7878785
6.719027
6.3901443
6.5255365
6.502433
6.9103823
7.110158
7.101585
7.2363343
7.2061367
7.0926976
6.961855
6.871044
6.901505
6.7533154
6.9084706
7.0410495
7.1927323
6.840454
6.8059916
6.8079367
6.5984964
6.69612
6.6290765
6.591368
6.183103
6.42706
6.8863764
7.1725507
7.346195
7.029421
7.0969944
6.9987035
6.953865
7.034609
7.013294
6.8829956
6.7186184
6.9642997
7.140141
7.141064
7.107095
7.238219
6.918283
6.8370376
6.8547206
6.631404
6.555098
6.5024333
6.3756
6.7719054
6.8697586
7.06681
7.286662
7.011409
7.1649313
6.940792
6.8306904
6.7597985
6.595229
6.7162166
6.859932
7.017256
7.191018
7.2406797
7.362667
6.9055552
6.6839075
6.529355
6.714684
6.7680697
6.5621805
6.711057
6.988783
6.987148
7.2637415
7.1730566
7.060081
7.01428
7.053347
6.9860964
7.16372
7.010251
6.88907
6.8605294
7.0525823
6.9448028
6.794391
6.94385
6.859797
6.8609743
6.921769
6.7463193
6.7466607
6.5664907
6.279064
6.571137
7.0212603
7.1324134
7.0760155
7.027755
7.147932
6.9378467
6.9588385
7.0681605
6.9488497
6.794946
6.6982102
6.8896427
6.787672
6.92808
6.4582276
6.806908
6.8342047
6.3622665
6.434157
6.288396
6.1594462
6.053912
6.008356
6.242227
6.5449677
6.7875075
6.92782
6.9475045
6.929658
6.879298
6.920153
6.795727
6.633898
6.915188
6.780575
6.8066382
6.746187
6.5018783
6.3708344
6.4017534
6.2542505
6.169132
6.192353
6.0646505
6.0135407
5.7738457
5.8740144
6.2773457
6.407858
6.7149334
6.67865
6.795951
6.8695736
6.7420177
6.627445
6.631234
6.571903
6.518104
6.6121416
6.7341747
6.4257894
5.80707
5.5943046
5.4463615
5.299093
5.754589
5.9589276
6.1655936
6.215874
6.094043
5.7926993
5.573602
5.935727
6.227648
6.5601997
7.2074037
7.1463733
7.1141896
7.2967005
7.385853
7.3343153
7.0138197
6.955928
6.8885617
6.991661
7.0513735
6.8768253
6.8816996
7.149534
7.520275
7.600134
7.4635496
7.456233
7.561553
7.3977137
7.1847734
7.307456
7.0835543
7.3151007
7.4713297
7.3952045
7.4306293
7.337206
7.095211
6.930358
6.803133
6.5866165
6.846702
6.8042665
6.693324
6.4263396
6.471689
6.4156775
6.466847
6.3678894
6.549497
6.8264775
7.1061277
7.0768476
7.2097626
7.547908
7.04872
6.7939405
6.7468204
6.636141
6.682179
6.441531
6.3952756
6.304888
6.246774
6.361927
6.5082893
7.0234976
7.048886
7.1811123
6.703995
6.5152483
6.121023
5.604247
5.6486745
5.6422606
5.398362
5.4905095
5.4846196
5.7326
5.350791
5.442857
5.4968104
5.6341486
5.6406517
5.652175
6.23975
6.1191864
5.7177463
5.275576
4.8172474
4.925869
5.051176
5.4795837
5.5163856
5.834428
5.586231
5.2291174
4.8386126
4.68091
5.100659
5.334214
4.9061956
4.6681924
4.318412
4.509224
5.147964
5.478475
6.036031
5.9541726
5.879719
5.7901373
5.7233753
5.6814466
5.3731894
5.0486445
5.0455923
5.5473323
5.9959774
6.64011
6.2701774
5.7541013
5.116824
4.751281
5.6776433
5.834327
5.5523577
5.151208
5.030114
5.0929065
5.649854
5.890025
5.9372654
6.157977
6.122942
5.998152
5.8652987
6.081752
5.6508713
5.4715886
5.4425755
5.5088468
5.513053
5.7219357
5.4639583
5.125504
4.8769383
4.525432
5.243198
5.8617682
6.060076
5.753271
5.236318
5.304384
5.307657
5.56282
5.7200975
5.7453504
5.631584
5.557492
6.419165
7.0690475
6.6502895
5.9117923
5.5413074
5.43061
5.7708817
6.4568095
6.3327923
6.479388
5.697759
5.3978376
5.4956036
6.1449723
5.952903
5.3578396
5.158507
5.144901
5.402352
5.965269
5.955827
5.4720736
5.2367105
5.458657
6.577412
6.714814
5.820202
5.566053
5.588168
5.6999764
6.2539253
6.585047
6.393582
6.2672095
5.500524
5.1882524
6.0064254
6.207697
5.7213235
5.426017
5.4532275
5.7121744
6.074648
6.1581287
6.20182
5.760567
5.747414
5.9528627
7.008378
6.729058
5.721359
5.4617276
5.2842264
5.2331457
5.493518
5.9810705
6.2310762
5.8039412
5.468646
5.383389
4.843378
5.01947
5.5812345
6.0303493
5.876483
5.3240175
5.2419634
5.3984547
5.466187
5.7918997
6.5823946
6.3928256
6.112122
5.601662
6.106018
6.5435505
6.59982
6.2166176
5.9349685
5.667476
5.27969
5.604684
6.0747414
6.098632
6.0425577
5.8479595
5.9775615
5.7931976
5.36408
5.3148713
4.926578
5.4602623
5.8939323
5.6625814
5.336401
5.4363847
5.360858
5.198639
5.4004326
5.7123036
6.2998343
6.197937
6.0400853
5.7735906
5.7602024
6.3987064
6.7494073
6.2247357
6.0974097
6.293687
6.1615334
6.206025
6.256861
6.134194
6.288265
6.4192867
6.2623158
6.068519
5.950413
5.8823757
5.968465
6.0130105
5.896577
5.6809835
5.472244
5.78981
6.223752
6.4304347
6.4241614
6.310643
6.2531643
6.401574
6.740526
6.834396
6.5504665
6.5793347
6.5241947
6.56169
6.705719
6.796708
6.9935517
6.8849583
6.749836
7.210179
7.2036705
6.789393
6.9579773
6.818401
6.7604775
6.629029
6.837775
6.587039
6.7723184
6.9736876
7.009165
7.101119
7.244219
7.0654507
7.2871847
7.348362
7.311951
7.1380644
7.0395613
7.3020573
7.261736
7.3788133
7.3387446
7.2095275
7.092926
7.061725
6.9660206
6.8698397
7.054413
7.124502
7.414932
7.7382574
7.394341
7.6781254
7.5084944
7.6448545
7.393017
7.1597123
7.2164273
7.281957
7.1967225
7.2548018
7.0112333
7.2200904
7.3578987
7.242931
6.818606
6.5924335
6.4765697
6.4463034
6.3170595
6.449611
6.703536
7.043414
7.1169295
7.1900177
7.1882396
7.074358
7.207857
7.196334
7.021634
6.9495792
6.7199364
6.6538906
6.8474445
7.0164905
7.215859
7.004403
7.21951
7.1205587
6.84256
6.951724
6.971058
6.932931
6.8103867
6.8190775
6.9784603
7.3060064
7.2276278
7.6487803
7.373748
7.494217
7.4872155
7.4462786
7.5668726
7.5779934
7.3086605
7.184767
7.1046605
7.0947037
7.141418
7.6118555
7.7903514
7.977528
7.395893
7.4784055
7.7332478
7.775914
7.4617796
7.295337
7.5981646
7.9039855
7.802616
7.797847
7.439763
7.2972703
7.6001616
7.3300276
7.313964
6.978734
6.953226
7.109659
7.239068
7.1040483
7.60822
7.783626
7.9646063
7.6216426
7.1589365
7.2107553
7.3782225
7.3345737
7.209599
7.128491
7.4018807
7.8582935
8.112921
7.8723903
7.4343176
7.4408474
7.491462
7.8140883
7.794339
7.4452114
7.211663
7.25736
6.820833
6.8402667
7.0496473
7.4284754
7.6600704
7.2133856
7.2889585
7.4294024
7.364008
7.1869683
6.7973537
7.066004
7.20212
7.5013723
7.7314963
7.364998
7.1461334
6.918261
7.4235325
7.8992
7.65166
7.4708533
7.3791056
7.239981
7.358543
7.371439
7.5998616
8.006774
7.7434535
7.597726
7.398947
7.293734
6.8901258
6.797327
7.2765527
7.504945
7.763123
8.065811
7.9679313
7.7658052
7.709401
7.99813
8.264747
8.0707245
7.8095765
7.649232
7.730956
7.9261293
7.741615
8.180332
8.226144
8.012868
7.4295464
7.603828
7.5850043
7.211672
7.1148562
7.1119485
7.3358965
7.5703883
7.7878766
7.2362723
7.1155386
7.2120996
8.094366
8.097966
7.7739415
7.6095657
7.478519
7.4777403
7.6132627
7.7600517
7.723762
7.931189
7.6263294
7.3487687
7.033642
7.071207
6.9605484
7.0366592
6.783388
6.829273
7.0603704
7.04908
6.6580987
6.789307
7.0593123
7.3237824
7.2205687
7.101209
7.1317163
7.2275085
7.125368
7.051567
7.358284
7.518387
7.4965086
7.727779
7.3561687
7.231195
7.0716
7.256635
7.2306414
6.916518
6.9929976
7.086042
7.0610657
6.692733
6.684782
7.071641
7.914952
8.0417
7.996956
8.094742
8.028215
7.885691
7.696228
7.782051
7.786069
7.5630836
7.6908884
7.2626753
7.245778
7.733102
7.565353
7.424799
7.608167
7.335347
7.454588
7.515128
7.7611136
7.4239755
7.2206407
7.2314324
7.443153
7.9376793
8.292009
8.177184
8.107909
7.944004
7.9886055
7.9320536
7.8697457
7.696926
7.7914414
7.817662
7.7051153
7.288791
7.275221
7.295618
7.3362107
7.2106395
7.3487787
7.238779
7.31921
7.026183
6.998691
6.9272757
6.970492
7.687813
8.049364
7.9629216
7.9623785
8.037985
7.8253236
8.030587
7.7945232
7.9633617
8.076024
7.8396425
7.0999274
7.423552
7.491599
7.357538
7.281535
7.21183
7.053241
6.987076
6.9726453
6.7946277
6.750019
6.9009814
7.411612
7.7658195
7.7689414
7.766465
7.798148
7.871457
7.769931
7.960864
7.84927
7.725005
7.7479806
7.6294975
6.9592214
6.9047413
7.448385
7.3258333
7.670822
7.420412
7.253248
7.320156
7.368161
6.837312
6.5581727
7.0147023
7.2431965
7.7379956
7.6910305
7.676559
7.3975554
7.4175963
7.6213346
7.673214
7.707762
7.664173
7.5769386
7.201067
6.4854507
6.788795
7.298891
7.1943007
7.3511996
7.3911796
7.2355785
7.170278
7.2435055
6.8740244
6.8469267
7.187135
7.5073347
7.6346383
7.7388587
7.482422
7.678325
7.554095
7.5992107
7.4471636
7.517801
7.499597
7.3929887
6.8929887
6.8392696
7.251007
7.125428
7.256848
7.196202
7.2736945
7.1501255
7.396722
6.9105225
6.7853594
7.31398
7.4115796
7.665843
7.8102255
7.707876
7.8979917
7.95819
7.98957
7.7683716
7.578949
7.600016
7.58402
7.407514
7.010608
7.1746635
7.337216
7.3231077
7.4545517
7.3333573
7.300472
7.254516
7.1701517
6.702711
6.6732106
6.8967733
7.0984817
7.1084466
7.0074506
6.786158
6.8263984
6.8929086
6.9366207
6.909817
6.5691404
6.6814027
6.789023
6.4722643
5.745574
6.3426676
6.530305
6.5526953
6.6044703
6.5431695
6.4192057
6.220397
5.712353
5.6098423
6.2417006
6.590543
6.8914547
7.423854
7.383219
7.0991154
7.4328265
7.6177506
7.1392584
7.13179
6.758062
6.767357
6.6608505
6.3136916
6.0334625
5.9946904
6.318879
6.187338
6.009964
5.813166
5.9067445
6.015432
6.4563413
6.3318205
6.5782857
6.744653
6.928178
6.901516
6.829238
6.9189205
6.7439103
6.6411014
6.3385386
6.376139
6.4583025
6.3648524
6.445795
5.954166
6.0281887
6.6304636
6.702716
7.065922
7.06355
6.8722982
6.9567447
6.747514
6.3938427
6.477443
6.8563886
6.9411244
7.0991297
7.202388
7.2330227
7.578801
7.571775
7.526575
7.725725
7.4504085
7.180069
7.17227
7.2272444
6.429434
6.5674753
6.446556
6.7901254
6.9665446
6.882778
6.9521875
6.892669
6.8107347
6.7588334
6.258048
6.699369
7.0468054
7.4338903
7.4585414
7.2201605
7.3322506
7.3946896
7.608205
7.4183426
7.6319227
7.3111873
7.2345104
7.2313366
7.2133155
7.097058
6.858649
6.791057
6.986449
7.2910237
7.232662
7.2248697
7.311514
7.1494565
7.1591315
7.0469685
6.9930506
6.8975873
6.762093
6.619749
7.1902914
7.026732
7.185888
6.9856195
6.72705
6.5351005
6.684634
6.6414647
6.675923
6.564837
6.508813
6.6636696
6.6083994
6.538027
6.6818514
7.1320057
6.801041
6.829796
6.8337984
6.883203
6.993735
7.260733
7.014336
6.6570253
6.709102
6.654915
6.4345784
5.932479
6.237127
6.551496
6.429457
6.559394
6.3392506
6.2455873
6.430634
6.537368
6.6272717
6.592576
6.7018423
6.7090044
6.77664
6.839405
6.902241
7.2429557
6.9504576
6.3054705
6.2085323
6.2611647
6.434838
6.3147535
6.3680325
6.1574154
5.9977236
5.8329153
5.4394255
5.470453
5.349965
5.3644567
5.7796526
5.7881875
5.5335035
5.0599575
5.0589666
5.353869
5.9316754
6.149507
5.831182
5.7250757
5.9953046
6.2521706
6.247747
6.547843
6.1132207
4.9337735
4.623517
4.927202
5.919264
6.1238503
5.8920674
5.791086
5.742369
5.2515965
5.4182577
5.5861983
6.344226
6.0040236
5.827323
5.4410605
5.8169613
5.7379093
5.3196073
5.438086
5.235482
5.6955643
6.0045457
6.4705286
6.009335
6.3945284
6.0308123
5.5772824
5.1084123
5.0486484
5.3999324
5.7584786
5.183089
4.9142637
4.7281346
4.7090464
4.663263
4.804152
4.861047
4.7602053
4.4634366
4.525202
3.547576
5.3814025
5.3377957
5.396549
5.2474356
5.353664
5.192298
5.083001
5.3203707
5.262173
5.29095
5.3279934
5.218438
5.114162
5.204726
5.3278465
5.3848977
5.4697623
5.362761
5.437525
5.4173203
5.420626
5.680151
5.663492
5.7479672
5.5036125
5.65764
5.4416947
5.5757008
5.6899986
5.6676073
5.823457
5.576367
5.7862334
5.8084416
5.739456
5.822407
5.619529
5.67565
5.5264354
5.5056257
5.8456917
5.9880066
5.86786
6.007666
5.8990536
5.969465
5.905977
5.9613733
5.7103806
5.9420147
5.78405
5.733572
5.7212133
5.677117
5.5877314
5.660885
5.5813856
5.692763
5.7430754
5.7293005
5.5856266
5.618327
5.659814
5.803388
5.7928524
5.6183386
5.818639
5.58526
5.651426
5.81822
5.666605
5.5008025
5.849345
