10000
8.673188
8.520367
8.483446
8.587831
8.517721
8.541435
8.608698
8.5401745
8.565314
8.623653
8.622695
8.63973
8.599859
8.726891
8.628058
8.673777
8.620036
8.605519
8.68622
8.729243
8.692417
8.707618
8.6737
8.750459
8.661453
8.790031
8.681685
8.760952
8.731811
8.727757
8.774389
8.726486
8.632935
8.627204
8.602902
8.600979
8.570168
8.671711
8.570494
8.614901
8.488901
8.429523
8.441035
8.401623
8.319706
8.163049
7.985461
7.6871657
7.6284847
7.690148
7.442156
7.5292726
7.5210714
7.604938
7.5040264
7.4186134
7.3443384
7.4730906
7.5444098
7.707355
7.827707
8.066319
7.930831
8.026825
7.9032693
7.7441974
7.26025
6.801057
6.8199654
6.4489884
6.144822
6.000479
5.943228
5.889348
6.08055
6.0934258
5.9822187
5.720558
5.694007
5.296066
4.914789
4.7324133
4.8154707
4.8606043
4.8232007
4.7958035
4.8099813
4.7933855
4.7795277
4.7182584
4.751294
4.88585
4.822421
4.871682
4.7961326
4.887993
4.9268694
3.9569936
4.000078
3.8205874
3.843917
3.8652358
3.7873201
3.8910222
3.8469548
3.7743506
3.9077702
3.8825355
3.9174905
3.8781424
3.8330579
3.7914019
4.0437865
4.026445
3.8591552
3.9897184
3.8796287
3.9013724
3.869131
3.8772204
3.821467
3.88726
3.8894577
3.9315813
3.9830117
3.9630353
3.8800883
3.934722
3.9286075
3.869309
3.8690233
3.8472266
3.8767729
3.8293953
3.88323
3.852599
3.9621034
3.8295436
3.8851264
4.593493
4.5315366
4.4483833
4.4859257
4.4180646
4.4313726
4.507129
4.5228176
4.5586925
4.5055556
4.5458364
4.4992037
4.4169164
4.6104956
4.5254393
4.566139
4.5161085
4.584065
4.440549
4.546139
4.5103965
4.525948
4.5500793
4.5253344
4.438209
4.612316
4.44711
4.584426
4.5386567
4.5574937
4.4046702
4.4969196
4.559852
4.4794073
4.8225183
4.684798
4.721345
4.6079845
4.687763
4.598947
4.7470555
4.593532
4.6167
4.6807413
4.7345896
4.7911234
4.7545204
4.7874856
4.837905
4.802275
4.873451
4.855129
4.905501
4.919858
4.9231777
4.9307394
4.7639647
4.7455444
4.7618346
4.74786
4.557674
4.746028
4.662296
4.6472106
4.4165573
4.535514
4.5952535
4.5554366
4.596675
4.467648
4.5215983
4.612816
4.636198
4.516982
4.527785
4.546214
4.5361295
4.480279
4.5300007
4.43998
4.485775
4.3761415
4.4727817
4.3092623
4.3431096
4.1738906
4.202942
4.210094
4.155422
4.288223
4.2113647
4.1926875
4.271852
4.318296
4.346852
4.2730284
4.2665787
4.3732376
4.397573
4.4602137
4.51889
4.4680696
4.5467205
4.669291
4.52415
4.729745
4.5844584
4.782425
4.5517735
4.6183157
7.0150695
7.028283
6.8827868
6.9383273
7.039763
6.776634
7.045278
6.87724
6.981593
6.930223
6.991559
6.918469
7.1279488
7.015265
6.9611373
7.0352163
7.052726
7.051787
7.0714464
7.1282377
7.0608854
7.0975256
7.054957
7.1700063
7.075219
7.1671767
7.0768566
7.214849
7.0948567
7.1451545
7.0360613
7.1700287
7.1267986
7.170023
7.119966
5.3465505
5.349945
5.32236
5.2755218
5.1804657
5.2986436
5.548272
5.4105344
5.568576
5.4206424
5.3432245
5.278909
5.281516
4.294195
4.4390774
4.6123786
4.6927347
4.631796
4.58481
4.582342
4.5894766
4.589398
4.6599836
4.652045
4.8653803
4.770762
4.756026
4.802155
4.731529
4.787751
4.806196
4.6392913
4.8397346
4.8686175
4.842834
4.7713113
4.8740754
4.8090863
4.7191706
4.8635235
4.7530007
4.8815627
4.810178
4.7541556
4.781036
4.828669
4.8220115
4.798229
4.7286253
4.7362785
4.7233515
4.6577845
4.7798705
4.7043867
4.671338
4.669296
4.631165
4.547561
4.575143
4.5771766
4.590701
4.6794276
4.474907
4.518862
4.631818
4.4991183
4.432084
4.5565405
4.596341
4.5877357
4.58521
4.469215
4.5156345
4.565962
4.615239
4.5730658
4.66566
4.600111
4.5757957
4.6502595
4.5312676
4.5161357
4.6970496
4.62745
4.563892
4.668901
4.6189194
4.476198
4.61103
4.4920583
4.829158
4.7172284
4.6223474
4.4548335
4.429642
4.492566
4.587694
4.552615
4.478486
4.5346775
4.3450747
4.4265738
4.5041304
7.146945
7.148911
6.977379
6.9503264
6.9399037
6.788113
6.7994184
6.608935
6.5653734
6.5232863
6.4947343
6.5126452
6.5069857
6.5107174
6.463523
6.5053654
6.510918
6.5845804
6.6135945
6.6801944
6.779427
6.7754474
6.8205
6.9324145
7.0097246
7.0558286
7.0657682
7.0747857
7.1844316
7.207505
7.339789
7.2531524
7.2877235
4.791801
4.6404266
4.657552
4.5622854
4.7120533
4.7778707
4.865169
4.848055
4.712548
4.8197026
4.6581583
4.610697
4.640802
4.661961
4.597841
4.5886846
4.3971443
4.4634714
4.3793836
4.3820534
4.65679
4.4003234
4.436554
4.338195
4.352245
4.2692995
4.313217
4.3742895
4.4203763
4.3726063
4.341702
4.2811384
4.3163652
4.2663026
4.290203
4.4105415
4.515009
4.341416
4.4533405
4.459491
4.663618
4.4729342
4.3980675
4.580664
4.4790373
4.4562554
4.6984015
4.933965
4.7905145
4.7728357
4.6277194
4.7840767
5.01538
5.0739264
4.92756
5.0561247
5.0967236
5.114102
4.813051
5.0668316
4.930478
4.8482046
4.7520294
4.719244
4.756518
4.8314066
4.7009277
4.6260767
4.5449376
4.6914997
4.681529
4.6890526
4.7852345
4.7127404
4.74971
4.831757
4.8815026
4.715884
4.693547
4.656633
4.519093
4.4849925
4.555005
4.413586
4.550041
4.786395
4.912279
4.753347
4.533187
4.6926384
4.5963106
4.46523
4.4023643
4.416573
4.60936
4.4777966
4.2807026
4.2294416
4.123897
4.1175466
4.073708
4.0930505
4.12331
4.1433973
4.1279187
4.1497154
4.3190837
4.2547283
4.216087
4.2011385
6.85891
7.106332
7.1893024
7.114907
7.2068114
7.124468
7.1392193
7.154684
7.154214
7.1667385
7.1512084
7.0564294
7.1335106
7.033474
7.1686926
7.0520463
7.0517144
7.0966415
7.1137238
7.0086603
7.12022
7.0017786
7.1575007
6.963837
7.11683
6.970537
7.0642314
7.0130286
7.041276
7.1942997
7.0716343
7.070198
6.9757204
6.85467
6.5618343
6.336485
6.335865
6.2103224
6.3323812
6.20703
5.904196
5.840124
5.8777614
5.931502
5.920562
5.98987
5.874649
5.710149
5.7142158
5.7752123
5.3358703
5.1685114
4.9410696
4.844066
4.6943088
4.6009665
4.794568
5.027206
4.8852305
4.9627223
4.9267406
4.7804585
4.6526256
4.6977067
4.5719175
4.590721
4.610853
4.4395056
4.520549
4.37774
4.171015
4.0530105
4.4755783
4.468514
4.445794
4.585102
4.678466
4.8163934
4.8626776
4.941367
4.942412
5.014152
4.917938
5.0643086
5.002095
4.9929585
5.1311216
5.0311885
5.2362623
5.17212
4.9568057
5.1088843
5.0489135
4.8977337
5.001128
4.8445044
4.937537
4.8549795
4.9892282
4.965332
4.920022
5.1721883
5.067619
5.106723
5.0263643
5.146526
5.0799074
5.085288
5.1277
4.9560404
5.0176444
4.935733
4.8615713
4.8531113
4.8044033
4.8297043
4.4675493
4.4083724
4.5431666
4.388567
4.2180285
4.3176656
4.6205864
4.5991173
4.9115624
4.961865
5.0469947
4.9679193
4.934626
4.9826465
4.9527035
4.95727
5.098494
5.271756
5.2663956
5.156199
4.6033015
4.790736
4.055346
4.1324506
4.5703025
4.504473
4.4538836
4.554849
4.532733
4.5638666
4.49472
4.566923
4.537015
4.562552
4.5794477
4.632069
4.596163
4.6079407
4.663645
4.605574
4.5797114
4.560385
4.52115
4.458057
4.4794083
4.393384
4.4689283
4.371918
4.4308496
4.4851165
4.391023
4.4206347
4.4615703
4.403053
4.52987
4.4097676
4.458501
4.5451927
4.4262123
4.5483456
4.5071898
4.513983
4.608609
4.6045785
4.618163
4.6694903
4.660504
4.726383
4.66701
4.7130075
4.75898
4.714207
4.767807
4.765463
4.8400717
4.7758737
4.7879343
4.851004
4.8654227
4.863615
4.816786
4.8722243
4.8815494
4.9002395
4.852263
4.8155828
4.8683643
4.7505746
4.7767177
4.8476152
4.748515
4.767519
4.7939596
4.739261
4.6715117
4.671958
4.632284
4.6159806
4.5174694
4.5506425
4.620461
4.6754675
4.6696486
4.571756
4.515668
4.4748526
4.476672
4.498217
4.3456993
4.429617
4.3916245
4.4188175
4.423269
4.3928366
4.428974
4.430291
4.373882
4.4483857
4.459692
5.588239
5.5470395
5.4960566
5.558978
5.5889
5.46385
5.533786
5.5792055
5.4230757
5.414753
5.4554777
5.3798456
5.4275723
5.434789
5.4600697
5.4733253
5.4881473
5.463879
5.404167
5.4414716
5.4554935
5.464243
5.3875675
5.427259
5.400596
5.4334497
5.479412
5.4701233
5.4700203
5.488045
5.4781446
5.581661
5.546024
5.534903
5.56713
5.512991
5.600072
5.6792736
5.556236
5.6114554
5.5157604
5.5398006
5.569246
5.475098
5.522862
5.4842787
5.4164305
5.4434023
5.479204
5.4688025
5.535842
5.463531
5.5697293
5.570382
5.508834
5.525006
5.547271
5.5238066
5.438322
5.4030967
5.328105
5.2820277
5.3121347
5.266873
5.269382
5.440715
5.256106
5.3404512
5.259435
5.3448477
5.378083
5.4049964
5.3779902
5.3510447
5.326456
5.497495
5.4824834
5.460014
5.4978695
5.520703
5.5013623
5.4578013
5.4369254
5.438342
5.259045
5.4980683
5.534952
5.577901
5.5424323
5.653578
5.641585
5.6867256
5.6558037
5.68589
5.5581365
5.6005745
5.552186
5.6100802
5.6775613
5.6360607
5.6104155
5.474397
5.464146
5.3702993
5.283372
5.3924356
5.5628343
5.4497833
5.4772468
5.6336427
5.460328
5.507522
5.508539
5.478911
5.2641435
5.2099237
5.096438
5.133434
5.365738
5.1388736
5.180944
5.3317957
5.128055
5.180387
5.253668
5.3502264
5.079925
5.3158226
5.318955
5.2960873
5.292051
5.312963
5.424016
5.5778723
5.655553
5.7564588
5.696938
5.6114035
5.7589974
5.6804442
5.5092707
5.324351
5.392112
5.244774
5.1409607
5.033645
4.9241447
4.98802
4.940632
4.9556103
4.996501
4.9247932
4.9408164
5.0334826
4.9672284
4.88922
4.876936
4.933076
4.6796637
4.50029
4.4505863
4.318368
4.547011
4.460979
4.3779764
4.171178
4.301848
4.403442
4.405709
4.3578696
4.279988
4.114212
4.2729707
4.282098
4.202646
4.1481605
4.23447
4.0560803
4.1515584
4.5239854
4.3458962
4.277448
4.2906046
4.400553
4.580378
4.3855147
4.592447
4.4991627
4.5320783
4.461447
4.6482825
4.3847704
4.2935815
4.3089724
4.339819
4.332125
4.3022156
4.234398
4.381821
4.502212
4.382471
4.589937
4.873082
4.7520657
4.562757
4.5243187
4.6215816
4.547572
4.4191437
4.295508
4.0599527
4.4501004
4.3498297
4.4391465
4.527957
4.649582
4.392739
4.4308324
4.688987
4.8511777
4.8175383
4.8142204
4.750486
4.7656727
4.7554865
4.646844
4.561475
4.608556
4.7621765
4.947012
4.902814
4.874303
4.7683096
4.780119
4.7123203
4.8376307
4.595623
4.5720687
4.6193175
4.5827575
4.2245183
4.8223577
4.8239975
4.748334
4.6066465
4.6946926
4.6903625
4.604803
4.6566505
4.6523867
4.719526
4.7369695
4.833139
4.735251
4.7525983
4.8068743
4.79454
4.8105226
4.7886357
4.7429724
4.8022113
4.802019
4.867856
4.85418
4.812239
4.8443756
4.8895564
4.867197
4.9132466
4.8687
4.8054376
4.8151293
4.7195168
4.4234204
4.4637465
4.524887
4.65653
4.6031394
4.492393
4.7130036
4.7982516
4.783764
4.8319526
4.996314
4.6281104
4.8528156
5.0144696
4.946682
5.1361647
5.0603876
5.307627
5.3879004
5.4468927
5.3141017
5.11203
4.88885
4.4799514
4.439272
4.082097
4.54268
4.2216463
4.441471
4.4377003
4.393683
4.1025596
4.26735
4.588133
4.6563835
4.6773744
4.403177
4.3545194
4.58916
4.405917
4.2058396
4.4029937
4.584378
4.842224
4.8511653
5.043463
5.041108
4.952577
5.212508
5.0545244
4.986895
5.1423683
5.008589
4.9458017
4.9415264
4.626475
4.499994
4.148137
4.0619454
4.658069
4.460541
4.7721796
4.642872
4.8185577
4.622416
4.7588573
4.923568
4.9741635
5.0077424
5.145955
5.131318
5.264784
5.321368
5.2553463
5.287363
5.3270903
5.4835377
5.371334
5.579183
5.607425
5.583789
5.5711813
5.481559
5.4708557
5.4656634
5.452849
5.263698
5.279646
5.2341533
5.212016
5.07466
5.0497346
5.0402365
4.903746
4.8004007
4.9777384
4.9604473
4.8337283
4.8162026
4.7691364
4.8152146
4.873605
4.9056997
4.9626045
4.947722
5.0886245
5.1548285
5.128047
5.2079973
5.1617594
5.178091
5.2987747
5.274912
5.4645815
5.577068
5.615657
5.780838
5.703741
5.822256
5.817315
5.8187966
5.8643055
5.8118525
5.80811
5.829003
5.8167577
5.6569753
5.6900034
5.699257
5.7180834
5.771147
5.6372724
5.5620437
5.7906017
5.7457867
5.753888
5.866661
5.6480017
5.781517
5.710643
5.7545457
5.7296395
5.694215
5.716547
5.7282696
5.7051945
5.561003
5.6981106
5.728224
5.59283
5.6773424
5.5753636
5.6442604
5.7885127
5.599681
5.847639
5.7412505
5.857355
6.194521
6.060797
6.1523905
6.1761193
6.136213
6.0401826
6.0281563
6.074924
6.1164365
5.928664
5.8200684
5.794657
5.6266003
5.6141214
5.6269693
5.606531
5.562901
5.575119
5.592093
5.5513096
5.6326203
5.625308
5.5702314
5.5407767
5.600765
5.6016493
5.6382713
5.7548065
5.7182293
5.582513
5.6065583
5.474468
5.5444283
5.7025294
5.7961197
5.8686953
5.777352
5.8499436
5.803277
5.6707993
5.679033
5.933879
5.7559385
5.896349
5.7374444
5.6849546
5.6623445
5.7301254
5.7169347
5.7153378
5.781913
5.66008
5.642868
5.6822786
5.798316
5.7539062
5.9276686
5.6384573
5.62631
5.65246
5.538781
5.7301583
5.5429606
5.494832
5.7259493
5.7403493
5.638852
5.7771606
5.793211
5.8401294
5.840402
5.820845
5.7738037
5.61152
5.779
5.76713
5.722172
5.720605
5.6380725
5.676364
5.8257537
5.8447504
5.797816
5.856367
5.8166084
5.8408895
5.8617043
5.8961077
5.9898934
5.927264
5.9106936
5.820508
5.769577
5.9879746
6.056146
5.9792113
6.044468
5.962569
5.989211
6.0334916
6.10275
5.969653
6.071236
5.935442
5.934283
5.834743
5.924876
5.9600058
5.9301
5.8118725
5.855763
5.8410993
5.7492695
5.7992544
5.703238
5.7819495
5.709203
5.7458553
5.6952343
5.6798553
6.039558
5.909362
6.062308
5.907439
6.0472136
5.9467235
5.854991
5.9858274
5.9038014
5.979955
5.913131
5.9917445
6.000707
6.0413394
5.982387
5.9496794
5.964191
5.851365
5.8835115
5.794057
5.935341
5.925091
6.0035906
5.8087263
5.8795285
5.944669
5.9666424
6.0802875
6.0396943
6.040506
6.102497
6.064313
6.1470566
6.037551
6.1291833
6.046604
6.0979404
5.997905
6.0374045
6.0445647
6.1023684
6.0842185
6.155102
6.135869
6.0558605
6.1692953
6.128524
6.2292843
6.0271397
5.9579535
5.982976
5.8445673
6.0422444
5.8942223
5.979419
5.85547
5.899009
6.059696
5.959655
5.9145665
5.816086
5.794575
5.697911
5.6929064
5.622354
5.567352
5.627913
5.614452
5.4185467
5.5391426
5.6038246
5.7513433
5.763984
5.859117
5.8180327
5.793521
5.8478107
5.916539
5.9966426
6.0939336
6.137221
6.184216
6.1537237
6.11461
6.1214657
5.974305
5.992437
5.7341866
5.7650814
5.7805676
6.006765
6.009898
6.1392627
6.1754546
6.055379
5.9333
5.9899936
5.900654
5.8755484
5.8881044
6.006152
5.989153
5.7673116
5.520853
5.599311
5.5154896
5.491273
5.435687
5.445223
5.4955244
5.5121665
5.5073366
5.566505
5.628379
5.856107
6.0518184
6.2930202
6.1017323
6.147626
6.084826
6.2611904
6.198728
6.11421
6.0723686
6.0732155
6.4804626
6.4787016
6.4172697
6.339674
6.4085956
6.4494085
6.293824
6.4284573
6.2602444
6.133411
6.126143
6.2392616
6.143869
6.3678775
5.6802573
5.622683
5.5585403
5.623306
5.6164093
5.666507
5.7782917
5.871526
6.072831
5.818944
5.777468
5.775214
5.716842
6.130655
5.8591366
5.677699
5.762131
5.8306165
6.1586
6.3537073
6.072736
6.024996
6.105898
5.847105
5.5699787
5.331809
5.127678
5.1795664
5.227067
5.2158327
5.239404
5.505944
5.482901
5.735457
5.8981805
5.5822477
5.1874504
5.1787434
5.332016
5.413716
5.2895827
5.2314515
5.2733746
5.275072
5.4822326
5.620595
5.6017294
5.7282767
5.8116245
5.8078985
5.6312895
5.653958
5.603485
5.519806
5.5223947
5.7096524
5.636846
5.7100334
5.7558293
5.801075
5.841426
5.938428
5.982505
5.981142
6.076595
5.987735
5.757045
5.6468697
5.2615848
5.328749
5.1845512
5.2061977
5.1539354
5.2803516
5.2472286
5.3696556
5.3177752
5.2526765
5.3116093
5.446022
5.275855
5.147794
5.1666503
5.1107125
5.0288296
5.078644
5.103271
5.120522
5.072633
5.3350515
5.2044845
5.257769
5.259989
5.4443617
5.3350434
5.3771772
5.313056
5.367849
5.2705755
5.191634
5.239741
5.1962595
5.159549
5.177415
5.147887
5.09642
5.1138463
4.9983106
5.157212
5.0996575
5.0518837
5.076936
4.970276
5.025798
4.962232
5.050915
5.0173593
5.0002027
4.972894
4.9544797
5.0031047
4.968536
4.9915185
4.9918127
4.9998064
4.926756
4.9872656
4.956794
4.927914
5.000122
5.049185
5.0057383
4.990643
4.969678
4.914539
4.856052
4.858672
4.914646
4.8913336
4.9612074
4.9948254
5.0120893
4.975888
5.002217
4.7832646
4.7188125
4.842183
4.8511343
4.917348
4.9669013
4.9346485
4.892507
4.911691
4.843318
4.822942
4.778194
4.750243
4.6885657
4.7484946
4.822899
4.6937494
4.771509
4.7636595
4.594836
4.6160836
4.769715
4.854075
4.995154
4.9711666
5.047984
4.976375
4.990505
4.97911
4.962873
4.997411
5.008063
5.0638084
5.102136
5.1521983
5.06534
5.1367617
5.1587462
5.159249
5.1845403
5.2346907
5.140006
5.2196736
5.1196737
5.1141696
5.179691
5.137644
5.043255
5.1178994
5.0638065
5.071253
5.176614
5.138797
5.171435
5.175603
5.162796
5.177981
5.245326
5.2426467
5.2391787
5.2387905
5.182249
5.2682953
5.1665373
5.2510653
5.2782173
5.329537
5.233872
5.3344727
5.256304
5.3065863
5.277299
5.377777
5.2521
5.338375
5.202926
5.24295
5.1643467
5.2334805
5.239716
5.2940907
5.166081
5.2981677
5.3153715
5.163675
5.1805925
5.40133
5.269831
5.3125553
5.2343125
5.274839
5.211109
5.1667905
5.14214
5.223678
5.283584
5.467288
5.335193
5.4231467
5.440308
5.4381876
5.3658037
5.5186934
5.5773277
5.592366
5.4892387
5.53698
5.486139
5.496942
5.5439153
5.5349355
5.5872545
5.557687
5.599687
5.5208235
5.4640284
5.680098
5.6059947
5.6228
5.638317
5.7834806
5.5745406
5.653229
5.680814
5.776776
5.775754
5.882889
5.8318963
5.8389897
5.8158917
5.765336
5.847859
5.7834916
5.898782
5.8490815
5.849553
5.9103374
5.87795
5.8911343
5.8984985
5.9818983
6.038458
5.884691
5.940379
5.891146
6.047375
5.881367
5.9313006
5.826747
5.9805193
5.847024
5.8702946
5.8020673
6.022581
5.771975
5.8262515
5.7151556
5.940884
5.736916
5.8429008
5.6609344
5.9071655
5.803998
5.971159
5.817198
5.754423
6.064042
5.7697153
6.0729675
5.7009134
5.7549386
6.0906897
5.8407674
5.9224195
6.0479136
5.9357057
6.1010103
6.0135317
5.891591
6.07163
5.937745
5.943249
6.0868263
6.039061
6.148679
6.056615
6.086406
5.9719286
5.997762
5.90394
5.822263
5.9950666
5.8513255
5.8865895
5.954572
5.8563814
5.86767
6.0369153
5.975536
6.0431867
6.1391087
6.134501
6.029973
6.0043597
6.026081
6.015116
5.949429
5.9749966
5.850676
5.7636156
5.8658247
5.844474
5.7406473
5.778565
5.770683
5.5290585
5.36625
5.3550563
5.2787733
5.3317714
5.305402
5.4176583
5.4922338
5.5780325
5.474504
5.3418374
5.573929
5.486377
5.6411395
5.3543363
5.7217765
5.821965
5.668728
5.861009
6.1926117
6.295983
6.2299027
6.262038
6.242014
6.1534877
6.08928
6.2239456
6.078358
4.212543
4.2060437
4.1414475
4.1037173
4.1402426
4.0998774
4.1568794
4.2139277
4.2451515
4.4525795
4.3534384
4.0864472
4.3586836
4.338626
4.5369444
4.373755
4.2850423
4.3918686
4.1564593
4.251593
4.288602
4.3665814
4.4203167
4.443283
4.3101606
4.5532026
4.287173
4.45425
4.6175
4.512602
4.623725
4.480764
4.754645
4.499188
4.759339
4.5576677
4.6243954
4.6074905
4.7571826
4.4779234
4.6432242
4.6140976
4.9301066
4.654998
4.8579073
4.707058
4.8024893
4.576222
4.739243
4.5143075
4.7035937
4.508047
4.583083
4.5382776
4.5567703
4.469531
4.6016474
4.5144315
4.689333
4.4810586
4.644954
4.4925942
4.633226
4.4845567
4.606726
4.396386
4.567006
4.4673214
4.322756
4.5491333
4.4839334
4.486904
4.497191
4.299476
4.4910088
4.1843805
4.4844666
4.436931
4.572542
4.3987613
4.4652896
4.314526
4.379416
4.3350954
4.3743596
4.4607563
4.3729863
4.378781
4.431892
4.202411
4.4234962
4.295202
4.342105
4.1738806
4.2148695
4.2596827
4.343738
4.17144
4.4069457
4.5949802
4.4011626
4.530807
4.5488253
4.5157895
4.529257
4.472825
4.4781885
4.6203537
4.5817585
4.494361
4.4965982
4.5537963
4.5351753
4.544684
4.3966007
4.4065456
4.442182
4.53975
4.4693017
4.40787
4.477784
4.473754
4.484691
4.5386434
4.542429
4.6885853
4.6391773
4.441005
4.406315
4.395053
4.483473
4.244424
4.4348536
4.323651
4.477926
4.485837
4.554023
4.5698295
4.254237
4.471494
4.3329263
4.5290627
4.363443
4.62313
4.381664
4.554342
4.485333
4.516599
4.5918465
4.591078
4.5313773
4.5512667
4.508245
4.4854465
4.4273405
4.430522
4.436719
4.340512
4.4057174
4.452201
4.4570875
4.6200457
4.526538
4.7716618
4.642745
4.726574
4.637381
4.6844254
4.6552267
4.756154
4.8697867
5.3866153
5.2901907
5.2195454
5.3601346
5.597292
5.6584554
5.837622
5.8071933
5.960348
5.8922715
5.8662457
5.9272027
6.1518445
6.032032
6.156651
6.2554812
6.203948
6.1849413
6.1620355
6.138657
6.216957
6.0733194
6.273445
6.19543
6.2278533
6.1540155
6.1903944
6.1846724
6.1995115
6.1185126
6.0956206
6.1116047
6.343392
6.42977
6.3806453
6.2601347
6.15023
6.096551
6.091914
6.007741
6.051129
6.084774
6.1433506
6.1706753
6.4280753
6.4786396
6.4680147
6.2879333
6.2344074
6.014357
6.0749917
5.9588547
6.2790594
6.153092
6.3777127
6.1433477
6.152822
6.0567074
6.0526075
6.195616
5.955434
6.008755
5.7912507
5.9993253
5.9079895
5.919772
6.0089273
5.9336505
5.8998013
5.9211416
6.0206647
5.9464345
5.9776177
5.9021444
6.0885406
4.544729
4.6029143
4.4547105
4.5730624
4.528519
4.5321
4.5469613
4.604703
4.614637
4.698293
4.6657376
4.7624054
4.808549
4.907662
4.8910813
4.98926
4.9221416
5.1014376
5.113537
5.309931
5.237861
5.494001
5.673122
5.7349353
6.110671
6.1442966
6.1458645
6.1289024
6.070028
6.1418686
6.1286783
5.9879346
6.0105257
5.928546
5.9789457
5.853278
5.6521554
5.632949
5.6743484
5.684764
5.7343907
5.7144814
5.71329
5.694296
5.638829
5.7535043
5.693549
5.55496
5.651764
5.5734544
5.5622582
5.279999
5.1901093
5.103728
5.1424913
4.974325
4.9807396
5.0171313
4.8614902
4.876197
5.006317
5.062234
5.1062913
5.0269594
5.0580645
5.025273
4.9962554
5.0227394
5.0125175
5.0770054
4.995694
5.1067605
5.103527
5.086894
5.031576
5.118545
5.232364
5.120135
5.2069626
5.107954
5.1167006
5.1532865
5.157819
5.1526046
5.1599646
5.246184
5.3186646
5.3131785
5.3255067
5.272777
5.312225
5.234046
5.2179284
5.326661
5.2924933
5.317842
5.3074727
5.3639345
5.3500085
5.319286
5.307988
5.3474116
5.341487
5.293702
5.2395787
5.2927175
5.2193193
5.288452
5.2242985
5.1896915
5.194104
5.246357
5.2841225
5.2626696
5.2467937
5.367923
5.314869
5.373539
5.376547
5.3735046
5.449031
5.401643
5.456078
5.48896
5.445771
5.4693365
5.406595
5.419238
5.464705
5.532974
5.499089
5.545597
5.6177154
5.51601
5.6163588
5.5620017
5.5845923
5.6833696
5.6121087
5.7349596
5.6637487
5.732557
5.7085915
5.6508694
5.7825127
5.7394285
5.7575445
5.786415
5.810124
5.6871805
5.640946
5.652439
5.715795
5.6464252
5.654173
5.76533
5.678299
5.6710043
5.6711373
5.6329365
5.71812
5.7223506
5.777365
5.800125
5.792262
5.8403807
5.6954145
5.5406804
5.7015305
5.484666
5.365367
5.257959
5.3326893
5.4780035
5.4100227
5.221525
5.224551
5.22997
5.281057
5.324773
5.222538
5.16693
5.2390547
5.2021904
5.1760597
5.3559947
5.22148
5.209192
5.2558756
5.236393
5.137471
5.167567
5.150819
5.0932174
5.103056
5.2028236
5.13634
5.245629
5.2817955
5.21539
5.3070836
5.3632545
5.3687363
5.3850384
5.3740616
5.434363
5.3947854
5.415851
5.39533
5.3618727
5.3790407
5.4017444
5.416836
5.402018
5.4821568
5.440131
5.464591
5.357361
5.329324
5.3830748
5.2420073
5.1954355
5.1548758
5.0995007
5.2158136
5.2015176
5.224736
5.0789595
5.0548472
5.0822096
5.1616707
5.030513
5.0416145
5.1565275
5.0366955
5.1341124
5.0803275
5.082366
5.218236
5.0234227
5.0582333
5.169086
5.1549215
5.271101
5.202367
5.439637
5.60002
5.8148565
5.893114
5.911169
5.984994
5.860803
5.9265842
5.9281864
5.960977
5.969159
5.98798
5.961626
5.9760966
6.0570307
6.075337
6.084592
6.1263742
6.051867
6.176207
6.095784
6.185854
6.18778
6.29125
6.2178698
6.186734
6.229646
6.1859336
6.256552
6.3197136
6.3268046
6.37282
6.24943
6.2554393
6.204902
6.165412
6.2727346
6.1657286
6.2029576
6.200685
6.196293
6.1323547
6.21397
6.221843
6.230586
6.152636
6.2470007
6.263483
6.161745
6.226576
6.227498
6.2004166
6.2587657
6.186746
6.1966968
6.1634407
6.2100487
6.1620216
6.176504
6.206647
6.1262846
6.1429815
6.1346045
6.139637
6.1559496
6.078379
6.097293
6.0794234
6.0830426
6.055494
6.099097
6.0548425
6.0260396
6.0331235
5.983764
6.0154862
5.9072285
5.9062004
5.899354
5.9323816
5.971526
6.002973
6.059314
6.0341573
6.099959
6.1397414
6.1128154
5.907071
5.858164
5.8356338
5.671224
5.567148
5.465754
5.439389
5.09331
5.0585837
5.0048532
4.9572387
5.0161576
4.9579997
4.8627524
4.8222756
4.903107
4.7976813
4.964155
4.7881765
4.8084965
4.739689
4.7750173
4.7118125
4.7979245
4.7334146
4.778159
4.7862587
4.773529
4.750808
4.7587757
4.800601
4.8228636
4.8228245
4.8002963
4.8111653
4.7978854
4.7950788
4.77004
4.956025
4.856309
4.961561
4.943433
4.9841886
4.9913907
4.9541965
4.9765563
4.9501653
4.992266
4.9543858
4.958
4.962997
4.9774604
4.9610643
4.9824347
4.951339
5.037531
4.999405
5.0425587
4.9919024
4.9919157
4.9795895
5.0445805
5.0328593
4.9896255
5.0297503
5.0343237
5.017091
5.0184875
5.0061293
5.012551
5.037134
5.0009155
5.024514
5.0112667
4.9726424
4.999364
4.9826775
4.9897265
4.986014
4.969151
4.966063
4.9650874
4.9638987
4.9341807
4.898173
4.9460826
4.937313
4.963954
4.9953218
4.9271026
4.9750648
4.9153056
4.8851957
4.8959165
4.888295
4.9138474
4.921238
4.895996
5.008831
5.152135
5.2154617
5.221161
5.2330685
5.3499255
5.215121
5.236891
5.2005634
5.1125417
5.0619717
5.1527476
5.2155395
5.127585
5.2566
5.1960373
5.246866
5.2014494
5.1654687
5.1479836
5.240044
6.409831
6.42492
6.5176477
6.274898
6.22223
6.2183285
6.1268916
6.169441
6.1476316
6.075033
6.011504
6.015333
5.956761
6.040438
5.89264
5.888339
5.87937
5.963276
5.8987985
5.9653764
5.8819165
5.894306
5.936732
5.8798175
5.9408584
5.944309
5.9447975
5.9367337
5.905955
5.8954067
5.892906
5.883628
5.8549123
5.893047
5.8349714
5.862183
5.8679748
5.8588743
5.903017
5.9157443
5.8820453
5.8876734
5.8839107
5.90951
5.904586
5.9212937
4.869173
4.8630433
4.8416257
4.915915
4.877535
4.911501
5.033054
5.0981336
5.139601
5.122377
4.993304
5.211074
5.0687604
5.2851152
5.0521283
5.2871985
5.0884533
5.286263
5.064704
5.266847
5.0676622
5.2897034
5.146745
5.3446884
5.1476846
5.3151946
5.115408
5.341984
5.147832
5.347865
5.054578
5.2759843
5.1470346
5.270252
5.099118
5.2664104
5.1267505
5.289288
5.1279488
5.3251777
5.114954
5.326375
5.130152
5.3182063
5.1386075
5.2699156
5.1404424
5.3385177
5.0504656
5.303753
5.1365604
5.3233194
5.11046
5.30601
5.1058865
5.291326
5.0999913
5.297885
5.101869
5.3202677
5.1420197
5.385899
5.1636267
5.371041
5.153607
5.394844
5.1732597
5.3504896
5.2143264
5.3786144
5.1630535
5.335042
5.224068
5.368931
5.236883
5.405981
5.254871
5.346265
5.243661
5.265646
5.147706
5.2940683
5.1380033
5.280177
5.088077
5.3363585
5.082393
5.2639017
5.098985
5.334979
5.115442
5.241177
5.109066
5.2959642
5.101129
5.29345
5.175279
5.2624235
5.1725593
5.305815
5.1751013
5.319021
5.2475224
5.344506
5.249463
5.28267
5.1822495
5.224413
5.1969466
5.2537465
5.2152286
5.243276
5.244786
5.2325296
5.268156
5.3171954
5.210344
5.221989
5.244421
5.296945
5.181567
5.2751403
5.2146726
5.2761846
5.204699
5.235242
5.1422634
5.2376566
5.162221
5.2303505
5.1724467
5.170355
5.1604705
5.2391872
5.170598
5.1296787
5.168932
5.223815
5.1872296
5.166936
5.15325
5.1140666
5.1394935
5.1741505
5.163554
5.1745896
5.1638937
5.1864595
5.1426735
5.079471
5.1254945
5.1714573
5.2166367
5.238073
5.2324214
5.2388988
5.1971045
5.2131963
5.19238
5.2095275
5.1413245
5.256145
5.2180104
5.238835
5.1578355
5.293934
5.2512364
5.2892475
5.229745
5.230127
5.1325035
5.2953835
5.2314262
5.271802
5.1471753
5.2929616
5.115026
5.3042107
5.1997457
5.297321
5.1547275
5.205876
5.172898
5.2314863
5.116596
5.212579
5.119699
5.2287216
5.127318
5.2017374
5.1489096
5.2145247
5.1516857
5.234429
5.177753
5.254836
5.142423
5.2133636
5.141821
5.1964893
5.16411
5.2208977
5.176892
5.225442
5.129162
5.2349796
5.1583323
5.2218027
5.1591864
5.232996
5.190292
5.2406344
5.201513
5.2552743
5.206998
5.264947
5.2185926
5.898821
5.985098
5.859096
5.8927584
6.0161543
5.94846
5.9812713
6.003076
6.009095
5.9876385
6.071848
5.966943
6.080497
5.9755807
6.0700073
5.9571676
6.0655
6.027062
6.057403
6.024663
6.0560417
5.9585967
6.0485687
6.0054173
6.0251355
4.811409
4.75467
4.6432447
4.574339
4.631994
4.5880094
4.592694
4.5937243
4.6488466
4.620546
4.60572
4.5754423
4.5481377
4.5132785
4.5704207
4.560752
4.6104164
4.575815
4.610956
4.549005
4.650998
4.5246854
4.5899186
4.5803847
4.6644535
4.637149
4.569166
4.637046
4.5526795
4.6186504
4.521705
4.6253986
4.5631056
4.6235647
4.504099
4.5843325
4.5156226
4.628051
4.5170135
4.6200857
4.513623
4.6326885
4.483072
4.5291476
4.4925995
4.440623
4.5048504
4.4080396
4.4345365
4.361515
4.477602
4.3770924
4.333769
4.349986
4.4209223
4.301316
4.303001
4.399719
4.3216815
4.350009
4.186173
4.280382
4.121059
4.1653585
4.1536727
4.0946355
4.166516
4.1754827
4.1062655
4.1434164
4.1810446
4.283841
4.266547
4.277981
4.4267626
4.395949
4.541642
4.6485076
4.6648016
4.6325746
4.564534
4.6310067
4.6545315
4.704041
4.6642523
4.781695
4.872459
4.953524
4.8997135
4.96989
5.086423
4.975725
5.1914315
5.0505104
5.2210474
5.208903
5.3229923
5.3725567
5.36165
5.3351073
5.5757914
5.51194
5.733676
5.4960217
5.673973
5.556462
5.5354147
5.6908565
5.557432
5.734951
5.6190896
5.663169
5.6284432
5.7395005
5.6435375
5.814796
5.6982636
5.7694473
5.6737957
5.90016
5.7450438
5.835498
5.74639
5.857817
5.757117
5.891653
5.806647
5.8923635
5.8388367
5.940018
5.865144
5.9454875
5.8344975
5.9572153
5.8472075
5.953717
5.936172
6.0659432
5.971498
6.003717
6.0143623
6.1156178
6.023924
6.064825
6.046554
6.1129355
6.0915384
6.046463
6.0998855
6.113274
6.186716
6.08042
6.0615883
5.938159
6.0096054
5.9811096
6.054975
5.9968266
6.018381
5.8128414
5.7773957
5.769577
5.657001
5.6155543
5.545995
5.546999
5.45373
5.5841384
5.577257
5.539734
5.604734
5.6399684
5.5738854
5.641413
5.5695963
5.594124
5.6762724
5.6245213
5.673401
5.6344795
5.6905785
5.5920224
5.611823
5.5903044
5.6314244
5.611594
5.6140885
5.589356
5.6500807
5.5751057
5.635646
5.5863523
5.6139355
5.6821675
5.5910974
5.678173
5.5096164
5.6101694
5.5397162
5.5311823
5.518908
5.5563374
5.4936433
5.529243
5.4790225
5.529374
5.390113
5.5169945
5.374546
5.417081
5.4081383
5.3682437
5.3686757
5.354143
5.4145637
5.377142
5.4195943
5.376697
5.4054604
5.4160724
5.407351
5.4468617
5.3597865
5.368893
5.3444753
5.2987328
5.272593
5.245496
5.2368865
5.227516
5.2633204
5.1924424
5.129879
4.95498
5.1129637
5.079399
4.967931
5.069666
4.889933
5.0402718
4.884399
4.9983187
4.8968453
5.0371995
4.8855476
5.0622735
4.887581
5.0369344
4.8365374
4.9786196
4.860788
4.9294558
4.800357
4.9344687
4.814032
4.972749
4.7756724
4.9122953
4.7769794
4.9120173
4.7692785
4.904795
4.8000054
4.8612957
4.7350082
4.8045197
4.7884083
4.8430037
4.7970295
4.8608665
4.7693415
4.8050838
4.7630515
4.7677174
4.790613
4.8269277
4.6833906
4.721161
4.7686305
4.7823977
4.6804633
4.7918825
4.693153
4.7864113
4.673997
4.783764
4.686472
4.725827
4.738856
4.789121
4.7319565
4.765564
4.7844615
4.8593693
4.8495617
4.846398
4.8457575
4.793554
4.830388
4.779347
4.8700967
4.776022
4.86679
4.7869377
4.8731375
4.874531
4.9156723
4.8377757
4.899192
4.8380046
4.931023
4.884023
4.9148326
4.8514457
4.8994284
4.7526636
4.8729763
4.866552
4.885704
4.8022246
4.894641
4.753393
4.8966107
4.795312
4.9413795
4.850754
4.972871
4.8098955
4.9284525
4.782001
4.9092116
4.779427
4.8718624
4.7296696
4.870365
4.7037344
4.799626
4.6897907
4.7963576
4.66157
4.759835
4.6707306
4.743765
4.65728
4.7557774
4.681494
4.776243
4.7130284
4.788125
4.7180223
4.82226
4.6742954
4.7496853
4.720132
4.758524
4.71801
4.7608986
4.72805
4.8012843
5.743507
5.8821955
5.7977524
5.8158793
5.7864566
5.8695474
5.8007283
5.865012
5.7732406
5.844926
5.7779565
5.8521714
5.841301
5.9114847
5.8363094
5.9418554
5.8592916
5.900394
5.888847
5.901701
5.896202
5.924611
5.9233575
5.9796066
5.909369
5.962
5.9218044
5.967574
5.926717
5.9764056
5.8832307
5.890623
5.919102
5.990133
5.929318
6.035813
5.897231
6.002355
5.939366
5.9763713
5.951952
5.975654
5.96408
6.014067
5.9575806
6.0400505
5.9471035
4.2892923
4.278187
4.286843
4.2038946
4.198511
4.1648197
4.200263
4.1628466
4.2246556
4.1812153
4.227784
4.3127103
4.167637
4.214308
4.1406236
4.1580553
4.1395197
4.1254206
4.1771054
4.2142606
4.1619844
4.22355
4.1950407
4.203705
4.2964344
4.2362995
4.2720065
4.3004346
4.251133
4.2035503
4.2523766
4.243665
4.2146745
4.320528
4.2957907
4.367387
4.3177576
4.3609834
4.3599806
4.3114324
4.3560734
4.3270316
4.362523
4.339348
4.3775177
4.391387
4.3610344
4.3617277
4.3438435
4.2938294
4.2728753
4.2637997
4.273332
4.288892
4.2729597
4.2455454
4.1557207
4.194852
4.3654366
4.33168
4.3448176
4.404818
4.3205314
4.3312416
4.396415
4.3698196
4.368397
4.3310504
4.2603607
4.276604
4.21476
4.196491
4.300932
4.2913094
4.318137
4.1207805
4.1808443
4.1031356
6.147957
6.31275
6.1971436
6.238133
6.221293
6.2302117
6.215947
6.205996
6.2386837
6.271534
6.203876
6.2137713
6.21859
6.2401276
6.1934834
6.291732
6.22023
6.3070827
6.281966
6.3884845
6.2673545
6.357264
6.324142
6.391975
6.306576
6.356514
6.287426
6.3515234
6.2260537
6.2525444
6.2307367
6.5002055
6.7845016
6.967469
6.881831
6.9804735
6.784726
6.642122
6.4736915
6.4739766
6.3296223
6.3649426
6.136048
6.1099734
6.091074
6.1313076
6.059668
6.021091
6.0248685
6.032703
5.9475923
5.97759
5.9586296
5.9780793
5.89865
5.998555
5.889803
6.030261
6.013259
6.019397
6.1647387
6.304596
6.2717214
6.3764615
6.3701715
6.4513745
6.472592
6.4843464
6.5576377
6.5346503
6.6069803
6.639286
5.234022
5.3513722
5.290182
5.3054814
5.2590337
5.3805575
5.298123
5.3256373
5.343071
5.350412
5.3633647
5.301954
5.383345
5.261357
5.385731
5.3273225
5.4196467
5.33607
5.4207735
5.351076
5.4576397
5.363731
5.3909044
5.3494806
5.44194
5.3997793
5.510859
5.365923
5.432954
5.3906636
5.38218
5.417811
5.4030333
5.404417
5.4199038
5.4115357
5.443804
5.389723
5.376634
5.411548
5.4435396
5.4649153
5.436227
5.4614778
5.4796567
5.499401
5.42226
5.512922
5.4831805
5.5481176
5.4753385
5.5652514
5.4589024
5.5429797
5.5802317
5.6837015
5.576655
5.6546593
5.697677
5.691523
5.730971
5.7041745
5.757163
5.7210712
5.7351522
5.652773
5.8324013
5.7412596
5.7774005
5.685743
5.6993837
5.660259
5.7359934
5.6645164
5.687709
5.6494284
5.7096915
5.6743536
5.7086554
5.6645384
5.7569084
5.668754
5.7308283
5.634689
5.7537365
5.636755
5.7919445
5.6108074
5.7714233
5.5515647
5.705145
5.5678215
5.6950836
5.5463457
5.675352
5.521665
5.6168985
5.5229173
5.6275744
5.5358863
5.647284
5.5758743
5.6855154
5.578953
5.672831
5.643832
5.756025
5.646582
5.744979
5.6512966
5.7028275
5.647897
5.749285
5.674884
5.754822
5.727539
5.7705793
5.6604877
5.7920847
5.6972656
5.774832
5.709416
5.7978973
5.710703
5.7308464
5.661928
5.6728687
5.547865
5.682993
5.632412
5.7087965
5.556672
5.7765636
5.5527496
5.765736
5.519552
5.743735
5.4944544
5.731353
5.5059886
5.7508883
5.5279684
5.7169275
5.518611
5.7015038
5.5060763
5.727927
5.516055
5.749608
5.5348496
5.7336683
5.475998
5.682038
5.551164
5.6037645
5.523575
5.614588
5.562009
5.584082
5.5017257
5.5715833
5.476656
5.547659
5.5115933
5.539386
5.4958177
5.5195575
5.447753
5.4822955
5.4720154
5.4374714
5.4242783
5.449257
5.4591937
5.4387097
5.473101
5.5686617
5.4363503
5.51558
5.4854198
5.500508
5.41776
5.4751263
5.413785
5.501131
5.377716
5.4501934
5.3988905
5.466535
5.3575306
5.432644
5.3605456
5.4219875
5.3339896
5.4509034
5.3297143
5.3419657
5.334404
5.3819413
5.3151207
5.324984
5.268231
5.319247
5.2708406
5.2638206
5.289663
5.335912
5.329253
5.3697886
5.320956
5.3427835
5.324868
5.403557
5.2190943
5.27637
5.3350635
5.395307
5.2859197
5.407467
5.28936
5.371135
5.2696857
5.4163003
5.2758417
5.361306
5.2761364
5.4292274
5.264941
5.4092
5.310856
5.436585
5.2596383
5.3827615
5.251899
5.3825245
5.25744
5.373543
5.258104
5.3896475
5.274165
5.2967253
5.2874813
5.4269114
5.305146
5.404475
5.319697
5.4430633
5.34466
5.3462143
5.350774
5.4797173
5.397889
5.448917
5.3908153
5.4829407
5.4256067
5.5238037
5.3784723
5.4584026
5.363329
5.418536
5.4180517
5.449731
5.389918
5.5020742
5.4875474
5.535639
5.4022584
5.5522394
5.5375953
5.5815024
5.551134
5.6219025
5.5437694
5.653043
5.6194153
5.649873
5.499358
5.6132517
5.549873
5.6321597
5.5804434
5.734426
5.7071557
5.7244573
5.704989
5.7583466
5.7613554
5.782567
5.693717
5.7120724
5.6457405
5.7318397
5.673071
5.760258
5.594945
5.747425
5.705714
5.7803173
5.7669764
5.7056108
5.6685653
5.8321652
5.7135224
5.874554
5.811329
5.797802
5.8360796
5.8524394
5.799126
5.6877317
5.7545266
5.6522903
5.7170715
5.6966925
5.6197085
5.6528
5.592391
5.6948075
5.6273465
5.6948786
5.610646
5.730544
5.626897
5.692547
5.5526032
5.676369
5.491482
5.587631
5.488061
5.6039376
5.522302
5.494444
5.5063906
5.476596
5.5307074
5.4058375
5.520289
5.3896303
5.4573245
5.5305157
5.4890165
5.5772953
5.494781
5.547416
5.6214733
5.569478
5.7629347
5.724214
5.7502956
5.709608
5.683683
5.7323623
5.817812
5.823727
5.7875223
5.676558
5.70601
5.7388005
5.691574
5.6706734
5.7350755
5.76939
5.765936
5.7307673
5.7466106
5.7603455
5.7297707
5.759337
5.745584
5.7719502
5.7971125
5.8201985
5.787163
5.842085
5.869423
5.9062715
5.990147
5.963262
5.999849
5.9503555
5.973254
5.895851
5.9132624
6.022893
5.866139
6.0267506
5.9499326
6.042803
5.9573407
5.867346
5.8043714
5.81021
5.904808
5.805661
5.934212
5.7768526
5.9339457
5.8188157
5.8486476
5.864786
5.9283104
5.870403
5.8698173
5.9437776
5.8363395
5.9137006
5.8356915
5.9664545
5.8339486
5.84485
5.8225846
5.855867
5.7259583
5.755502
5.8361845
5.865103
5.8124166
5.852975
5.8060403
5.8059454
5.801034
5.829696
5.808347
5.8437953
5.841626
6.081221
6.0238886
5.8228464
5.9493546
5.901149
5.924384
5.8958
5.9015956
5.8534856
5.793015
5.7994275
5.8528852
5.8496733
5.834042
5.787166
5.720703
5.722364
5.8000956
5.804123
5.8439384
5.8860965
5.823224
5.9071193
5.879709
5.8542504
5.9310675
5.8210564
5.833262
5.74902
5.793455
5.7139482
5.6780024
5.6075873
5.753515
5.620764
5.5888543
5.5466413
5.564475
5.4964128
5.477172
5.5445704
5.5388794
5.494845
5.457308
5.4313107
5.4736633
5.440611
5.43829
5.4807496
5.551917
5.406919
5.571613
6.154796
6.203379
6.1364737
6.20573
6.197016
6.319033
6.4388814
6.470332
6.4936705
6.47885
6.5749474
6.625149
6.6328373
6.575544
6.6870537
6.755821
6.7134647
6.9198728
6.796053
6.8664217
6.7773857
6.6511397
6.4633756
6.5867043
6.4344506
6.3185353
6.333812
6.1639695
6.3217506
6.1342072
6.3300934
6.277608
6.3197927
6.3510323
6.3186994
6.446772
