10000
7.7511663
7.7336383
7.474722
7.2912226
7.1894417
6.899267
6.5796313
6.5403814
6.675042
6.906894
6.9860983
7.1260343
7.1691446
7.1728954
7.251561
7.314821
7.1587915
7.03864
7.1956244
7.199154
7.644444
7.709869
7.5958843
6.926891
6.2345257
7.2090306
7.5741596
7.577419
7.4143586
5.995137
4.1519337
4.145446
4.700922
4.7016363
5.0813575
5.329491
5.336125
5.2843294
5.2438846
5.1322336
5.063262
5.121608
5.463866
5.1067514
3.6577065
3.6693492
3.8642864
4.151912
4.6319227
5.0107303
5.6541476
6.144348
6.2061205
5.778201
5.1470847
4.868143
4.804795
4.886504
4.8929644
4.994515
4.9715915
5.0907288
5.3734956
5.475547
5.7992897
6.2612667
6.307025
6.126595
6.0570536
6.2495375
6.4198227
6.3841214
6.526469
6.8027835
6.8785853
6.929858
7.2034707
7.4520316
7.302209
6.8214054
6.1475673
5.0800924
4.9509544
5.358284
4.7284403
4.401672
4.1803055
4.245435
4.106385
2.636821
3.3077652
3.3231916
4.2846828
3.5661733
2.4712236
2.698431
2.9953907
4.880779
5.1503735
5.2933702
4.870285
4.1920996
5.3410225
5.6953816
6.5986767
7.1721287
8.002169
8.202359
8.187196
8.09918
7.372916
7.3077364
7.919172
7.6408377
7.192779
7.2047787
7.2408614
7.7449293
7.819363
7.5076303
7.336542
7.214586
7.658347
7.9489484
7.794503
7.7519336
7.6668615
7.4925556
7.548739
7.402719
6.982628
6.0668354
4.4346757
3.093973
3.6101532
3.4025877
4.2787986
3.4928198
2.2900157
3.2851217
3.1316905
3.0658772
1.9385663
4.493555
1.8653177
1.7599773
2.4499469
1.9202509
1.6840736
1.5805361
2.2038162
2.2687936
1.8664088
1.7497972
2.1231966
1.6904982
1.0274146
2.0141203
1.7308362
1.9368005
1.3496642
1.5090176
2.1646597
1.5321252
1.5026883
1.3002033
1.2879076
2.1086264
0.81557333
1.3610188
3.5471501
2.1970553
2.2538536
1.3161687
1.1883167
1.5478517
2.1827993
1.4507717
1.619695
1.0626818
1.412612
1.9063438
0.9485124
1.0055062
1.9540755
0.6454118
0.76474583
1.5360588
2.3611965
0.74275404
0.92445755
1.1924856
1.4279835
3.173387
1.5856154
1.5832508
1.6588793
1.0964968
2.833711
1.9745928
0.9511443
2.8438706
1.9353378
1.3849959
1.5845041
0.8009421
0.56774384
0.75763637
1.1517069
1.2721858
0.9338848
1.1305178
1.5572705
1.853108
0.62183136
0.784231
0.9314317
0.6128377
1.0868614
0.5582394
1.3484042
0.9858443
0.94281095
0.5051208
1.008221
1.0392334
0.55429983
0.55733967
1.0387727
0.4113114
0.5208157
0.54422486
0.82877517
0.9027531
0.5301473
0.6673976
0.42737055
0.6131933
0.37823024
0.3973351
0.5905761
0.4894721
0.44166785
0.55899996
0.41501746
1.5734591
0.3999089
0.47790587
0.4405003
0.3549859
0.3648341
1.7329084
0.37025553
0.48034516
0.3674725
0.39425823
0.6806462
0.33553472
0.3324979
0.3272594
0.34297174
1.3147689
0.3971435
0.44692808
1.6673111
0.3094488
0.32926124
0.3505272
0.3412404
0.36895338
0.39501363
1.7350042
1.6060396
1.1889006
0.40602592
1.438447
1.6524198
1.582273
0.31576478
2.3221552
2.1701417
0.9376482
1.4830909
0.3526424
2.8640792
1.5756073
0.24934292
0.31520367
2.8860116
0.87861896
0.2788497
0.3133894
0.3339798
1.938903
1.1857347
0.46152806
0.32416898
0.53560984
0.5705208
1.5541223
0.3276555
0.29480186
0.3719896
0.34771624
2.4357424
2.585752
0.3327202
3.140224
3.1762478
5.6249943
4.906424
5.0551815
4.91896
5.355871
5.7473817
6.046795
5.892008
5.9354625
5.9119225
5.841424
5.6760273
5.612249
5.763583
5.7401924
6.0540314
6.411327
6.2586226
6.55556
6.7170706
6.616707
6.758433
6.6991224
6.7068644
6.6938295
6.432791
6.324785
6.317898
6.592156
6.705689
6.9919353
6.9659367
7.23738
7.693337
8.112296
8.115062
8.0250225
8.196145
8.465412
8.154081
7.9907393
7.6777573
7.6250467
7.622718
7.492336
7.545312
7.59116
7.4750247
7.4659333
7.2520676
6.3021436
5.870987
5.119075
5.1870694
5.6990848
5.859632
5.9101725
6.2046304
6.3765736
6.1672907
6.097219
5.9125824
5.7117147
6.0962553
6.0810785
6.171342
6.0005493
5.663213
5.0485773
5.299408
5.1361046
5.2752857
5.368927
5.253552
4.8773465
4.307237
5.095591
4.9647613
4.621718
4.7734127
5.093911
5.5103607
5.7671037
6.0824966
5.2330523
4.286964
4.1375995
3.2990842
1.289122
4.187081
4.8010287
5.1919336
5.2547674
5.1659603
5.121284
5.170012
5.2404337
5.383514
5.2382298
5.2051973
5.3441615
5.4493237
5.5081115
5.544691
5.531194
5.5295
5.619551
5.5652256
5.7107773
5.6659217
5.7398367
5.686069
5.7463884
5.756383
5.8522153
5.909464
5.953994
6.085229
6.0567756
6.0897827
6.2019553
6.0986
6.057918
6.0926576
5.8654113
5.9563656
5.8778033
5.801056
5.865407
5.776733
5.6625104
5.2248282
4.4993935
4.586659
1.6512096
1.8327097
2.54881
5.370186
5.424712
5.3323803
5.1357584
4.8458357
4.149756
4.4968576
4.400516
4.3179607
4.4353466
4.2740273
4.384173
4.365858
4.5412254
4.4059014
4.4143267
4.233976
4.556078
4.709085
4.832012
4.7718554
4.838064
5.158895
5.335748
5.1689143
4.798743
4.4345055
4.785587
4.5693855
4.2451005
5.489843
5.2163167
4.8707004
4.381375
3.168232
3.1620193
2.9341953
2.803562
2.420817
2.1837077
1.284067
0.88697207
3.8352785
6.3537154
6.0034566
5.6402593
5.067822
5.159282
4.592407
2.7737586
3.0145724
2.5798576
2.2654276
2.2938578
2.5992174
2.5992253
2.8603644
2.7566903
3.1234474
2.2709675
5.3574996
4.9525766
5.025287
4.994089
5.1649837
5.062085
5.1128964
4.826504
4.970878
4.5143905
4.457501
4.4874306
4.366543
4.3899837
4.102315
3.656193
3.7176135
3.5335546
3.3478103
3.4295623
3.797026
4.1916065
4.387477
4.5155845
4.6750865
4.8453083
4.8577647
4.8655562
5.1329627
5.44925
4.8292036
3.8644333
3.8650036
3.9417639
3.8192744
3.7583272
3.8189645
3.800136
3.853517
4.778886
3.9189813
4.071927
4.0976105
4.652333
3.6975589
4.4346237
4.612058
4.2346888
3.614901
3.545077
3.470214
3.5936713
3.5347352
3.5935879
3.5063584
3.464504
3.2556186
3.270525
3.4773982
3.8448899
3.3841667
3.3361526
3.5810497
3.4844391
3.2060387
3.0654354
3.1166866
3.3295283
3.6224225
3.6030047
3.7691448
4.033542
4.333364
4.295549
4.63393
4.860937
4.8733163
5.30801
6.1926003
6.563637
6.5007453
3.3716717
3.2211857
3.3174763
3.5473983
3.5729983
3.4822984
3.955246
4.077114
4.07822
4.0860944
4.3129225
4.379482
4.4897985
4.4996943
4.583565
4.494835
4.5588636
4.5925922
4.6092076
4.478659
4.579158
4.6504946
4.6057467
4.494868
4.648028
5.1297655
5.1558022
5.0917306
5.2717943
5.126982
5.2628245
5.3864675
5.483625
5.5311103
5.590126
5.552877
5.666667
5.4372888
5.3947215
5.2387586
5.1352286
5.1022744
4.96328
4.9715953
5.0072885
5.059236
5.215422
5.25629
5.29107
5.3916855
5.2985597
5.253228
5.574775
5.405387
5.2914405
5.559857
5.4553666
5.4326086
5.347188
5.218704
5.1749806
5.273465
5.1070557
5.1487093
5.191088
5.305508
5.155168
5.4283905
5.409767
5.397856
5.307566
5.1566544
5.1593494
5.145234
4.9730725
5.1052623
4.904317
4.9063997
4.82381
4.7816772
4.652836
4.8356953
4.764708
4.852748
4.639926
4.5299406
4.5516524
4.4743977
4.3380837
4.688052
4.311118
4.365071
4.3093443
4.0686026
6.103874
5.8171997
6.0795445
6.0880713
6.1399384
6.3141775
6.355596
6.434806
6.4460173
6.3395624
6.3658733
6.306627
6.3260617
6.2164555
6.3269973
6.2026544
6.082797
5.9139395
5.8867416
5.6457577
5.7628584
5.8901796
6.0502295
5.7948465
6.0217075
5.9813395
6.0373354
5.994272
6.2889824
6.408849
6.368845
6.1178703
6.008231
5.9447327
5.8526516
5.7751923
5.925635
5.897664
6.1388493
6.1922817
6.1472206
6.2569046
6.0968804
5.8214264
5.595504
5.6901245
5.9294577
5.9333344
6.0425143
6.0600457
6.301797
6.1438093
6.116811
6.090711
5.897984
5.976278
6.012382
6.138481
6.1878395
6.034699
6.0850105
6.2099466
6.3781962
6.5514297
6.607146
6.4030285
6.2046156
6.0713897
5.966283
5.9798303
5.952267
5.1174107
4.4747562
4.4472685
4.4519863
4.3288784
4.186305
4.198207
4.4212027
4.1715193
4.2933555
4.325297
4.4696436
4.5762815
4.4091663
4.48625
4.5476913
4.7829504
4.7718515
4.3863792
4.153013
3.9950407
3.6949635
3.911502
4.04256
3.9770432
3.8270836
3.9776065
4.1450295
4.2336717
4.3147936
4.322131
4.3905573
4.393524
4.2511396
4.1554847
3.7465348
3.5123498
3.618729
3.6335673
3.6831188
3.781328
3.908251
3.963502
4.046425
3.9575837
4.2728333
3.5363646
3.6030092
4.0276756
4.32422
4.3171825
5.0410233
4.805067
5.269185
5.54295
4.9406853
5.818309
6.4604955
6.913452
7.0704145
7.0122037
6.7266326
7.2856007
7.076213
7.335304
6.9278526
7.142954
7.097513
6.9676714
6.940691
6.8854513
6.7068396
6.6062694
6.7614264
6.7271314
6.4741006
6.112636
6.0959363
6.0220346
6.2381296
6.2864404
6.3779473
6.412033
6.265929
6.271872
6.1639695
6.5321765
6.5246334
6.1733856
6.5444937
6.1861725
6.4672947
5.453759
4.7242827
4.4928064
4.1310787
4.059773
3.820026
4.1856813
5.0021853
5.7793684
6.261248
6.3906403
6.629293
6.4551682
6.5888596
6.746354
6.775025
6.6648054
6.3867083
6.4694676
6.583719
6.5831017
5.9116793
5.4491334
4.5345864
3.5904505
3.4846787
3.0051677
2.8395789
2.266422
0.9683016
3.9181423
3.7687373
4.061205
3.1469913
4.142328
3.6507564
4.4698057
3.1543515
0.9407822
1.008253
0.60907763
1.4345119
3.743197
3.7469158
3.8227518
3.4645786
0.26025
0.99987763
4.2346883
4.1919756
5.2502255
2.8885977
3.4893346
3.5993812
4.2968664
3.7312887
3.1810572
4.48229
4.589446
4.424595
4.0959387
3.90365
3.8651767
4.0236564
4.483342
4.714517
4.97199
5.0154724
5.506308
5.726425
5.669296
5.6750345
6.212028
6.693415
6.9588428
6.937102
6.7376127
6.5601044
6.593997
6.6603928
6.834237
6.857127
6.7262278
6.370869
6.3997664
6.2952733
5.858926
5.31917
5.138508
4.9863853
4.4355164
4.469319
4.6281996
4.656728
4.934752
4.481838
3.0635798
2.8360503
3.6400561
4.03791
4.206217
4.506141
4.854283
5.04165
5.247833
5.0728226
5.4561095
5.7177715
5.9555874
5.300412
3.5779722
5.4739666
6.003549
5.84207
5.9891524
6.0364265
6.1481385
6.21371
6.126999
6.0940347
6.139414
5.9994264
5.952945
5.8123236
5.6830325
5.439723
5.754192
6.2596526
6.5633125
6.5926237
6.2643156
6.0925817
5.7768726
5.5050464
5.72008
5.8440986
6.150027
6.6199503
6.635683
6.6152906
6.9471908
6.584832
6.608959
6.928521
6.4782977
5.4054914
5.9066925
5.7929683
5.8675137
5.919063
5.5125313
5.4785123
5.5044804
5.555977
5.310349
6.203977
6.5837665
6.5493655
6.850894
6.5958548
6.5547132
6.432844
6.2636356
6.2445054
5.9520802
5.7818155
5.7695594
5.7937593
5.8130555
5.9932914
6.0262322
6.0784454
6.4173765
6.5275297
6.4834456
6.5804386
6.734386
6.821609
7.226366
7.218892
7.208261
7.108175
7.199395
7.122984
7.1657877
7.194032
7.1183233
7.2329173
7.1128316
7.18878
6.8385315
6.946453
6.925119
6.894923
7.0526056
6.8898873
7.251661
7.239407
7.3816204
7.144845
6.948322
7.409511
7.1767893
6.916493
4.4386625
6.9574804
6.8082166
6.8637304
6.786681
6.7897215
6.6716366
6.4930344
6.326199
6.118166
6.132038
5.9707217
5.9697924
5.895755
5.92887
6.0045886
6.161565
6.2594013
6.145171
5.986993
6.2288275
6.4615273
6.623409
6.694966
6.7168427
6.678929
6.5924873
6.6761765
6.5925837
6.4639792
6.517258
6.502355
6.39388
6.462681
6.4434524
6.360544
6.4567833
6.5550413
6.721601
6.626913
6.7620835
6.687732
6.8030095
6.9611764
7.0454683
7.259427
7.4895616
7.6176033
7.7344007
7.6941724
7.7246995
7.6952405
7.487433
7.5712047
7.342781
7.258536
7.490348
7.522611
7.609104
7.5084896
7.5457153
7.3012066
7.274163
7.2629156
7.3135433
7.1748705
6.970195
6.9037714
7.0062246
6.8846703
6.9531875
6.98032
7.3275185
7.345558
7.129162
6.962841
6.7019587
6.485167
6.623578
6.660131
6.3016686
6.334954
6.3538227
6.4330297
6.0538464
6.0285873
6.629069
6.4771957
6.2078743
6.3427134
5.966738
5.669832
5.235532
5.151658
4.982076
4.801071
4.721365
4.781717
4.7567906
4.6163335
4.244658
5.292049
5.1000705
4.679002
4.0770626
4.9955587
4.8149214
4.9201646
4.8847084
5.3963275
5.4682198
5.498453
5.670634
5.7224274
5.691705
5.561675
5.6729646
5.5478153
5.6682253
5.4042263
5.875545
6.01206
6.2398624
6.2882943
6.2572775
6.2271366
6.4246407
6.4270825
6.6800885
6.6261816
6.604002
6.5791826
6.640872
6.4832616
6.4919176
6.280173
6.060595
6.013728
5.923174
5.8715696
5.701837
5.6672907
5.5533233
5.5627203
5.653333
5.692028
5.617998
5.6233115
5.6084285
5.573757
5.7472425
5.7047153
5.7240696
5.5304346
5.676446
5.7459803
5.7409773
5.7115283
5.804117
5.857538
5.8574357
5.9226613
5.8999786
6.0516186
5.918502
5.8857403
5.889515
5.6557546
5.6914124
5.8068757
6.0055866
6.188477
6.2497864
6.2745743
6.6494417
6.653536
6.814307
6.9761753
7.001359
6.8541136
6.4992
6.2968507
6.259314
6.091157
6.238656
6.3246
6.4123507
6.6469336
6.620263
6.9266434
7.162866
7.263442
7.1981792
7.1894197
7.2636695
7.4796867
7.4611974
7.4051447
7.5897646
7.543413
7.551742
7.5020037
7.905067
7.7305055
7.7472477
7.730975
7.6091948
7.629511
7.5269804
7.5032988
7.6010423
7.2734165
6.77462
6.640546
6.927782
6.8752303
6.8277907
6.707326
6.642083
6.5170026
6.5033526
6.595028
6.490822
6.597032
6.7078614
6.4332366
6.040654
6.065056
5.7134686
4.5795803
2.3298404
1.2967117
1.4021429
1.29583
1.5595744
1.7208303
1.765595
0.8713531
0.7586872
0.59246975
0.6519221
0.6219812
0.61076635
0.58157897
0.60505605
0.7710907
0.668578
0.6117038
0.5286975
1.9697713
0.787148
1.5771607
1.969822
3.579719
2.885664
4.1565814
4.225437
4.080123
4.0036473
4.238536
4.272025
4.252526
4.281938
4.3630667
4.4081
4.4660864
4.357745
4.5490704
4.4624057
4.61942
4.688797
4.709797
4.5916815
4.567699
4.601841
4.645667
4.46086
4.4693766
4.3688936
4.332794
4.7363267
4.933634
4.226348
6.556666
5.4297643
5.745959
5.615562
5.55054
2.3611453
2.1977835
0.52137846
0.607198
0.69182754
0.49399707
0.35924456
5.3783455
6.254245
6.62753
6.5691476
6.68824
6.7086296
6.771998
7.1716647
7.651102
7.9335074
7.999796
7.801121
7.6718493
7.3788104
7.2119846
7.203861
7.240139
7.1482124
7.070675
7.069363
7.1021214
7.149116
6.3361783
4.974438
4.7268524
4.3748326
4.179193
4.6185594
4.8744044
4.8208222
4.772793
4.5978374
4.0776944
4.3195486
4.8822317
4.831036
4.3971066
4.5221205
4.393982
4.4208584
4.751372
5.1620426
4.763776
5.365629
4.821089
2.8726113
2.641301
3.1547205
2.8764482
2.4583035
2.807902
3.3718686
3.4835622
3.900189
3.5111325
3.190977
3.4408107
3.6353335
3.589549
3.6691198
3.4712594
4.2382417
4.2776713
4.4372835
5.2539797
5.380119
4.6602263
0.4538835
1.2056557
1.2967631
0.91461384
0.39705977
0.34608135
0.58511984
0.57847506
0.4778353
0.54558295
0.691047
0.5976403
0.7059845
0.6370802
0.62640315
1.3892198
3.4725606
3.1975052
3.955358
3.709731
3.286146
3.1814024
3.1350932
2.9865694
2.9666095
2.6765985
2.1211505
1.7833831
2.3495317
2.36601
2.1622527
0.66519046
0.16138801
0.19539592
0.14848772
0.15764804
0.22852153
0.18355297
0.21363366
0.17622556
0.24395329
0.31371778
0.35203746
0.33993807
0.38317567
0.54172146
0.7783239
0.9112714
0.77557814
3.0092812
5.381722
6.784872
6.977114
6.912822
6.7198477
6.752371
6.698875
6.6973047
6.5616875
6.5064287
6.5017447
6.631774
6.5907893
6.540565
6.642455
6.5851173
6.4997463
6.545761
6.668899
6.655413
6.7365317
6.7652826
6.808728
6.8838005
6.952781
7.160955
7.2418795
7.2992334
7.3197002
7.370173
7.409666
7.502091
7.4516315
7.4939833
7.4258466
7.3850975
7.4560328
7.5104933
7.4569254
7.433978
7.4693546
7.3871307
7.327204
7.365935
7.258696
7.192932
7.1111503
7.024988
6.962831
6.918809
6.848266
6.836358
6.8187065
6.748222
6.6999397
6.6174574
6.5527215
6.504677
6.4749346
6.4364505
6.462806
6.541146
6.526673
6.5419397
6.5923786
6.519146
6.593475
6.480319
6.530402
6.5780845
6.591015
6.587994
6.7027617
6.9652553
7.066316
7.182059
7.1425943
7.1744633
7.331693
7.177736
6.7369337
6.9698143
6.9098473
6.9692535
6.97217
6.956977
6.8233023
6.5740566
6.7546735
6.573068
6.495909
6.4307947
6.304704
6.432395
6.247856
6.348231
6.264263
6.1904397
6.1578536
6.170661
6.191358
6.412717
6.374833
6.4998736
6.696799
6.9723687
6.9141197
6.9229608
6.9285436
7.0098853
7.0523396
7.0430264
7.1699586
7.1403055
7.1598377
7.222536
7.2496147
7.1134763
7.0782475
7.2157025
7.243458
7.287011
7.139108
7.110258
6.996681
6.8165007
6.8119106
6.430903
6.4423532
6.1117268
5.870497
5.594116
5.5732775
5.4781475
5.7472363
5.994337
6.0121613
5.8992796
5.930496
5.8980494
5.840498
5.813953
5.60785
5.649562
5.871684
5.8263483
5.837118
5.938386
6.013469
5.897318
5.9059334
5.9549427
5.8719277
5.9139385
6.0180387
6.010404
6.1962724
6.3412504
6.388096
6.486884
6.5457973
6.623107
6.855931
7.1031213
7.1212487
7.198939
7.5109673
7.6417813
7.553153
7.4016356
6.7577286
6.157307
6.070306
6.505918
6.9840193
7.1554313
7.0934424
7.606082
7.6855683
7.7934046
7.7295103
7.5256205
7.2713456
6.809086
6.312096
5.931104
5.5902495
5.2082257
5.254147
5.0591955
4.9006195
5.1650343
5.5329847
6.112544
6.6694126
6.922231
7.001341
6.9992933
7.2307024
7.2400827
7.161236
7.2509203
7.000215
7.076862
7.217075
6.854127
6.9412737
6.960746
7.0445027
6.87097
6.8099236
6.7513814
6.9069934
7.1196795
7.1748934
7.2253914
7.210679
7.116284
7.1051855
7.1511936
7.221916
6.963154
7.2032156
7.1153975
6.717965
6.8057556
6.8353133
6.4677963
6.565051
6.3386755
6.4885173
6.383485
6.6235447
6.9555397
6.8686666
6.7020025
6.548963
6.6503115
6.5900373
6.4574327
6.508352
5.9369507
5.5667095
4.907556
5.8509016
6.5148687
6.4602394
5.305538
4.538727
3.6834807
3.7748396
4.0055337
4.28828
3.4131725
4.298789
4.037364
5.4212847
5.906516
6.1823754
6.2510495
5.5774946
5.4928083
5.752591
5.8694396
5.3329515
4.9123297
5.1472197
5.20607
5.173248
5.153701
5.06103
4.931546
4.778981
4.5837507
4.5240107
4.4614773
4.599344
7.050971
6.8820996
6.8763103
6.615867
6.117512
6.5419717
7.1756964
7.067956
7.217014
6.990985
7.267069
7.474346
7.6022296
7.382411
3.038512
2.9241743
2.5464478
2.7378247
2.3689203
2.9558036
2.4402847
2.1403015
2.3825996
2.4198198
2.3694139
2.1433878
2.4704778
3.181498
5.1238675
7.2939773
7.0382724
7.13873
5.78572
7.065018
6.8077965
6.6927485
6.562413
6.511433
6.22556
5.7656975
5.713128
5.623714
5.908692
5.91899
5.9329414
5.955267
6.022441
5.927065
5.7660213
5.410973
5.229252
4.2994146
1.9057755
2.0145614
1.9386686
2.115558
2.7864058
2.2798743
3.4366295
2.1066906
3.9848971
3.0740347
2.1821167
1.0358977
2.3390918
2.3927817
2.3114634
2.2349586
3.7224824
0.2627854
1.5265173
0.3123192
0.3993153
0.5316151
0.5115081
0.41365153
0.32491797
0.32273787
0.5684132
0.54430103
0.88876796
1.0150247
0.20782241
0.24758592
0.21187222
0.23238368
0.3129499
0.33013436
0.3265548
0.26837075
0.3508131
0.30076727
0.2746207
0.29610968
0.2644219
0.26072463
0.8289306
1.3496361
1.1608167
0.24296552
0.27911526
0.29852375
1.7636603
0.65832925
0.24967033
1.1344061
1.6493992
2.9387958
3.7782848
4.1039624
4.7805624
6.542635
6.457209
6.475664
6.420079
6.30574
6.2842813
6.2600656
6.3587093
6.386366
6.327136
6.323327
6.4294786
6.4431953
6.5325785
6.4948826
6.4848366
6.3350353
6.292823
6.1620445
6.1004133
6.1260786
6.1385174
6.3405113
6.538385
6.5151014
6.6004477
6.5328712
6.5441093
6.612094
6.3903584
6.394338
6.295313
6.452839
6.4660783
6.3821764
6.193675
6.264065
6.2708616
6.3300414
6.2955627
6.3191385
6.536892
6.74937
6.766793
6.8023653
7.043224
6.883108
6.887701
6.6917486
6.8793173
6.5905323
6.762086
6.7755857
6.714471
6.742977
6.65377
6.678763
6.7565327
6.8622346
6.9069185
7.009832
7.0278897
6.9164577
6.844439
6.7292624
6.6061788
6.577847
6.401832
5.9854965
5.384602
5.412922
5.610776
5.6690464
5.592462
5.5335093
5.694961
5.9477787
6.277337
6.7840595
7.197442
6.8588243
6.49046
6.4582143
6.3832917
6.4388947
6.7023425
6.862582
6.920164
6.7772565
6.770223
6.636619
6.711417
6.7340784
6.4779196
6.5862694
6.6135044
6.6599965
6.828162
6.993561
6.883771
6.705043
6.62478
6.8752685
6.9116354
6.879854
6.972288
7.1850777
6.533278
5.966525
6.0830784
6.2262635
6.0121555
5.8299494
5.3004127
4.35919
2.7404284
2.7246566
2.499224
2.3629093
2.2998621
2.375758
2.7060056
2.7520936
2.668808
3.6358001
3.2894106
3.1157746
2.9123917
2.9945521
2.9560568
2.796904
2.8390424
7.1884284
7.426383
7.625115
7.565316
7.458011
7.3494325
7.2526093
7.6688795
7.4159746
6.9993777
7.070279
7.133214
7.061826
7.207449
7.218441
7.0227747
6.8366613
6.6405954
6.744792
6.766597
6.664771
6.4967246
6.4951344
6.1451564
6.141125
5.915991
5.5041013
5.2908344
5.061979
4.9180193
4.7256746
4.1776266
4.136707
4.026228
4.082411
4.1991987
3.8860447
3.7318788
2.931059
4.1263785
3.7345073
3.2192748
2.9158754
2.8489316
2.9322486
3.7321935
4.1133966
4.3519754
4.2009363
3.5650609
2.983971
3.3214643
0.3235052
0.2272436
0.18299632
0.16787234
0.19248788
0.24737224
0.24330719
0.21648876
0.13973385
0.18849821
0.3628352
0.44577962
0.38738397
0.35303527
0.19803527
0.17238986
0.15834133
0.247634
0.6928929
0.18065727
0.20577145
0.24555857
1.3841279
0.21041614
0.45612174
0.37333393
0.18440418
0.230534
0.18332496
0.3332055
0.210751
0.21850145
0.2225634
0.22775865
0.2293348
0.19145475
0.23849146
0.24303281
0.17033948
0.19580932
0.17590117
0.1569996
0.20625438
0.21154009
0.15433912
0.14346321
0.18329287
0.17949523
0.16478802
0.15861358
0.17772718
0.2065898
0.16256067
0.12848307
0.24205042
0.6287341
0.19570458
0.32594824
0.2868717
0.47403175
0.23504202
0.3692669
0.2582145
0.529855
0.29924697
0.30189204
0.33327657
0.22807159
0.22855347
0.20391805
0.2597568
0.24342406
0.19251129
0.16711605
0.18807802
0.24831015
0.63587666
1.0629269
2.4706469
1.6814451
3.0154383
4.090544
4.7798386
4.58582
4.5458903
4.432749
4.294419
4.304283
4.233509
4.2183332
4.259493
4.140552
4.0893507
4.1528597
4.327774
4.060812
4.075807
4.2385864
4.2737107
4.3232617
4.1487494
4.188917
4.1260796
4.1195655
4.1865053
4.0948076
4.1922703
4.139531
4.106028
3.9712899
3.8690639
2.8761122
3.4471025
3.274088
4.4641247
4.0492764
4.679385
3.7519603
3.785403
4.2316575
4.6919026
5.11216
5.4633303
5.8510766
5.984677
6.1024265
6.4092402
6.386414
6.3168216
5.9201803
5.5926337
5.3783774
5.438258
5.8995237
6.026431
6.0591526
6.1038065
6.0851912
6.2621183
6.3343525
6.028982
5.878311
5.8135467
5.8438034
6.0837765
6.317747
6.5092764
6.69932
6.8433585
6.9417233
6.8521347
7.064179
6.9861875
7.036051
7.122325
7.0821967
7.143982
7.127925
7.0946035
6.9503803
6.728879
6.617316
6.4210014
6.522636
6.4690313
6.844135
6.765198
6.8815365
7.098997
7.0768657
7.1567984
6.9012537
6.7271914
6.755965
6.6804767
6.6773343
6.806518
6.991989
6.797288
6.674156
6.7128158
6.7635727
6.6328115
6.6139574
6.3981485
5.8624296
5.389529
5.0452666
4.5136185
4.071756
0.9762992
1.1179415
1.05771
1.0224447
0.88065755
1.2423447
1.0927503
0.9266365
1.2373638
1.5227993
1.3780613
2.997219
1.607502
1.8349079
1.2955282
1.1777674
1.709085
3.52005
3.3695374
3.5909798
3.592368
3.5205948
3.7078862
3.6258397
3.6473532
3.893384
3.8134103
3.6684763
3.7347922
3.3265948
3.1131806
3.174088
3.15105
4.02773
3.5254183
3.5350115
3.610184
3.5945191
3.9786487
3.9434676
3.775003
3.5322986
3.8163896
3.7342165
3.8363864
3.4911234
3.2456481
3.06919
3.2322521
3.2938998
3.632616
3.53038
3.6227362
3.3522513
3.1782503
3.220787
3.307002
3.838825
3.7918005
3.841873
3.9530125
3.984804
4.019263
4.534952
4.933462
4.9588914
5.0714912
5.257885
5.486874
5.233923
5.138545
4.9031563
5.3061275
5.7589874
5.9214115
5.942049
6.022026
6.157385
6.217953
6.0501823
5.847391
5.3949585
5.087347
4.849369
4.7775474
4.802554
4.9840956
4.927397
4.8402433
4.7115436
4.837932
5.0541487
5.096456
5.2589307
5.343917
5.5950093
5.626559
5.844341
5.945874
5.8149858
5.9313116
6.1803994
6.3278637
6.761985
6.709482
6.562808
6.5408797
6.677829
6.8105755
6.801647
6.873064
6.8001733
6.7400713
6.982183
7.097208
7.0879984
6.971951
6.813009
6.8911934
6.7559495
6.6559954
6.770107
6.7068815
6.65615
6.823476
6.752146
6.7288547
6.6235504
6.482157
6.253551
6.074515
6.3342366
6.5110073
6.429148
6.1001062
5.7545466
5.583609
4.959712
5.7275286
5.071477
5.3946595
6.10746
5.9262805
5.0861125
5.528478
5.70461
5.6693325
6.1344786
5.9494495
6.1596227
6.3129683
6.364874
6.8778496
6.7968736
7.230179
7.556474
7.7071667
7.638098
7.789835
7.84507
7.9507265
7.8828583
7.1322293
6.5752296
6.4574976
6.623733
7.0248666
6.8010798
6.682255
6.9372797
7.1306396
7.4297724
7.854945
7.797506
7.8311296
7.7084527
7.6374464
7.426546
7.099973
7.3519893
7.3609657
7.358284
7.2672462
7.001342
6.930462
7.290443
7.1844654
7.139209
7.215894
7.258895
7.3005185
7.511637
7.6778064
7.67618
7.7594557
7.8447704
7.721489
7.5935917
7.5255113
7.496792
7.437134
7.2950377
7.284818
6.972141
7.1911345
7.1455297
7.221122
7.3296614
7.4308205
7.1564026
6.7043495
6.2613173
6.593232
6.579666
6.6540804
7.1235447
6.970704
6.794183
6.783218
6.672104
6.715345
6.608059
6.7654967
6.754959
6.905631
7.0859103
7.0936522
6.950697
6.933299
6.85023
7.043197
7.1295967
6.8714185
6.7903423
6.6858187
6.8687253
7.195304
7.1457896
7.181282
7.298451
7.373169
7.523301
7.4283533
7.543167
7.3265495
7.2427535
7.338072
7.2100105
7.118519
7.023106
6.914999
6.777713
6.6713443
6.574663
6.682026
6.6925936
6.658208
6.6090574
6.5537724
6.3972073
6.30972
6.299402
6.1748633
6.10762
6.147748
6.1961374
6.2303653
6.1655416
6.1888685
6.121122
6.203963
6.2065115
6.1298695
6.0530024
6.041488
5.9581575
6.054872
6.072447
5.983796
6.0226336
5.9369817
6.025992
6.0997562
6.176635
6.0874786
6.232649
6.0919237
6.1615124
6.2960343
6.33959
6.511071
6.481898
6.6717963
6.667209
6.7903004
6.815318
6.808672
6.842735
6.9459887
7.084689
7.240774
7.541218
7.547437
7.6385727
7.518108
7.3343706
7.2647114
7.2683663
7.3015585
7.2888
7.2211103
7.1161857
7.0241337
6.805253
6.976354
6.9578037
6.818765
6.8090467
6.837288
6.819955
6.880785
6.870581
6.7958126
6.733175
6.588496
6.5062537
6.578451
6.4428906
6.460534
6.4248695
6.3371706
6.264384
6.282464
6.440529
6.410266
6.328254
6.590555
6.6890907
7.0786843
7.1221533
7.041741
7.1754227
7.2888355
7.316781
7.4412727
7.578759
7.618247
7.4708004
7.6136074
7.60723
7.7737517
7.838628
7.7584743
7.820823
7.6825743
7.5385456
7.1656923
6.917625
6.726368
6.653583
6.5565176
6.330739
6.2683744
6.0595927
5.936593
5.9164467
5.941084
5.951312
5.8996453
5.8010283
5.7673273
5.738682
5.8149805
5.9687243
5.9141045
6.027782
6.186756
6.195863
6.1927547
6.2588587
6.3088913
6.465022
6.656471
6.7753687
7.0799813
7.425706
7.588786
7.833234
7.9586616
8.178587
8.08663
8.095541
8.024363
8.043686
7.8204856
7.8829403
7.6970243
7.7179947
7.5246124
7.486981
7.35972
7.319125
7.361123
7.3812823
7.3011136
7.385726
7.465288
7.2509403
7.1145387
7.1006937
7.1029983
7.0885506
7.1446686
7.128578
7.0965724
7.11931
7.2146034
7.375207
7.686326
7.6227508
7.721031
7.7017965
7.62583
7.565878
7.6972995
7.747526
8.065593
8.054101
8.150944
8.03288
8.053368
