10000
9.8511505
9.834777
9.782578
9.812406
9.76192
9.796145
9.769922
9.749731
9.728027
9.620703
9.579989
9.557969
9.542392
9.457875
9.4832325
9.416366
9.435967
9.337927
9.245485
9.212638
9.223399
9.252915
9.129723
9.022023
9.120194
9.086432
9.110327
9.016135
8.935704
8.921912
8.812959
8.815256
8.709957
8.710612
8.612625
8.611822
8.503709
8.385298
8.297807
8.352648
8.370878
8.200481
8.099693
8.055515
8.045305
7.891269
7.7724857
7.814763
7.6156807
7.5389814
7.2750583
7.494079
7.326608
7.152876
7.072456
7.007287
6.9899297
6.8531275
6.944154
6.9551253
7.03723
7.003436
6.939082
6.7843566
6.9450874
6.8482285
6.826847
6.851305
6.8888493
6.9573727
6.936126
7.007557
6.9577284
6.948197
6.997325
6.978159
7.1082115
6.9913287
7.060894
6.798157
7.0504584
6.896987
6.9789815
6.8521614
7.0043535
6.845365
6.902947
7.0265203
6.9575496
6.9584866
6.9730043
7.231446
7.4053974
7.399754
7.4907036
7.562598
7.587807
7.8347635
7.949045
8.24276
8.159418
8.207594
8.182027
8.03866
8.0880575
8.238555
8.300389
8.274783
8.231146
8.502655
8.4023075
8.329932
8.299692
8.227019
8.177335
8.122082
8.115594
8.192221
8.135277
8.112391
8.052787
7.974377
7.9109707
8.049897
7.981878
7.975433
7.983378
7.9042077
7.855192
7.780813
7.7483697
7.652966
7.5956693
7.6487904
7.5629783
7.5862255
7.5042496
7.616468
7.5600805
7.5631576
7.609325
7.5907826
7.550303
7.5667133
7.500439
7.5802927
7.5284224
7.558011
7.609459
7.543255
7.503542
7.609645
7.493757
7.4950614
7.416792
7.412148
7.393707
7.415191
7.280926
7.3273325
7.372456
7.336855
7.2995806
7.3935237
7.3211484
7.2611923
7.2610707
7.340755
7.354303
7.338005
7.3717446
7.398917
7.508572
7.5382752
7.318186
7.3887057
7.3032045
7.2736793
7.3167677
7.265753
7.1667457
7.127184
7.1142583
7.1241336
7.033365
7.105106
7.102654
7.0871577
7.1214066
7.0124397
7.1858068
7.0506287
7.0187216
6.917584
6.8718386
6.7942653
6.7783628
6.6738687
6.5295067
6.885114
6.598232
6.6966796
6.555714
6.5695415
6.5589175
6.365027
6.3668685
6.4126425
6.387534
6.2515225
6.336208
6.255637
6.5286746
6.4319735
6.596734
6.223607
6.4619575
6.604164
6.627709
6.6948733
6.5034776
6.6585145
6.5326796
6.8279004
6.6969924
6.7249866
6.48505
6.794486
6.592382
6.7727227
6.734492
6.6922913
6.658495
6.673414
6.7085714
6.6976833
6.6277676
6.5603437
6.6720467
6.7050943
6.568284
6.642543
6.4544787
6.742358
6.6347065
6.850448
6.4775248
6.8606906
6.7910132
6.7334347
6.7401977
6.366424
6.659008
6.5492425
6.555528
6.505155
6.6030636
6.5631
6.755071
6.743754
6.5556293
6.5062637
6.686398
6.6143827
6.716869
6.636626
6.5950317
6.7601686
6.790236
6.6321225
6.7011943
6.681801
6.633874
6.569306
6.67908
6.468074
6.616707
6.8186116
6.683428
6.584141
6.7322264
6.724459
6.6647415
6.64662
6.5365205
6.6344547
6.5119886
6.701176
6.6927433
6.6081715
6.561352
6.568246
6.454973
6.439652
6.6369452
6.281976
6.429126
6.5071654
6.3178196
6.4280095
6.2585044
6.343719
6.4511957
6.1581097
6.31117
6.180129
6.5182266
6.424832
6.426123
6.380329
6.4059563
6.518997
6.47398
6.3786964
6.5364614
6.5990443
6.608964
6.231255
6.677667
6.475513
6.5620856
6.454314
6.5622215
6.36864
6.6164827
6.5516458
6.536046
6.4560113
6.506259
6.441692
6.5468283
6.3598475
6.5755243
6.286794
6.5209002
6.3057904
6.519129
6.5284986
6.356475
6.4044476
6.4281135
6.502177
6.4454894
6.373257
6.288161
6.2879596
6.359147
6.379856
6.3678923
6.3125124
6.4389606
6.3514915
6.355631
6.200261
6.467162
6.4584
6.4940805
6.5378375
6.61103
6.519665
6.5245457
6.5961375
6.5966473
6.6742105
6.921751
6.8479156
6.874314
6.814501
6.8872204
6.8603783
6.8458824
6.887947
6.911016
6.941843
7.126249
6.9443364
7.115895
6.9473205
7.0131707
6.857563
6.9052677
6.932619
6.954963
6.836417
6.7979155
6.9139194
6.966109
6.850081
6.891147
6.8022285
6.8075495
6.8001018
6.704016
6.6800675
6.5885124
6.6320558
6.6437674
6.7192063
6.7026634
6.606151
6.885297
6.586327
6.6941977
6.6625586
6.6636367
6.4949694
6.5989404
6.6477723
6.529648
6.5589633
6.6558166
6.5733385
6.6678367
6.706128
6.7005754
6.7708755
6.7366533
6.6336203
6.6829667
6.651336
6.827996
6.5871325
6.6451817
6.633703
6.6562233
6.6583138
6.7672677
6.60208
6.6455517
6.7299075
6.7892523
6.6395473
6.797221
6.895107
6.8193564
6.715531
6.6345515
6.7005496
7.0111217
6.888404
6.815466
6.8720284
6.965854
6.8291426
6.8885803
6.941314
7.0111914
6.936379
7.1340675
7.024025
6.90043
6.8111467
6.8892813
6.9077063
6.717273
6.796827
6.9288883
6.8869305
6.8823075
6.9016232
6.85303
6.985053
6.7749934
7.014931
6.8165827
6.8422904
6.8968115
6.7188883
6.9378138
6.779316
6.658261
6.90541
6.925018
6.746266
6.824758
6.851491
6.8422956
7.0558877
6.764371
6.8618994
6.8176937
6.936267
6.7160463
6.9345455
6.8192344
6.955831
6.898033
6.971198
6.9676924
6.903742
7.0596743
7.0230336
6.948044
7.0922146
7.0309772
7.1723976
7.288394
7.0069532
7.408155
7.3022814
7.2692046
7.2283173
7.324689
7.184551
7.2791924
7.1788073
7.3960514
7.378168
7.4543557
7.4154606
7.4337997
7.3434258
7.1625824
7.206652
7.1148577
7.3481407
7.3887115
7.4046226
7.2389154
7.146108
7.205427
7.3832464
7.1233144
7.1530113
7.141057
7.1039076
6.92734
6.9893394
6.987212
6.983072
7.000313
7.052446
6.9956903
7.156547
6.9201283
6.9336143
6.9256215
6.933285
7.0479164
6.968277
6.905565
6.9273887
6.9002323
6.9323487
6.9848256
6.932477
6.9935136
7.01225
6.9159446
6.877146
6.783889
6.9275036
7.021886
6.960068
6.8568187
6.8491516
6.873974
6.8059134
7.023214
6.976781
7.1620846
6.9855523
7.05943
7.172688
7.117074
7.084336
6.9840565
7.0516496
7.081856
7.133219
7.246179
7.2531333
7.4447136
7.2477016
7.385886
7.38811
7.348056
7.3549666
7.306961
7.2952213
7.4084363
7.407219
7.3240805
7.1349263
7.140264
7.348747
7.3269496
7.386066
7.3014207
7.3528337
7.167405
7.154195
7.3115263
7.2287064
7.327611
7.3202477
7.2325873
6.8604712
6.957321
7.0647845
6.9903274
7.0710015
7.042184
6.949784
6.856211
6.7020097
6.8624487
6.8348594
6.7967515
6.854108
6.842979
6.716636
6.9649367
6.8804054
6.7631817
6.8924365
6.9221582
6.867422
6.8756685
6.750001
7.0340586
6.8797755
6.842782
6.8998976
6.9315333
6.935755
7.0191703
6.7884626
7.026791
6.9332333
7.0574355
6.8728156
6.9653935
6.949018
7.072982
6.8139896
7.2045717
7.198939
6.8946376
7.1456637
7.285034
7.214945
7.18039
7.1903687
7.2219014
7.0842924
7.2787523
7.461212
7.2996225
7.3470774
7.334878
7.2516265
7.4111176
7.562929
7.238182
7.414886
7.379905
7.461579
7.1681685
7.387059
7.4742894
7.2105722
7.400641
7.0926943
7.2982903
7.2424746
7.1140566
7.238614
7.4234314
7.225811
6.9695287
7.27741
7.1752954
7.069743
7.024984
7.069898
6.848375
7.0679307
6.9176483
6.945851
6.91378
6.8493657
6.6752405
6.8352075
6.7847323
6.6673765
6.852968
6.908759
6.822324
6.8256955
6.6718616
6.895079
7.0389867
6.9423394
6.895693
6.9024115
6.7002788
6.9331427
6.9757576
6.8877254
6.933169
6.7963405
7.045502
6.905897
7.0414257
6.802535
7.034432
6.9754896
6.8580446
6.9868526
6.8923764
7.0447135
7.052372
7.0256968
7.0992293
6.929252
7.1801386
6.9961505
7.2298813
7.1912327
7.043307
7.12803
7.067063
7.081236
7.3984585
7.0413494
7.394638
7.085925
7.394379
7.3293343
7.369886
7.4510126
7.184352
7.3205814
7.29696
7.224059
7.314758
7.227781
7.147295
7.1639557
7.219093
7.1032495
7.0997725
7.137274
7.1497293
7.216674
7.2247286
7.150959
7.2114964
7.0298996
7.118914
6.9387836
7.1144223
6.9217253
7.051463
6.9409704
6.9824176
6.864597
6.8616996
6.8134427
6.645631
6.711896
6.7460012
6.8812957
6.91623
6.884622
6.7420306
6.8368616
7.0856943
6.868598
7.175079
7.16279
7.1122074
7.1094255
6.847866
6.5628257
6.4609733
6.637058
6.6050377
6.1914034
6.006914
5.75697
5.2556267
5.391477
4.853677
4.613301
2.950939
3.5275686
4.101658
3.001532
2.8467758
3.268855
3.173611
3.957508
2.725924
3.6976223
2.9346123
3.5575936
3.516301
2.9528332
3.3284016
3.906028
3.9966176
3.6836739
3.9610407
3.9084435
2.8623836
3.5287647
4.1354265
3.7889464
3.451337
4.016406
2.3074875
3.2865348
4.1644526
4.0303593
5.8079815
5.9179683
5.8288007
5.567853
5.3566165
5.450059
5.6510715
5.8291383
6.24396
6.5474615
6.7944393
6.831085
6.727961
6.7028794
6.9551697
6.789982
6.8561964
6.8387237
6.8262396
6.818854
6.9304295
6.874379
7.0073857
7.128297
7.0377517
6.9516897
7.08482
7.0324225
7.03561
7.0105915
7.11889
7.1184177
7.169372
7.007795
6.977263
7.17434
6.928558
7.114563
6.990151
7.097437
6.883066
7.1053567
7.219598
7.1100774
7.2789197
7.315789
7.3919888
7.114002
7.4529133
7.3145685
7.448216
7.416406
7.242332
7.570049
7.498905
7.590034
7.609515
7.5738335
7.503832
7.615347
7.544967
7.439999
7.5571094
7.5061073
7.591185
7.530485
7.511351
7.499911
7.569428
7.6324425
7.525421
7.4083977
7.3565345
7.436474
7.3698945
7.51007
7.2915187
7.2603965
7.475761
7.1954284
7.225798
7.2450504
7.4229965
7.362437
7.1591334
7.2758822
7.3016458
7.290968
7.406756
7.374261
7.32534
7.2372503
7.2973814
7.4463882
7.494552
7.542546
7.365281
7.633783
7.406393
7.5148373
7.5505404
7.417679
7.56978
7.4551206
7.477616
7.553168
7.468974
7.443781
7.449886
7.4850454
7.648321
7.603066
7.550722
7.66735
7.641329
7.826401
7.6548567
7.877057
7.842124
7.693833
7.769204
7.63064
7.6856356
7.647498
7.602006
7.615299
7.357111
7.694646
7.5354457
7.5908527
7.548214
7.5046253
7.501308
7.596417
7.468587
7.324114
7.4991093
7.3514113
7.2783947
7.342299
7.4975896
7.319653
7.077008
7.4626956
7.3342195
7.385268
7.3462954
7.289701
7.3128767
7.3828998
7.3244753
7.206158
7.4498205
7.231116
7.2950253
7.475741
7.32373
7.268704
7.4328723
7.543502
7.3383875
7.519108
7.4675174
7.6579905
7.5709553
7.517628
7.4701066
7.6587973
7.710042
7.8404064
7.689992
7.783977
7.7721367
7.7868404
7.8302145
7.717594
7.878456
7.787419
7.6742783
7.604778
7.5533195
7.3700256
7.671489
7.55124
7.643874
7.6890564
7.5253305
7.4874597
7.4798026
7.452812
7.4701877
7.2612457
7.377881
7.327405
7.344733
7.237721
7.464122
7.4396496
7.4148016
7.445834
7.51153
7.6651855
7.4209027
7.4135623
7.526117
7.4646196
7.6189604
7.548115
7.561948
7.6664076
7.713145
7.887626
7.7994413
7.934641
7.7496314
7.673917
7.7489953
7.828947
7.9073954
7.7544575
7.9924397
7.8020096
7.7946544
7.7926407
7.703136
7.747015
7.738158
7.5836306
7.612114
7.612323
7.65021
7.6560435
7.6610055
7.6139297
7.5897017
7.618558
7.5511837
7.4475856
7.4362144
7.502273
7.3431396
7.500455
7.4268823
7.249767
7.4571705
7.47826
7.464403
7.424453
7.2141743
7.327864
7.5571947
7.4454193
7.3663135
7.354311
7.7708516
7.6071663
7.8377047
7.6678896
7.737234
7.75053
7.8681893
7.787356
7.9181843
7.8531218
7.9572625
7.8488126
7.914914
7.7464514
7.6784544
7.8515186
7.753545
7.390438
7.7786274
7.7699966
7.652993
7.6560946
7.537744
7.520984
7.6631403
7.320529
7.537469
7.5761504
7.429736
7.5109186
7.3565245
7.562507
7.3799505
7.2530823
7.401947
7.3710876
7.4300084
7.312281
7.482468
7.2916107
7.432797
7.505178
7.5163836
7.5965357
7.6833434
7.674464
7.574503
7.703389
7.996265
7.737491
7.8412495
7.95729
7.884824
7.7480803
7.708738
8.020663
7.8892903
7.8302007
7.895256
7.6990685
7.5731134
7.632936
7.775079
7.698576
7.6516438
7.4587927
7.5079594
7.446614
7.4103913
7.319506
7.256732
7.3067446
7.3632984
7.236952
7.364136
7.233613
7.321137
7.182788
7.427795
7.41992
7.332006
7.258537
7.5417724
7.4979
7.607823
7.6429996
7.6206245
7.625267
7.68845
7.660073
7.58547
7.8145404
7.580181
7.584464
7.779746
7.6838164
7.5990553
7.692543
7.5182757
7.670072
7.5515084
7.4754014
7.2422004
7.2330275
7.100212
7.07139
6.8917828
7.0702133
7.115678
7.094471
7.0249977
6.7998543
7.0086308
7.1044564
6.9957385
7.0746665
7.1020885
7.399578
7.443735
7.3974404
7.363905
7.466887
7.532292
7.5539637
7.3269444
7.567068
7.2497663
7.599927
7.6013384
7.561239
7.66955
7.592572
7.76593
7.5699368
7.45435
7.5486083
7.686157
7.5411744
7.5008445
7.3895507
7.184895
7.3163157
7.357272
6.962658
7.4199553
7.273823
7.008347
7.0525947
7.040718
6.6635823
6.9848604
7.0930715
6.764358
7.068929
7.1390767
6.9718833
7.282098
7.002008
7.2510223
7.186104
7.172703
7.188641
7.300528
7.133418
7.248314
7.434813
7.304084
7.508263
7.4800096
7.366173
7.468238
7.656232
7.1247745
7.316584
7.4174194
7.3672686
7.268852
7.192879
7.1435766
7.245722
7.3262343
7.092188
6.96231
6.9622965
7.311913
6.8527527
7.0240026
7.2092533
6.9489126
6.8914714
6.901495
6.711274
7.071852
6.93842
6.892233
6.998747
7.3022475
7.0257397
7.325559
6.908458
6.8639774
7.1770954
7.175722
7.2659
7.2531404
7.465021
7.6212764
7.4955225
7.69653
7.3674593
7.558582
7.294668
7.562482
7.601351
7.234067
7.10703
7.1824675
7.1649404
7.1885896
7.219952
7.2243996
7.157509
7.020814
6.9122996
6.94357
6.7171946
6.7069373
6.6251273
6.753759
6.862306
6.7544317
6.8630466
7.0264955
6.6726007
6.7217937
6.565444
6.787768
6.936627
6.946435
6.902814
7.0524554
7.188916
7.1215687
6.936547
7.252634
7.2086535
7.1266494
7.042689
7.1636076
7.038167
6.6804056
6.758283
6.8840566
6.8192616
6.7041855
6.6284323
6.916646
6.6822853
6.583024
6.413192
6.8963223
6.5995936
6.499375
6.5344567
6.4036326
6.7004905
6.5311494
6.3870277
6.693403
6.764303
6.5583076
6.6509085
6.7548456
6.6667504
6.7170916
6.808876
6.972572
6.9905667
6.9722395
6.997733
6.788647
6.7936687
6.75618
6.5497246
6.549829
6.563962
6.568271
6.602446
6.640209
6.732854
6.8464065
6.3262186
6.411893
6.3972335
6.4105577
6.373967
6.214166
6.3049717
6.246589
6.056684
6.170934
6.11079
6.119875
6.2406354
5.887958
6.2868886
6.1223893
6.021371
6.2865515
6.3000603
6.1982355
6.2338796
6.3240952
6.289112
6.330265
6.2779074
6.2778893
6.377665
6.2333794
6.5128655
6.4974384
6.4381576
6.1569996
6.186105
6.174106
6.0977373
6.2039943
6.2610517
6.3996143
6.342391
6.2665396
6.3049717
6.1077847
6.2237215
6.1442122
6.1908903
6.279205
6.147943
6.0903215
6.0716763
5.811326
5.8676057
6.120797
5.849308
5.720703
5.9113083
5.83572
5.817711
5.9331784
5.8454523
5.7472067
6.1058693
5.809815
5.730249
6.047479
5.8302217
5.6747375
6.311157
6.14196
6.062384
6.0549817
6.2310295
6.128397
6.125927
6.0897574
6.144363
6.1793504
5.9598494
6.2429323
6.232551
6.2387843
6.345032
6.438072
6.290306
6.318342
6.3601055
6.156671
6.495719
6.3538084
6.564767
6.368658
6.5151086
6.4558425
6.4706626
6.421583
6.4378715
6.4193006
6.3359094
6.3880153
6.3412495
6.529822
6.538377
6.3735375
6.347801
6.357012
6.4418306
6.3482714
6.6522074
6.4825997
6.371769
6.465871
6.445286
6.5107875
6.3922253
6.4160976
6.3836985
6.1715126
6.158261
6.2202435
6.2914686
6.594992
6.4854684
6.385835
6.457857
6.507288
6.3629003
6.4823275
6.322526
6.5866623
6.312909
6.5111217
6.351964
6.422504
6.576461
6.2825627
6.2977495
6.310133
6.579335
6.499271
6.7450314
6.635512
6.5622168
6.478901
6.4319854
6.514496
6.618175
6.356439
6.6160326
6.643566
6.759088
6.733474
6.7348976
6.760776
6.5591044
6.617662
6.7668324
6.721497
6.5364957
6.3664064
6.6030254
6.3910675
6.4307866
6.300265
6.2461033
6.54263
6.299294
6.4598165
6.6766315
6.7621007
6.586335
6.621172
6.501517
6.5785933
6.4203696
6.5899963
6.5685315
6.595827
6.8523827
6.8932695
6.6967998
6.831082
6.8379316
6.7437487
6.756102
6.8087144
6.84713
6.824218
6.6832685
6.877792
6.8472314
6.7478476
6.8513556
6.95994
6.8048496
6.778973
6.8294544
6.6772437
6.7536564
6.6636267
6.581017
6.6409354
6.5479712
6.891062
7.001334
6.992906
7.144611
7.060492
6.924567
6.7034316
6.7458596
6.673514
6.606039
6.6863112
6.802729
6.9461536
6.626693
6.931594
6.9019575
6.8492775
6.5329294
6.5981417
6.440993
6.594344
6.7404547
6.787551
6.641862
6.5108485
6.5799565
6.5491657
6.4644074
6.4006553
6.390275
6.1861315
6.0265393
5.9722323
5.871936
5.9652205
6.0510793
6.305687
5.9313555
6.0391707
6.169388
5.9942737
6.228706
6.0041976
6.080551
6.0747485
6.0683074
6.159131
6.085026
5.918243
6.125712
5.983039
5.9605107
6.00468
6.069037
6.0211477
6.14075
6.047836
6.301032
6.0533986
6.242142
6.1973658
6.0564423
6.087405
6.218313
6.0806327
6.0543866
6.0665545
6.187906
6.219923
6.101211
6.0734696
6.036089
5.9301443
5.969538
5.9230285
6.0480204
5.8888736
5.963028
5.8132553
5.90945
5.952656
5.8363214
5.853547
6.017071
5.8802834
5.895178
5.872261
5.6281595
5.8557825
5.911403
5.7885504
5.9132695
5.941268
5.678017
5.848676
5.902474
5.742884
5.9075527
5.775592
6.080472
6.175273
5.9039383
5.830052
5.637952
5.731029
5.7854905
5.909972
5.784129
5.8156757
5.8797836
5.813158
5.8800173
5.946668
5.859582
5.954066
6.029107
5.9683485
5.8192167
5.8109436
5.8543587
5.849621
5.747164
6.0051513
6.01519
6.1418896
6.049822
6.0818195
5.835057
5.8529186
5.7389994
5.9788647
5.83755
6.072343
5.815365
5.9454865
5.9713473
5.9109225
5.853433
5.986327
6.088696
6.005137
5.880803
5.61112
6.1117086
6.186039
5.9323683
6.0080314
6.141724
6.1694064
6.084466
5.938101
5.82568
5.9269753
5.9709177
5.7648487
6.006545
5.886861
5.8182673
5.8936734
5.771838
5.910657
5.838828
6.072837
5.8566566
5.6444645
5.821121
5.6705055
5.72069
5.846825
5.7954283
6.1108036
5.9081364
5.7048283
5.7365384
5.8284216
5.6700277
5.76349
6.04172
5.6240244
5.7662745
6.015931
5.795441
6.036095
5.5951357
5.7909493
5.7772565
5.7056293
5.572524
5.74802
5.7612705
5.6040874
5.8373103
5.5748587
5.713093
5.34154
5.699174
5.285541
5.56117
5.5949416
5.380252
5.4030104
5.335642
5.761566
5.335323
5.428857
5.501735
5.5378103
5.319355
5.6159906
5.4418235
5.5289545
5.277083
5.6021757
5.2471285
5.616198
5.5870256
5.4023733
5.620266
5.4855056
5.474409
5.4351425
5.6638174
5.627344
5.5847883
5.543597
5.776841
5.415406
5.386109
5.691043
5.6196995
5.280984
5.675296
5.233123
5.2787313
5.395401
5.419095
5.500771
5.451245
5.2469077
5.4167967
5.368003
5.5617146
5.508923
5.195792
5.6376305
5.4952116
5.410154
5.396567
5.5699177
5.799985
5.453646
5.3220434
5.5629525
5.7915606
5.700553
5.543471
5.6259465
5.6722994
5.7496867
5.4659605
5.359457
5.8086834
5.4947114
5.3404818
5.452137
5.3795595
5.4283934
5.805435
5.3113885
5.543064
5.607851
5.4827185
5.5272617
5.537509
5.3798027
5.537044
5.6754293
5.286173
5.4349384
5.2111015
5.288334
5.4576745
5.4820786
5.387763
5.2442427
5.1409955
5.228348
5.2509956
5.3290167
5.313141
5.3562074
5.325994
5.3970323
5.2643466
5.4036145
5.2470794
5.215599
5.345597
5.349425
5.270396
5.241453
5.2732506
5.2868905
5.36195
5.237034
5.213729
5.28318
5.346165
5.179558
5.1106963
5.048978
5.2034917
5.3201957
5.3840804
5.161235
5.2327633
