10000
8.855925
8.894522
8.842512
8.898587
8.876266
8.818639
8.897623
8.863003
8.824477
8.865965
9.019688
9.002464
9.009519
9.023256
9.070306
8.941676
8.815331
8.837641
8.878685
8.887012
8.89477
8.971702
9.032063
9.059419
9.0974
9.073157
9.134813
9.136303
9.157341
9.156444
9.135529
9.143045
9.054917
9.007448
8.942007
8.964034
8.935296
9.023968
9.00778
9.04377
9.060867
9.128103
9.135676
9.127192
9.068688
9.139687
9.132026
9.06319
9.007679
8.935916
8.90552
8.902407
8.962897
9.05513
9.091387
9.189315
9.191882
9.193496
9.202212
9.152608
9.094902
9.039874
8.9852295
8.968887
8.978762
9.048559
9.022432
9.0541525
9.029931
9.042386
9.002441
9.062552
9.02754
9.062149
9.04587
8.999342
8.993869
8.949216
8.966642
8.931801
8.784878
8.762955
8.7700615
8.805954
8.760654
8.783473
8.860563
8.82933
8.874748
8.789043
8.877847
8.873372
8.934473
8.881399
8.913094
8.911775
8.921003
8.942304
8.851841
8.837885
8.839083
8.810007
8.795844
8.819386
8.821524
8.81052
8.814131
8.868125
8.783412
8.867227
8.827831
8.930559
8.887432
8.870677
8.860879
8.851772
8.871677
8.858451
8.920183
8.942293
8.813359
8.876251
8.816049
8.839981
8.915874
8.827238
8.840492
8.835609
8.828819
8.899776
8.851951
8.9405365
8.922427
8.918554
8.873632
8.837209
8.853264
8.810194
8.868844
8.891921
8.970707
8.925608
8.89366
8.827148
8.850313
8.750453
8.778215
8.734157
8.719488
8.70932
8.698684
8.759759
8.669928
8.800426
8.712626
8.771016
8.724002
8.685224
8.606507
8.546899
8.493783
8.4119
8.416206
8.420818
8.610739
8.564964
8.521005
8.507247
8.448598
8.350358
8.282508
8.249126
8.124141
8.148713
8.001355
8.026135
7.896625
7.8699255
7.757572
7.6591473
7.3286214
7.1149373
6.784612
6.4439735
6.031232
5.4215617
4.9192905
3.6696434
4.3942633
4.057858
3.9439807
4.0401545
3.8214989
3.6120992
4.137624
3.4843962
4.383164
4.544867
4.581829
3.8715541
3.8654537
3.8157713
3.798394
4.248783
4.15988
4.114067
4.092141
3.9908595
3.9309704
4.2421813
4.1921473
4.1363945
4.354967
4.5456314
4.3825817
3.8727677
4.2333617
3.791883
4.399634
3.7553074
4.007277
3.8900414
3.792399
3.8572314
3.4078026
4.055524
4.1559625
4.26552
4.258346
4.5273523
4.3923426
4.531365
4.503228
4.42345
4.4981403
4.417393
4.3653965
4.412687
3.920729
4.4587646
4.3475847
3.9541166
4.512539
4.5093246
4.5479884
4.531933
4.524912
4.4091663
4.3035626
4.2908297
4.229293
4.464279
4.4189405
4.5076475
4.4576626
4.435632
4.3910418
4.4580016
4.2417645
4.4220476
3.9426315
4.4087334
4.434335
4.471944
4.5029807
4.477326
4.529538
4.451425
4.509034
4.450835
4.467824
4.0107374
3.797574
4.4120884
4.2857056
4.380098
4.3356633
4.3279862
4.3414974
4.199314
4.106247
4.369136
4.304787
4.348737
4.27057
4.3344717
4.0307875
4.3477106
4.292477
4.329132
4.345981
4.3161197
4.2931757
4.34658
4.2974744
4.366957
4.145494
4.1509886
4.338176
4.3187613
4.2619944
4.378184
4.390802
4.3881745
4.332408
4.387065
4.4429097
4.3545017
4.3703294
4.344824
4.216528
4.480201
4.497081
4.5126443
4.6319704
4.679568
4.5715313
4.5897064
4.7784543
4.530985
4.1719184
4.185808
4.4946427
4.545979
4.127787
4.5969963
4.249934
4.271798
4.0731378
4.1458545
4.1179843
4.0064106
4.2142262
4.398415
4.46464
4.0420012
4.2116117
4.1769714
3.8204992
4.126619
4.0950923
3.964284
4.081854
4.214424
4.1064205
4.0555787
4.047594
4.117954
4.109314
4.045254
4.2268243
4.1120257
4.0494013
4.018706
4.0474744
4.0599556
4.0695853
4.0972304
3.4451318
4.070793
3.9065843
4.0759788
4.292062
4.2811766
4.711717
4.6142473
5.363915
4.617669
4.509825
4.138477
4.317365
4.3088446
4.413404
4.4291716
4.4894814
4.3780346
4.39077
4.3245564
4.3472266
4.2575502
4.3927746
4.751748
4.4022017
4.0659943
4.0925694
4.002253
3.892941
4.0140057
3.9438794
4.0331993
3.9913619
4.0525846
3.953509
3.7898555
4.023878
3.9364758
3.9793472
4.04494
4.029953
4.0747495
4.022916
3.9467225
3.9980638
4.031022
4.0256505
4.0180373
3.9878213
4.0047426
4.032828
4.0110803
4.060579
4.048184
3.9826355
4.1252375
4.1226234
4.1728234
4.0573454
4.087291
4.0144105
4.0657005
3.8199356
4.0752535
4.078006
4.1325374
4.0364485
4.0909705
4.104149
3.9646916
4.074837
4.025565
4.1094937
3.9988785
4.055251
4.253686
4.276573
4.216346
4.29106
4.299163
4.20626
4.2706857
4.215562
4.1596613
4.168426
4.2881613
4.3846006
4.0085382
4.3301167
4.3439217
4.2625093
4.410743
4.872843
4.4846554
4.488686
4.216682
4.092942
4.1404753
4.095104
4.17936
4.4666233
4.419773
4.368058
4.323213
4.1032987
4.14017
4.178184
4.08742
4.12187
4.1966505
4.590413
4.439068
4.486669
4.6308565
4.473115
4.6355395
4.508591
4.4570994
4.302085
4.3777585
4.4961457
4.7725835
4.875399
4.539304
4.603113
4.575901
4.6058607
4.4748325
4.2716846
4.1757216
4.0933995
4.0739636
3.9808636
4.001267
4.026786
4.144584
4.1784105
4.162628
4.1116953
3.9204655
4.03814
4.48254
5.177718
5.9264393
6.1243234
6.542837
6.903538
7.1031785
6.8789554
6.5993843
6.3244367
6.109133
5.8448286
5.612193
5.539938
5.6037116
5.328019
5.1989155
5.0343857
5.291889
5.500534
5.4588118
5.0094457
4.986309
5.14649
5.335813
5.214209
5.6390724
5.5092115
5.7425547
5.984133
5.7258663
5.9645004
5.703203
5.2228575
5.258377
5.450406
5.895809
6.0272026
5.975627
5.505618
5.360633
4.781069
4.7829328
5.3793325
5.436506
5.7565217
5.0481796
4.1339097
4.227866
5.016513
4.6035156
4.8743353
5.5492134
5.779187
6.476912
6.39183
6.609498
7.7665462
7.713544
7.165643
6.3210907
5.197207
5.0245013
4.861344
6.0785294
6.790076
8.109055
7.518424
6.926002
6.938052
5.824006
6.168901
6.388881
7.2893257
7.3215976
7.1301546
7.224198
7.074684
6.29729
6.5435743
6.977639
7.6753387
7.9800587
7.678471
7.572101
7.8011785
7.5372047
6.269086
7.3044453
7.7377048
7.536177
7.6635666
7.1567364
6.8247643
6.015992
4.6737275
3.9127269
4.3311777
3.6152291
3.5911212
3.8042617
3.563345
3.564446
3.4266362
3.556006
3.3464184
3.5741131
3.26275
3.3736176
3.4669166
3.5147734
3.751389
3.871791
3.6521509
3.4049585
3.43341
3.446137
3.7044044
3.6304042
3.6172376
3.6193295
4.0585666
3.7538466
3.5639806
3.4045935
3.584394
3.6783214
3.5485647
3.4007418
3.5007043
3.4948828
3.7503104
3.8515613
3.661667
3.8656912
4.3064294
4.033224
4.018104
3.8828127
3.7886941
3.8237267
3.7080064
3.6144829
3.5683494
3.5551865
3.6148825
3.7397225
3.6986861
3.707884
3.7066019
3.6034591
3.4583893
3.4674785
3.2745373
3.1958442
3.1656127
3.0511093
3.046406
3.155147
3.1752663
3.0808623
3.1356077
3.2059016
3.0334382
3.2668462
3.813645
4.1450796
3.6784327
2.839337
2.8615842
2.8451514
2.997258
2.8505383
2.9517598
2.9780974
2.9544563
3.1350245
3.168607
3.364099
3.4675238
3.3306885
3.1957493
3.2564871
3.2671509
3.1533055
3.1281016
3.037032
3.2440336
3.585125
3.2612584
3.2166972
3.2032526
3.142689
3.1203108
3.1477225
3.190438
3.208385
3.236606
3.2159834
3.5435436
3.488593
3.3545518
3.5586863
3.613389
3.6636336
3.5333717
3.5441952
3.5727751
3.653087
3.6273723
3.4984071
3.614489
3.768631
3.8837461
4.0567155
4.4193883
4.2167716
3.8973782
3.986299
4.067651
4.064221
4.7659416
4.265659
4.195827
4.558707
4.7054996
4.2997055
4.267591
4.3300753
4.335337
4.9730563
4.7260017
4.432558
4.3001485
4.1761756
3.9476657
3.9615235
3.7897294
4.2400336
5.003271
4.6072426
4.5005164
4.237149
4.4279866
4.264593
4.092728
4.0382013
4.1324463
4.047396
4.5196095
4.3111763
4.3805966
4.1513906
4.091058
3.9030526
4.300058
3.75182
3.9547286
3.9218905
4.206257
4.5089655
4.612024
4.700745
4.58147
4.6354165
4.9601965
4.8366094
4.594879
4.754217
4.865957
4.965565
4.9313173
4.817932
4.5772605
4.496868
4.468803
4.3206277
4.300694
4.30657
4.3060412
4.2740026
4.196346
4.172593
4.250056
4.096186
4.2704105
4.030374
3.8874016
4.14921
4.142737
4.031703
3.9632638
4.045603
4.061878
3.9884713
4.0076504
4.0977902
4.002106
3.979986
3.978322
4.015925
3.955857
3.9732275
4.055984
3.965022
4.014997
4.0524387
4.067974
4.0107093
4.0009046
4.0830445
4.0121117
3.9240441
3.7670305
3.778349
3.9124923
3.94244
4.067448
4.1442757
4.205221
4.6538653
4.504841
4.563643
4.6005116
4.5883822
4.629713
4.396447
4.047953
4.1587453
4.084967
3.9958434
3.9210742
3.9729075
3.9700053
3.9526858
3.9711494
3.9847035
3.9628873
4.0119057
3.9989746
3.9220402
3.920745
3.9532819
3.9522834
3.9345913
3.8669207
3.933103
3.882303
3.9622622
3.9738111
3.833406
4.0157113
4.004771
4.0885715
3.9875684
4.1135554
4.133544
4.0471897
4.0911627
3.9646568
3.941415
4.031528
3.986781
3.9989834
3.880123
3.9034777
3.9186416
3.8770902
3.9538496
3.9547696
3.9005046
3.9643984
4.030505
4.007764
3.8943462
3.8949165
3.880065
3.861352
3.8927987
3.9191983
3.9317222
3.9184623
3.9253192
3.9712381
3.9768243
3.90528
3.9715576
3.940544
3.9797611
3.9459977
3.9069233
3.9936888
3.9099205
3.9917464
4.0411
4.023273
3.9557145
4.0237827
4.0093493
3.9928374
3.9432359
3.9589834
3.9675996
3.9603074
3.9050171
3.988318
3.8790004
3.962273
4.0558577
4.0831714
4.1461716
3.9965076
3.8222883
4.107647
4.0890493
3.957425
4.0325437
4.0605645
3.9879916
4.0901675
3.958622
3.9518125
4.1102433
4.0155725
3.9912236
3.894371
4.084298
4.1065764
4.1163106
4.1345673
4.2079597
4.3042846
4.4400377
4.500487
4.6110797
4.5296574
4.62429
4.5719395
4.5345163
4.509558
4.3411193
4.225731
4.181208
4.2370224
4.2255316
4.3660707
4.4394507
4.4301887
4.497878
4.57394
4.6309586
4.606145
4.634289
4.547023
4.533337
4.521493
4.4071045
4.582522
4.38447
4.2489266
3.9705062
4.0251603
4.0683565
4.4218125
4.4325705
4.5217204
4.5669713
4.6384506
4.602126
4.45038
4.518134
4.247539
4.24323
4.166467
4.217073
4.7538624
5.054663
5.052959
5.0797257
4.914821
4.577596
4.3679256
4.1291733
4.2053294
4.300881
4.4258623
4.840395
5.160361
5.243025
5.6012325
5.3219748
4.939228
4.897194
4.543803
4.460032
4.337946
4.7108502
5.119856
5.2100716
5.6272864
5.586855
5.4534817
5.3143764
5.086702
4.8821125
4.562138
4.468852
4.3605285
4.3577476
5.0851665
4.8177204
5.055571
5.164514
4.6346745
4.592388
4.495838
4.071412
3.962815
4.046687
4.0362644
4.0176034
4.095926
4.1190195
4.26847
4.171872
3.8704634
3.8122196
3.5342262
3.6878293
3.66682
3.3993526
3.4036717
3.3570166
3.280543
5.7582865
5.7081795
5.6961017
5.3797593
5.1050515
5.081742
5.388142
5.159652
4.972392
4.8742027
4.657966
4.7510996
4.6557155
4.7446647
4.735709
4.8248205
4.821213
4.7617507
4.9672217
4.9382467
4.737799
4.924221
4.803089
4.54464
4.6043763
4.6730614
4.660359
4.6169596
4.68098
4.60903
4.689295
4.8301377
4.887103
4.970836
4.978061
4.8669567
4.853254
5.022785
5.0718293
5.2069287
5.1182547
5.421824
5.334609
5.356384
5.4147906
5.444897
5.456989
5.421563
5.4415026
5.5173182
5.577214
5.6576843
5.694034
5.9004574
5.845462
5.95792
6.067242
5.973345
6.0576644
6.053801
6.019891
6.070967
6.0015526
6.028449
5.897539
5.9083376
5.8666086
5.849194
5.883418
5.865549
5.909077
5.8431883
5.856297
5.884872
5.7448554
5.645738
5.6833677
5.5943856
5.4922957
5.581456
5.574422
5.572075
5.665663
5.602066
5.571682
5.576857
5.569397
5.645527
5.509038
5.606474
5.425206
5.4996104
5.6316204
5.502888
5.5669575
5.5454974
5.666275
5.6771584
5.629737
5.717774
5.706128
5.688341
5.64388
5.73647
5.6869044
5.759226
5.644416
5.71875
5.6984935
5.7345457
5.7106705
5.9358463
5.829467
5.7352514
5.708935
5.7162185
5.661032
5.9840875
5.9341745
6.072969
6.1733303
6.09575
6.1260924
6.1790943
6.2024593
6.4490705
6.41204
6.4654007
6.435648
6.4807067
6.443721
6.6440673
6.700809
7.0076017
6.814699
6.700065
6.850023
6.7606726
6.7095423
6.8804054
6.780346
6.657085
6.685055
6.6807323
6.6911917
6.638739
6.6579127
6.6504188
6.6534123
6.687401
6.601331
6.7342277
6.7310567
6.7265344
6.7100687
6.642545
6.67874
6.652052
6.614415
6.6225195
6.672678
6.621782
6.684504
6.687385
6.7367716
6.6871862
6.7029743
6.7248144
6.6677356
6.7132893
6.674177
6.707744
6.621853
6.7348766
6.610296
6.6770735
6.5944705
6.597597
6.5951543
6.5583196
6.673995
6.7584014
6.7712765
6.8028955
6.6827726
6.4503565
6.4174647
6.304181
6.39146
6.440267
6.543767
6.497831
6.52962
6.6025424
6.657144
6.628378
6.7750945
6.7902007
6.808025
6.904114
6.896106
6.962241
6.907302
7.0749993
6.9316697
6.861628
6.858736
6.8709702
6.8211474
6.897506
6.8981004
6.2439847
6.166219
5.8786645
5.327971
5.782017
6.362212
5.8044405
6.0829654
6.5462065
5.2161174
6.222406
6.337001
6.3466263
6.503124
6.3991213
6.1438546
6.1064315
6.565515
6.598262
6.5032053
6.4404397
6.417126
6.362796
6.4772215
6.565734
6.590707
6.8589206
6.9973245
6.8474746
6.78537
6.8630495
6.838266
6.8091607
6.7235765
6.812168
6.7807074
6.8070498
6.7564654
6.750473
6.7480702
6.817437
6.7962656
6.7090383
6.6537323
6.8489294
6.653596
6.695857
6.674193
6.553214
6.57911
6.6262574
6.6276712
6.2617326
6.2932596
6.214396
6.282971
6.218956
6.3031964
6.3601036
6.627741
6.571211
6.5660186
6.524013
6.513827
6.4188986
6.5133815
6.421466
6.4888697
6.627373
6.723336
6.724583
6.7591734
6.716831
6.804087
6.9642205
7.060643
6.964064
6.485792
5.9960413
5.314186
3.2498238
4.3069067
4.454553
4.476136
4.4538865
4.522186
3.42378
4.4959965
4.4790373
4.5378294
4.5381145
4.50637
4.4570227
4.4800177
4.5012918
4.4988503
4.5569067
4.4704237
4.517916
4.46734
4.538644
4.5932555
4.5291357
4.52893
4.6296945
4.653021
4.6484175
4.684426
4.7167993
4.7342567
4.7839375
4.8487406
4.8375053
4.8782387
4.950081
4.971517
4.91114
4.9331546
4.967512
4.942893
4.794409
4.896709
4.8319063
4.7856865
4.8869925
4.892927
4.834854
4.87218
4.783616
4.8160706
4.766721
4.726182
4.8035264
4.7664986
4.753993
4.670232
4.734846
4.712802
4.6447487
4.764218
4.6907907
4.69705
4.7209444
4.7859254
4.761137
4.7398725
4.746297
4.726054
4.823055
4.7242093
4.7891154
4.6438894
4.7491865
4.708874
4.723913
4.6984377
4.7310348
4.6239915
4.7568645
4.6667747
4.6950417
4.782713
4.6205125
4.693157
4.659181
4.693753
4.6515136
4.6311765
4.690075
4.6807246
4.7449474
4.710196
4.759786
4.857643
4.7391143
4.7320175
4.904785
4.7925987
4.859223
4.7908
4.936607
4.7864366
4.94458
4.7974396
4.870827
4.819735
4.876163
4.829858
4.8084793
4.8174014
4.823518
4.8840675
4.826398
4.824017
4.8263435
4.8590636
4.746098
4.826235
4.7937493
4.796527
4.796666
4.7564054
4.7388926
4.8368626
4.8217206
4.790353
4.735645
4.8450727
4.7922235
4.7892714
4.7981834
4.8282166
4.7781105
4.7877383
4.849575
4.7975717
4.886554
4.839664
4.8746357
4.9008737
4.924395
4.914571
5.026667
4.9031353
5.0443883
4.9215565
4.98936
4.92575
4.9212375
4.946249
4.9644685
4.989146
4.8930907
4.950499
4.8639235
4.910262
4.8615494
4.918327
4.8732233
4.91397
4.845164
4.970321
5.385538
5.328663
5.5129695
5.564209
5.4872203
5.4905577
5.542697
5.5175204
5.5594583
5.7005534
5.6827164
5.718204
5.7165804
5.7386456
5.722537
5.7168474
5.628627
5.6168294
5.6299872
5.673554
5.627863
5.667875
5.5798855
5.615883
5.574161
5.541927
5.572179
5.563445
5.641444
5.672803
5.713758
5.7022014
5.747291
5.740578
5.810283
5.7097883
5.695051
5.7739277
5.557468
5.8423214
5.8360195
5.851803
5.751261
5.681513
5.841956
5.7593226
5.9538307
5.739427
5.8427496
5.911902
5.898556
5.915383
5.8235693
5.8918257
5.7707925
5.991549
5.819295
6.023561
5.8337903
5.9552317
5.7763543
5.941538
5.7296886
5.970405
5.767659
5.9128337
5.8280554
5.7228165
5.8682613
5.8146377
5.7942543
5.8990116
5.7788253
5.786993
5.7461824
5.7928634
5.740833
5.8044086
5.724044
5.7570424
5.771209
5.943756
5.808118
5.724398
5.686826
5.7527046
5.6995645
5.8106904
5.716628
5.73112
5.7329125
5.827443
5.754258
5.746976
5.881918
5.816645
5.8841133
5.8821735
5.7984867
5.7252035
5.7308383
5.764354
5.7920585
5.7712603
5.6259217
5.554659
5.410475
5.4961863
5.264964
5.080376
5.1638937
5.5381947
5.0628834
4.5085588
4.884158
5.413133
5.667683
5.786068
5.782767
6.3273253
6.4926066
6.7154193
6.718463
6.5034266
6.465284
6.5930796
6.656087
6.561801
6.6069794
6.6386127
6.504473
6.3686037
6.300264
6.280618
6.1184897
6.4032087
6.8362045
6.53281
6.4115615
6.659791
6.463402
6.4317665
6.6353927
6.869357
6.675883
6.2355185
6.3836017
5.997113
6.1413035
6.6808476
6.7979054
6.7610836
6.301906
6.4433346
5.826857
6.3069572
5.559167
5.5000734
5.154676
5.3269877
6.1147594
6.0092425
5.9581323
6.2533317
6.233612
5.4471903
5.38671
5.9657173
6.602295
7.0438786
6.8205895
6.277188
5.58294
5.9393396
6.119608
5.7710733
5.5760326
