10000
5.1389556
5.139011
5.02818
5.2145824
5.151083
5.1871276
5.124645
5.1697946
5.173108
5.1061816
5.089721
5.1032467
5.155025
5.1046586
5.155289
5.140472
5.148159
5.2429047
5.2666445
5.2171073
5.1449237
5.0918493
5.268745
5.1767178
5.204055
5.261315
5.1942954
5.1827507
5.2407737
5.2120004
5.2830243
5.1913176
5.2131286
5.2388344
5.142761
5.244183
5.276556
5.170318
5.231492
5.1707354
5.1801414
5.190693
5.180417
5.2144866
5.1760674
5.190421
5.2544975
5.2149644
5.152479
5.2304506
5.218476
5.2346826
5.004692
4.9120617
4.8330007
4.7444777
4.906389
4.8945107
4.8713427
4.758808
4.9440603
4.8026743
4.701488
4.8115144
4.6389985
4.817724
4.7970915
4.8018217
4.8736258
4.8982058
4.823668
4.900008
4.76398
4.762514
4.7193484
4.7071056
4.652469
4.7328744
4.6753554
4.6451178
4.7622914
4.7531805
4.5894275
4.67192
4.637241
4.6863422
4.700204
4.6508446
4.657378
4.5705748
4.574928
4.552369
4.592049
4.6410847
4.7108464
4.758093
4.6024194
4.713054
4.661443
4.6274433
4.567378
4.5491047
4.655458
4.5334463
4.5814104
4.5726657
4.6154804
4.604907
4.6760874
4.585617
4.717977
4.5812097
4.5376897
4.5062914
4.521519
4.594042
4.5518665
4.377158
3.2585146
4.3558702
4.389812
4.340562
4.225667
4.110464
4.138331
4.0716095
4.0442657
3.9607034
3.9010024
3.8809452
3.8160627
3.809133
3.7680123
3.7290568
3.6372435
3.6486595
3.446107
3.71145
3.5616493
3.578193
3.4090667
3.4184313
3.3640838
3.5572777
3.4720328
3.5114806
3.4003859
3.339778
3.3576698
3.31347
3.153966
3.3389854
3.3811467
3.3568292
3.2214766
3.194903
3.2492394
3.205215
3.159773
3.2405853
3.1355
3.136524
3.079874
3.1883335
3.0216446
3.236824
3.0498333
3.0121303
3.130175
3.1696787
3.0887628
3.1529982
3.1986868
3.0425456
3.1987565
3.0685747
3.1423035
3.2540193
3.1146784
3.1194675
3.2035217
2.4494238
3.2476015
3.2854953
3.2813606
3.2053447
3.1906319
3.2541447
3.175814
3.2144113
3.260744
3.1479654
3.1581528
3.1773443
3.2673712
3.2969322
3.2300935
3.3048189
3.2624483
3.2306433
3.300631
3.2659488
3.3313227
3.2371275
3.2031736
3.2355466
3.2929125
3.2321808
3.245513
3.284635
3.235808
3.2901297
3.2392664
3.253503
3.234376
3.307651
3.2887697
3.2457442
3.2712831
3.288052
3.2745261
3.3119106
3.3153834
3.3009896
3.3110077
3.2440333
3.2955225
3.2686172
3.268537
3.2905364
3.240137
3.2240148
3.3184705
3.2607865
3.2683659
3.2688909
3.2750037
3.3457632
3.3326652
3.231761
3.246932
3.1739836
3.3383706
3.1499038
3.271767
3.2554884
3.2773438
3.2254868
3.2001855
3.212275
3.2749753
3.1116138
3.2384772
3.2365618
3.3270447
3.2471466
3.248994
3.2942688
3.219308
3.2418466
3.230074
3.1668248
3.1813996
3.239234
3.2349048
3.2181325
3.225376
3.3009777
3.2380636
3.2828994
3.2412777
3.2151184
3.282052
3.2964187
3.271704
3.2338946
3.241207
3.2328331
3.219655
3.257678
3.2496097
3.2696671
3.2659986
3.2849183
3.126664
3.1174235
3.263824
3.2219372
3.3500805
3.2246473
3.2983968
4.481237
4.6614456
4.689643
4.5382156
4.6653614
4.6142607
4.593635
4.5376544
4.5637884
4.63074
4.5799475
4.5569873
4.5151157
4.6416035
4.5246086
4.5619392
4.5702887
4.5408354
4.5828648
4.631082
4.6098413
4.5746813
4.550946
4.5480742
3.4538922
3.4584033
3.3026512
3.4070065
4.6159763
4.604364
4.6845903
4.668956
4.6712337
4.6118574
4.5709047
4.563636
4.594352
4.617645
4.646345
4.646925
4.5794625
4.546937
4.5681653
4.524158
4.656458
4.6175833
4.622958
4.50434
3.0908947
3.46275
3.404745
3.3458893
3.1333184
3.3040116
3.4699607
3.4717755
3.1951072
3.4331584
3.2543492
3.4314976
3.2083426
3.2448938
3.1771793
3.1033013
3.205236
3.1407611
3.1498919
3.1514387
3.104034
3.1491299
3.1477046
3.1827497
3.1405118
3.1179118
3.143221
3.1325808
3.2085652
3.2345753
3.5639648
3.2452784
3.5211792
3.4489841
3.1452923
3.2278543
3.5803063
3.1787643
3.1381197
3.1648798
3.1925886
3.2048893
3.2454863
3.1927927
3.2219782
3.2143054
3.224916
3.1863031
3.6311803
3.642635
3.3322542
3.357642
3.309872
3.194616
3.323397
3.1420243
3.0861397
3.1606426
3.1357653
3.1036468
3.1448298
3.092336
3.1450243
3.1609812
3.1556506
3.1351771
3.186366
3.1534429
3.1483808
3.1868682
3.168849
3.1029675
3.1223435
3.1530557
3.3705156
3.2091799
3.1500673
3.1520615
3.10523
3.5358326
3.2218063
3.2002628
3.1942306
3.4849699
4.1776695
4.196913
4.1294093
2.3743896
2.2555258
2.3755214
2.3883474
2.4879646
2.6055856
2.3342135
4.124423
3.1507025
3.0704565
3.1370351
3.1844225
3.0992236
3.303682
3.6058624
3.1609192
3.1712112
3.1836202
3.0060666
3.2795846
3.197162
3.1838694
3.1645484
3.2504876
3.1698928
3.1955717
3.2683403
3.1129425
3.1603158
3.4689636
3.1558204
3.4509532
3.392784
3.491997
3.6526792
3.9355762
3.9347525
4.060371
4.0165496
4.1275697
4.1762433
3.2777376
4.4136276
4.4247046
4.4934087
4.501203
4.464843
4.509467
4.586937
4.5723825
4.6196675
4.5601144
4.607081
4.545589
4.671111
4.718894
4.7778916
4.693903
4.6776724
4.6869273
4.591921
4.63113
4.6396008
4.656684
4.602398
4.6896486
4.654314
4.672899
4.5775213
4.549813
4.520972
4.549855
3.2673001
4.5360403
4.685512
4.65205
4.5739117
4.5853944
4.500623
4.6329455
4.5606093
4.5771194
4.545166
4.644272
4.545127
4.56516
4.5737514
4.53999
4.540567
4.5465326
4.560825
4.549505
4.334319
4.4262
4.2868137
4.24101
4.149088
3.905717
3.6700218
3.4354134
3.555924
3.6791883
3.6310587
3.9227853
3.2660413
4.5057745
4.430557
4.504825
4.6877804
4.6956935
4.5771646
4.6634417
4.870198
4.920623
4.8872914
4.626095
4.591495
4.597054
4.606876
4.6218033
4.6809893
4.698184
4.501906
4.1877036
4.2263927
4.0943074
3.9838452
3.9613423
4.064383
4.1021686
4.1348486
4.168706
4.162452
4.486396
4.5602517
4.5610647
4.55962
4.552499
4.5899057
4.5630097
4.5360146
4.537613
4.6201644
4.5951114
4.56151
4.613904
4.6683726
4.6119385
4.531445
4.6451616
4.548998
4.5533085
4.5688696
4.644206
4.5706854
4.594773
4.608443
4.5490484
4.53551
4.5228496
4.4561844
4.5283794
4.635186
4.6293344
4.5618668
4.544267
4.574195
4.5401077
4.5558543
4.573528
4.5773396
4.549026
4.6222787
4.567394
4.5013094
4.4469547
4.457815
4.5083847
4.5197406
4.6043534
4.5304513
4.5623264
4.496439
3.2624192
4.5323997
4.361253
3.4390917
4.471143
4.469128
4.421857
4.2881374
4.121796
4.126779
3.9308896
3.8013754
3.6350048
3.6699767
3.8939087
4.1657476
4.02054
4.069023
3.9451945
4.125863
4.138751
4.06873
4.1256714
4.1431603
4.1883135
4.072511
4.090202
3.8665805
3.6757956
3.5271878
3.833391
4.0024047
4.1645427
3.9492173
2.4520934
3.7668543
2.5291355
3.8982947
3.484468
3.3136044
2.6065812
3.5783563
3.5937262
3.1431513
3.071414
2.9111965
3.24195
3.269775
3.4081078
3.0851395
3.3370733
2.5193222
3.379918
3.3356786
3.3011389
3.3017123
3.286851
2.5098777
2.9111063
3.258394
3.2667239
2.492079
3.3406441
2.9862237
3.3458238
3.2735445
3.2881355
3.3806076
3.2676585
3.0914068
3.3293295
3.316374
3.3546538
3.3327227
2.4554896
3.4208698
2.5186698
2.7620318
2.9944494
3.3512545
2.448057
2.1878223
3.3900042
2.301579
2.632647
3.3563337
3.2703216
3.058453
3.3522732
3.2585888
2.8951335
3.2951777
3.6632762
3.7455356
3.7330966
3.293601
4.1222806
2.788727
3.7619002
3.706644
3.904759
3.9066782
3.9248333
3.9504943
3.8792267
3.5922403
3.5479734
3.5581293
3.2374778
3.2298532
3.489726
3.461215
3.5144503
3.7560768
4.0731225
3.7827077
3.4434679
3.1021307
3.0779064
3.2462604
3.008037
3.0381508
3.0565078
3.2654393
3.1009107
2.9379754
3.2050066
3.3633127
3.455325
3.5276535
3.1417358
3.3293393
3.420703
3.7480173
3.6729002
3.7260349
3.950165
3.7592416
3.6806462
3.4397545
3.3341477
3.2645772
2.9028502
2.7887511
2.8889134
2.9374702
2.9866958
3.2245293
3.2396953
3.2524061
3.0864387
2.8692262
2.4827533
2.23069
2.344312
2.4816122
2.3785777
2.4548821
1.9734026
2.454092
2.0700994
2.381281
2.5035117
2.3209474
2.3398552
2.4921343
2.6232135
2.8414795
3.0029404
2.7336774
2.712185
2.688029
2.8196795
2.8173332
2.3592188
2.6803567
2.613634
2.947997
3.1040087
3.2780764
3.1239743
3.0700645
2.146394
2.9857674
2.633228
2.5796957
2.5450635
2.6207976
2.923614
3.1366696
3.217212
3.1680958
3.4085705
3.0820453
2.923447
2.7915707
2.5538657
2.4460268
2.5398088
2.792312
2.7730484
3.0453112
3.319236
3.196998
3.3802326
3.399237
2.5100257
3.0315595
2.7888038
2.675512
2.4198468
2.445813
2.434209
2.5441425
2.8345942
3.0245373
3.1052146
3.3127522
3.4078565
3.2244868
2.886595
2.5294795
2.3495088
2.114313
2.1646006
2.1211562
2.0851104
2.3317468
2.596488
2.9219842
3.0304859
3.0074134
3.1980107
2.8307805
2.4896667
2.1853967
2.1068392
2.1334305
2.043927
2.1378944
2.2483723
2.4590714
2.5607133
2.504906
2.7104065
2.9624562
2.65598
2.5392404
2.45726
2.5422745
2.445448
2.4966555
2.8623502
2.5985856
2.550713
2.7718549
2.6837583
2.8234663
2.5222685
2.845174
2.8335896
2.5727057
2.4932232
2.4060044
2.396379
2.3118565
2.396864
2.5931926
2.9474506
3.2997065
3.2541504
3.2112043
2.9953341
3.0175204
2.964025
2.5519245
2.215972
2.6990776
2.5789447
2.790156
2.6549869
2.6734924
3.0879722
3.01496
3.1737716
3.2521887
3.332749
3.0963497
2.734123
2.7488813
2.6438289
2.7742624
2.8023696
2.8341873
2.8769257
1.9979116
2.3507786
3.0670023
3.3324142
3.255734
3.5600262
3.167128
2.900621
2.8131285
2.4688363
2.7641964
2.8124177
2.379849
2.9476614
2.799304
3.0573668
3.184538
2.9773502
2.9277763
2.6813717
2.4231026
2.7297862
2.4561534
2.4535613
2.7001219
2.877561
2.7988703
2.7592854
2.9144673
3.0219533
2.613722
2.8113437
2.692398
2.3730636
2.4393435
2.311275
2.1948655
2.3395581
2.3491848
2.4212239
2.716019
2.7086942
2.8383844
2.832043
2.6182141
2.5698726
2.3662245
2.2059774
2.4653046
2.5124557
2.4491327
2.2831535
2.4305387
2.4436183
2.8732922
2.8554597
2.9275992
2.8196783
2.701507
2.401576
2.7027452
2.6736712
2.3340282
2.653803
2.7450013
2.7237341
2.6973362
2.654362
2.7194424
3.1127393
2.621417
2.6478193
2.6176498
2.671827
2.578844
2.6284103
2.6120946
2.847877
2.6589699
2.6109402
2.6234927
2.8592055
2.8391767
2.9175024
2.6897144
2.6146326
2.576532
2.5952744
2.402405
2.3996181
2.6720283
2.674343
3.0719063
3.1596181
3.1270866
3.5670717
3.3186567
3.1714807
3.0754447
2.805414
2.3742082
2.43131
2.4196382
2.518651
2.6004755
2.6406724
2.646563
2.8480814
2.716787
2.6788192
2.7306936
2.667454
2.6494741
2.6110477
2.641747
3.5303338
3.023587
2.6460524
3.7087345
2.6455464
2.6323068
2.9804907
3.602456
3.6182883
3.515298
2.7159197
2.4823074
3.605331
3.56897
3.6423478
3.534191
3.6567183
3.5483575
3.630667
3.6055944
3.4880157
2.8835678
3.6400213
3.524971
3.4876335
3.530629
3.0853732
3.6766076
3.4470692
3.509485
3.346633
3.3528805
3.3121595
3.195221
3.2731981
3.1264815
3.200717
2.351317
3.2893734
3.37851
3.462991
3.4573293
3.552213
3.5466323
3.4663
3.5367935
3.4983828
3.673213
3.4928563
3.6065223
3.597393
3.5731487
2.878924
3.6757822
3.6198163
3.3348095
3.5446749
3.3810105
3.4974346
3.5767508
3.2266853
3.56811
3.6174786
3.6307137
3.0940292
3.192008
3.1571167
3.4600878
3.232736
3.0997453
3.5270786
3.6214647
3.1670756
3.0609293
3.246677
3.4343727
3.5358403
3.2243178
3.1674576
3.198432
3.141033
3.0002666
3.105548
2.4110045
2.979778
2.825286
2.8153026
2.7370987
2.7483366
2.7052343
2.5881314
2.6719923
3.0291834
3.0864575
3.0141222
2.9697416
3.1309633
3.1610684
3.0913203
3.164588
3.2041268
3.3101292
3.2084136
3.2160835
3.307197
3.2052412
3.0819647
3.303514
3.2363334
3.1975923
3.2753704
3.2273898
2.5723128
3.2604523
2.1089947
3.237498
2.7217278
2.688187
2.4938483
3.338482
2.524289
3.312837
3.2156394
3.1824374
3.2826695
3.219305
3.1404853
3.0844414
2.2522895
3.1147308
3.0631113
3.1741195
3.0964913
3.1842852
3.1573062
3.2516947
3.1458192
3.2091022
3.0644612
3.2141962
3.0773482
2.9778714
2.98148
2.9921985
3.1042914
3.5166676
3.1570997
3.6075153
3.1749544
3.5353158
3.2765868
3.5157428
3.5723457
3.5004687
3.5664377
3.5111141
3.540733
3.503773
3.575919
3.5219955
3.5235827
3.550614
3.4565938
3.5064752
3.5355816
3.584309
3.554796
3.4600322
3.490222
3.68777
3.5226398
3.4265032
3.144479
3.3441203
3.0912416
3.400681
3.5726771
3.6595166
3.6325493
3.8093178
3.7323208
3.5227654
3.3318825
3.532798
3.533946
3.5215578
3.5634685
3.6247706
3.5518672
3.627456
3.545144
3.5518296
3.3611352
3.5399718
3.5809968
3.6150393
3.494406
3.596989
3.5899427
3.6134202
3.5723114
3.524353
3.5833466
3.5412354
3.4618773
3.4114504
3.39917
3.5306253
3.5595787
3.5196724
3.4872413
3.6425793
3.4658911
1.9494412
3.343792
3.0902555
2.8273237
2.7341304
2.688643
2.9627159
3.688132
3.8592448
3.9631321
3.9177325
3.7663221
3.5516605
3.6117392
3.340472
3.147526
3.3367176
3.4020326
3.523878
3.5261426
3.5542605
3.6929052
3.6219501
3.628447
2.70994
3.6724029
3.6210115
3.6679006
3.5793505
2.3540068
2.6572597
2.5861883
2.6178112
2.5859842
2.2036426
2.7138963
2.5297554
2.707429
2.704335
2.6968913
2.6852543
2.74001
2.6234057
2.7057822
2.6486819
2.6592052
2.6599975
2.6394944
2.6851153
2.688016
2.7594087
2.7265043
2.6606097
2.662609
2.7415469
2.7268052
2.6579413
2.695456
2.697412
2.6450818
2.7560327
2.7287426
2.698898
2.1018314
2.0718367
2.7706065
2.7621105
1.9729977
2.81529
1.9719868
2.72144
2.7193146
2.694152
2.8195224
2.7529263
2.7491865
2.3383243
2.7802854
2.739174
2.7310083
2.6408768
2.7323399
2.726059
2.276317
2.753099
2.731943
2.7336934
2.6410494
2.3691194
2.7161467
2.716605
2.7906566
2.7564592
2.7276096
2.7217107
2.6863627
2.793481
2.7150772
2.7494533
2.778113
2.4547987
2.167545
2.738287
2.760307
2.2268023
2.791821
1.7543951
2.7770317
2.766527
2.697336
2.7012088
2.672657
2.4627068
2.6728334
2.6504335
1.9473172
1.858941
2.687626
2.663258
2.7454336
2.7785947
2.6897955
1.9673913
2.7381458
2.614772
2.6889033
2.7379878
1.7007114
2.5932393
2.065562
2.0481608
2.121567
2.6669395
2.256609
1.9186587
2.0088046
2.001141
2.7164483
1.7879118
2.5177445
2.0961497
1.9846255
2.5914896
1.9771613
2.0512774
2.5532324
2.475329
2.5681891
2.4309168
2.4476035
2.1728342
2.3938346
1.9886192
2.0702605
1.8908623
1.9933031
1.971625
1.9951564
1.9771924
2.3400154
2.0594018
2.146484
2.0250263
1.9564505
2.6181953
2.6046162
2.1128197
2.5670226
2.6176088
1.9435947
2.7345133
2.086431
2.6180587
2.230551
2.4901464
2.1901073
2.692009
2.368054
2.2505844
2.4076867
2.3825982
2.3788311
2.6493154
2.6229846
2.3299036
2.3200784
2.1611316
2.0189652
2.2185278
1.9256978
2.3343258
2.2938237
1.854738
2.388144
2.27136
1.7717189
2.4658358
1.9507549
2.117455
2.1973732
1.9963117
1.9903883
2.3021638
2.3555975
2.3254538
2.2143285
2.1315825
2.0081656
2.3372319
2.4073424
2.3938966
1.9860098
1.8336169
2.3445172
2.3798144
2.3506827
2.2784476
1.7170348
2.3954554
2.0841875
2.164613
2.4725778
2.3107972
1.7850575
1.7891209
2.4401348
2.3349388
2.4064872
2.4182131
2.3923845
2.0115192
2.3096359
2.0658832
2.3277235
2.4323955
2.4068108
2.1280017
2.381757
2.578881
2.3223748
2.4709337
2.582655
2.0001786
2.5187695
2.5363412
2.337559
1.8555768
1.8774403
2.0858536
2.5028794
1.9861226
2.5676312
2.539456
2.46665
2.4436421
2.5532546
2.5695186
2.509692
2.3951719
1.792899
2.097509
2.3628464
2.4442406
2.5780182
2.1039984
2.5081263
2.484884
