10000
4.4971957
4.027464
4.355946
4.067241
10.204527
10.202728
10.0091095
9.983187
9.964537
9.951051
9.899041
9.937592
9.817182
10.019703
10.04439
10.068053
9.975866
9.948048
9.969493
9.83537
9.976323
9.961644
9.98581
9.9092455
9.990878
9.992186
9.959295
10.009891
10.078893
10.044316
10.110452
9.85366
9.84826
9.93181
10.064311
10.105289
10.062949
9.93776
9.749008
9.6761675
9.411291
9.148775
8.832907
8.714449
8.327473
7.3587394
6.6511974
5.921629
5.4976053
4.656328
4.5753417
4.823208
4.6190906
4.792277
4.588703
4.5835557
4.6182537
4.7779775
4.538745
4.604909
4.7685304
4.6570315
3.6028545
4.8142133
4.9592376
4.99691
4.830289
4.5670223
4.554944
4.621785
4.736166
4.764369
4.643704
4.6410513
4.780998
3.9603574
4.334897
3.901173
3.849256
4.1421103
4.1531363
3.6895275
3.5630498
3.8379397
3.8846972
3.8321626
3.559398
3.6735113
4.0847306
3.8464336
4.0479712
3.9987428
4.139188
3.8468242
4.1043706
4.6344924
5.398269
5.806695
5.629519
4.9887514
4.551625
4.115553
4.5432568
4.403441
3.5277193
3.8590932
4.734271
4.828323
4.660155
4.2972226
4.675701
5.0749555
5.405218
5.066934
5.4835615
5.055676
5.023296
5.6877
5.359464
5.2713346
4.332748
4.4718094
5.041283
5.3514824
4.7273293
4.717463
4.926153
5.309286
5.5032215
5.1930733
3.817225
4.0493326
5.0098004
4.7049294
4.0946846
4.130453
4.499823
5.3659997
4.7919264
4.9308333
5.1300573
4.7248316
4.0766006
4.630349
5.1355577
5.639678
5.1119895
4.423331
4.726218
5.282795
6.487731
6.577324
6.216543
4.9260573
4.570928
4.4643974
5.6404676
7.20498
6.5261064
5.047847
4.9356623
4.6567698
4.939592
5.4895678
6.5514345
5.8964615
4.838751
4.240079
4.678426
4.3896027
4.505216
4.8463535
4.570879
4.7871675
3.8868694
3.6320636
4.6161957
5.047416
4.987716
5.0371847
4.665297
4.8180885
4.7240434
4.5915227
5.1786156
4.67116
3.5006287
4.0858006
5.408182
5.35755
5.2925854
5.3361435
5.1734176
5.2686067
5.237612
5.334435
5.274113
5.11616
5.441948
4.996354
5.403717
4.8931794
4.7220087
4.969005
6.127248
5.878466
5.7252293
5.7287955
5.583128
5.671868
5.6071777
5.586219
5.651746
5.5247836
5.077706
4.759244
4.208113
4.4337177
4.268842
4.4550934
4.140429
4.610324
4.580014
4.4583654
3.9702287
4.0167685
3.9762733
4.0233927
3.5936491
3.8348851
3.7573771
3.9836493
4.204045
4.5625067
4.4190173
4.750792
4.4667645
4.453306
4.302985
4.3689294
4.0628347
5.2935705
4.0868087
4.481896
3.9380155
4.400218
3.6838644
3.6476629
3.743586
4.642275
4.5058303
4.6785336
4.7274265
5.05635
3.8896458
3.896492
4.0439816
3.8974493
3.5098028
3.5887136
3.7591581
4.076646
4.123091
3.8572457
3.7715445
3.179237
4.8155065
4.980505
5.1643314
5.616474
5.598022
4.993417
5.3868337
4.829588
4.2624507
4.722677
3.7032108
3.3654938
3.6544814
3.497913
4.243108
3.9467323
4.6762543
4.7610865
4.658405
3.6171808
4.3927045
3.57649
4.155873
3.6826942
4.8738947
4.8115
3.1998768
4.863636
5.032292
4.3253555
3.8160052
3.9033804
3.335245
4.6282935
3.3312926
4.121267
4.0416737
4.907714
5.2124667
5.380456
5.211405
5.7227535
4.2840214
4.0325923
3.2459216
4.67895
4.357454
4.6693296
4.7580895
4.859366
4.8421316
5.232196
3.4993534
5.2932677
5.9267035
6.1008463
6.229232
6.0542297
6.1248717
6.6654515
6.6394987
6.582047
6.8701963
7.1353025
6.7488155
6.3702383
6.4847546
6.2873535
6.025618
5.6759872
5.365733
5.497929
5.851202
5.964636
5.9076815
5.702338
5.5236998
5.3914585
5.984277
6.074474
5.3756332
5.2345695
4.786692
4.516225
3.5914483
3.561379
2.9011638
3.7671235
4.925726
5.3247986
5.0687604
4.28876
4.543828
4.9575524
4.8050337
4.5031157
4.3115053
3.4903414
3.3177075
4.0685334
3.6151583
4.904936
4.673895
4.5776224
4.8470526
4.385946
3.9000857
3.72655
4.3086214
3.5592723
3.9709415
4.2678742
4.3744416
4.495915
4.297792
3.9133835
3.5585856
3.5617902
3.2480805
3.6284733
5.7863936
6.0991874
6.457199
6.523493
6.6453075
6.6452265
6.360355
6.2917004
6.1783304
6.420726
7.005554
6.5146537
5.887146
5.2883205
5.136656
5.369615
5.515117
6.0251584
6.1692014
6.523622
6.343546
6.594657
6.688759
6.7361145
6.8716955
6.4872847
2.733423
3.7939472
3.4898121
2.3112893
3.6179078
3.78219
2.9057703
3.9115798
2.6931858
3.8071754
3.816823
3.6411731
3.6271389
3.4971962
3.2680273
3.5165439
2.6328304
2.3067696
3.0605187
3.6048121
3.1605873
3.3088765
3.180431
3.3475978
2.441258
4.523823
3.5859065
4.1397357
2.8526099
2.4129212
3.742482
3.0937898
2.829874
3.1119995
4.871989
3.2596302
2.601258
2.4211857
3.612749
3.7820027
4.050285
4.2984166
3.079654
3.5358024
3.9257536
4.4205008
4.088506
5.382819
5.344746
5.0126386
5.1049395
5.1390595
4.9744244
4.5198545
5.3367624
4.600417
4.601074
4.6274905
4.6729517
4.724672
4.728206
4.8612247
4.812867
4.859689
4.6966043
4.876155
4.718524
4.62492
4.624783
4.6937523
4.743368
4.8346825
4.6935167
4.5674834
4.64934
4.641891
4.5427227
4.5102744
5.815106
5.125628
5.6651936
5.5168304
5.5039296
5.644907
5.654112
5.679541
5.6256294
5.5439253
5.5943713
5.295234
5.6215324
5.2687793
5.127153
5.0848827
4.4444284
4.4374013
4.338162
3.9657617
4.212565
3.8372865
3.2935634
5.0769086
4.20666
3.0577765
2.5334885
2.6458597
4.2654414
4.670556
2.5440907
2.5251694
4.119179
5.341333
4.2554502
4.6892114
4.6033964
5.2102714
5.644196
4.17207
4.600257
4.682642
3.3792188
5.5162425
5.4436383
5.008651
5.0014477
4.6031184
3.8751326
4.53695
4.8942223
4.7309933
4.6061
4.750662
4.6464133
4.713664
4.9568663
4.7270484
4.4310484
4.4252977
4.4221745
4.070911
3.8301618
3.4421074
3.8153563
3.9470887
3.7386656
3.7676458
4.922097
4.2336345
4.366192
4.2892632
5.1023636
4.0725284
4.4646254
4.0478044
3.672772
2.7101727
4.021211
4.154659
4.0899897
2.8059533
5.2579184
5.25745
5.2160892
5.427879
5.27379
5.1039443
5.569776
5.6722617
5.705093
5.7090673
6.0028486
6.092098
5.820853
6.091738
5.620208
5.2820144
5.349732
5.1145587
4.91951
5.25005
5.4015856
5.593772
5.5227423
5.0537577
5.159119
5.4005013
5.263733
5.620454
5.739038
5.6580353
5.6747804
5.9547033
5.9222965
6.1377997
5.7226014
5.451132
5.248934
5.825886
5.940171
5.245908
5.7737474
5.8387995
5.6068807
5.577276
5.4711246
5.460354
5.9455376
5.4306173
4.914811
4.780071
5.001087
5.0547986
4.648421
5.1373315
5.058291
5.4460344
6.142904
6.236578
6.1491613
5.9642916
5.7260165
5.7286043
5.2674956
5.308613
5.505412
5.4389734
5.8094797
5.770937
5.80719
5.880315
5.9407244
5.99533
5.9101915
5.723493
5.763791
5.963055
6.295189
6.333718
6.45148
6.4074907
6.3862762
6.2025437
6.157728
6.1245494
6.1687994
6.1140227
5.8768077
5.646196
5.516679
5.6174746
4.7106895
3.5297403
3.5328994
3.4626946
4.034349
3.7572455
3.8460555
3.7232366
4.6360044
4.0880194
3.619946
4.051144
4.131837
3.4086962
3.72349
3.9069707
3.4249125
3.8821535
4.2498245
5.3402505
3.8011768
3.8822882
4.2340503
6.1990423
5.423008
4.929308
3.791934
4.527508
4.502304
4.3888206
3.5886738
3.8899887
4.8398557
4.688238
2.333068
3.8887825
2.3959017
4.196351
4.3484306
5.420295
5.4790783
5.5479
5.3499174
5.3984137
5.410929
5.535124
5.6440406
5.56295
5.497368
5.6131463
5.4692307
5.402005
5.275774
5.4487004
5.359791
5.336611
5.399541
5.2221236
5.471206
5.484123
5.0748286
4.5980153
4.566085
4.7431507
4.7576904
4.737514
4.7487435
4.7753115
4.6381273
4.6152816
4.5798955
3.889377
5.2339253
5.2308106
5.2221127
5.1894345
5.293604
5.18069
5.2267303
5.2042375
5.214384
5.28819
5.2124248
5.228788
3.9998908
4.5589256
2.7821982
3.4177532
4.114257
4.387244
2.7040553
3.522359
3.185839
3.4031286
3.7596695
3.1288793
3.6538649
4.9819326
4.8418407
4.831266
4.827253
4.661427
4.8066063
4.824701
4.8298707
4.8844867
4.710104
4.6986585
4.9316397
4.9137373
5.0188627
5.0755496
4.9827795
5.053906
4.9766407
5.000089
4.920614
4.9170566
4.8893456
4.8282833
5.2321806
5.214882
5.1124277
5.2235603
5.2601976
5.09189
5.083796
4.9375324
4.9542227
4.611896
4.7567954
4.728672
4.611872
4.933947
4.8390565
4.7441463
3.6371295
4.129998
4.447875
4.333061
4.3604727
4.2550235
4.016773
4.300832
3.909939
5.7902994
5.8426857
6.263786
6.0260754
6.6394396
6.656303
6.9570518
6.7495427
6.7396054
6.486864
6.5310073
6.310668
6.510055
6.093959
5.923245
6.2429657
6.5798388
6.7391033
6.7660007
6.3678274
6.0340524
5.7873363
5.575386
5.712027
5.5890517
5.2444243
4.739711
4.597168
4.890162
4.394945
4.310216
4.3058906
4.2714586
3.2742753
3.7164598
4.302047
4.6587048
4.7321253
4.5226336
4.259217
3.7666724
3.78517
3.8980231
3.984771
4.596798
4.3106227
4.286657
4.4397326
4.1981144
4.456985
3.9064114
3.8238
3.9340296
4.265544
4.2853146
4.5575523
6.379683
6.134874
5.9545393
5.1605105
4.9208293
4.866259
4.416103
4.7592497
4.830299
5.0103493
4.956663
5.1544456
5.0953684
5.0255127
4.759494
4.799175
4.6439357
4.2716246
4.983204
3.7869396
4.970429
5.1132464
3.8426158
3.2609634
3.9887078
3.4790726
3.3698735
3.8758957
3.9110723
3.9998348
3.7984426
3.5478733
3.7626643
3.8171415
3.7083082
4.585094
4.738433
4.976588
4.9951277
5.347096
5.7149816
5.964849
5.771439
5.6467595
5.853977
5.4375677
5.756008
5.815024
5.922817
5.993597
5.828107
5.9088173
6.059575
5.8708067
5.7855744
5.7281475
5.7541738
5.725609
5.569884
5.459489
5.4602885
5.6535673
5.9130235
6.0509205
5.8839636
3.4452474
4.7179856
4.9053197
4.942412
5.1295924
5.125536
5.144519
5.089545
4.9979687
5.0002403
5.0675335
5.0582294
4.6484213
4.9226904
4.9837246
4.9030333
4.737849
5.535431
5.489379
5.498377
5.5232444
5.5746913
5.648082
5.425886
5.4330196
5.499447
5.64458
5.500604
5.3808413
5.367295
5.2976213
5.3831034
5.3587174
5.4713435
5.4669065
5.3138533
5.320481
5.527368
5.5092607
5.3395343
5.3477736
5.262623
5.4231153
5.383667
5.2859454
5.4241295
5.409885
5.545203
5.3057556
5.533777
5.4296517
5.43824
5.4052563
5.3813467
5.1806574
5.2572865
5.4731045
5.3889112
5.411639
5.3210926
5.5509567
5.2488117
5.398682
5.2248526
5.166444
5.0394173
5.1955247
5.430691
5.3623776
5.449978
5.4763093
5.5668025
5.4561505
5.3918285
5.4433794
5.446786
5.4562583
5.616333
5.700877
5.4040823
5.4938917
5.7311993
5.394492
5.5309987
5.3626757
4.293614
4.4125977
4.3276734
4.3476825
4.3114924
4.641647
4.525466
4.6479497
4.7496166
4.6806393
4.7418623
4.6969757
4.7634964
4.8912196
4.904393
4.916172
4.7843175
4.650747
4.6662397
4.527751
4.1917524
3.8498316
3.9207392
3.831803
4.260898
4.528289
3.4737525
3.4560122
4.3659253
4.81273
4.7251425
4.8315763
5.0361533
5.027274
5.02031
4.9654202
5.0537853
4.9893503
5.2042456
5.1339297
5.1692557
4.973718
4.851822
4.7873397
4.745292
4.728961
4.6862726
4.770387
4.6674485
4.6542134
4.6458397
4.7390103
5.4276104
5.4824905
5.5549355
5.5027823
5.5208726
5.52241
5.4166927
5.3211837
5.231422
5.7206364
5.3574247
5.71324
5.336818
5.542941
5.3851495
5.011837
5.2603903
5.302911
5.2991652
5.1968517
5.3689146
5.1600294
5.3853407
5.213886
5.399893
5.0814753
5.3369246
5.411662
5.4866457
5.37527
4.9690886
5.184759
5.157579
5.291869
5.184513
5.0741777
5.230439
5.133177
5.047319
4.9842005
5.08342
5.059442
4.9798493
4.969405
5.08742
5.1858735
5.0762186
5.0862722
5.0971885
5.2023883
5.1125855
5.009623
4.905777
5.1042943
4.79695
4.7165403
4.995709
4.646799
4.7382226
4.6658278
4.89463
4.9824996
4.8499956
4.8172746
4.828689
4.7435627
4.7775755
4.738322
4.7228384
4.5976553
4.595917
4.5535703
4.678976
4.613309
4.551137
4.710107
4.528618
4.5965652
4.67802
4.598067
4.56856
4.5610666
4.5977545
4.551838
4.520684
4.5571904
4.90416
4.9532
4.9872813
4.860343
4.853279
4.8380256
4.9364753
4.8278856
4.836882
4.614504
4.5651293
4.5703683
4.5962553
4.569853
4.7480197
4.7117944
4.750147
4.7957582
4.594932
4.576939
4.5181675
4.6552052
4.555329
4.6669116
4.7344475
4.771523
4.791104
4.5756025
4.696847
4.551507
4.7758975
4.7164893
4.5824413
4.5869956
4.7049637
4.502448
4.5789204
4.5434227
3.9427192
4.35898
4.1538005
3.6084037
4.4750133
3.9627118
4.5644093
4.5975447
4.7118964
5.1062055
5.191214
5.0816417
5.33065
5.2053246
5.052813
5.1277685
5.281885
5.3349466
5.0352416
5.162842
5.564443
5.514291
5.3104343
5.406293
5.5559444
4.6613007
4.1585774
4.0085444
3.0617702
2.9154751
4.3101063
3.1988082
4.0104666
3.9101057
3.317204
2.6926801
3.5481753
2.6539936
2.6411805
2.9435
2.9816678
6.0516486
6.2553086
6.157009
6.0344005
6.120478
5.920076
5.6898775
5.7744255
5.556722
5.4716234
5.321164
2.3522153
5.0693893
3.4505527
2.0177329
3.1268303
1.2452928
4.725507
5.07962
1.8058376
1.1140504
2.4082494
2.8889349
3.744247
1.1105694
0.9984692
4.8452077
5.6723795
4.8340936
5.7976418
1.8466327
3.5753732
1.577926
3.7989554
3.5678053
2.3339493
3.323154
3.1905699
3.9563208
4.0569434
3.7475715
5.025234
3.3268669
4.381605
4.671351
4.609871
4.104393
3.5817256
4.867387
4.035811
4.6220436
3.8161554
4.213134
3.5272093
2.2654967
4.9165797
5.022707
5.379996
3.065988
3.6116548
3.0137053
3.8330345
4.671561
2.6657271
1.8109655
4.197191
2.5350816
2.733039
3.2087662
2.692443
3.442881
3.3365164
3.429307
2.2015786
2.828731
2.0453844
2.4616327
4.404129
4.0546894
2.3802726
2.5060556
4.0430107
3.5423093
2.0725288
3.5889614
2.996879
2.7563407
2.7976747
4.406503
4.208379
3.0731335
2.4070058
3.0138428
3.304319
3.0934992
2.2180822
2.5410755
2.986946
4.6164656
3.7264898
4.013047
2.5120106
3.6729672
3.6224442
3.4086742
4.321066
4.82967
3.5831387
3.1130362
3.6892152
3.5409782
3.4949002
3.3882139
3.5899851
4.4130993
3.7304168
3.160572
2.7996414
3.1669126
2.910972
3.7695196
3.2867312
3.001378
4.739858
4.3228555
3.6967506
3.1271777
3.4246454
3.277754
3.4120224
3.8731084
3.5628555
3.7941937
4.341618
3.6920767
3.5931067
6.3180895
4.8094935
4.56118
4.8231525
5.0871162
4.543604
3.9793353
5.1713214
4.60837
4.4027824
2.5098608
4.364132
4.728089
4.73957
4.690488
4.909816
3.9996927
4.4289618
4.104004
4.815146
4.7078695
5.0068226
4.986745
5.191793
4.809768
5.0808487
4.9377737
3.6387844
5.504495
4.357134
4.660302
4.350117
4.597259
4.5147886
4.306349
3.7441728
4.2704067
4.5358577
5.0251985
3.437101
2.6488085
3.173031
4.116413
4.1737547
4.739929
5.0977488
5.0726733
3.6019757
3.9039712
5.2581906
5.823815
5.991409
6.169787
6.5462093
6.6248918
6.7168055
6.4020953
6.631385
5.2036033
3.3321958
4.933875
5.24543
5.1378875
5.2697234
3.1836958
4.569784
4.147345
4.914779
4.9816613
6.126565
4.741821
6.3906603
6.48347
6.6552773
6.4628377
6.6840544
6.7918897
6.998478
6.976694
7.204961
7.147278
7.131276
6.9837284
6.9158416
7.0175757
7.2222586
7.229883
7.201913
7.4071975
7.125559
7.0653815
6.0401316
3.608668
4.8288517
6.5061235
6.198935
5.0302525
6.310351
3.8565257
4.889355
4.791882
3.7332563
3.8567781
4.17327
4.4966364
3.3098423
4.09974
3.7373657
4.499782
4.8773546
4.3251705
5.1237764
4.940054
4.6342335
4.6648984
4.9681306
6.926076
6.6818647
3.436554
4.933497
3.4846637
4.648243
6.8841443
5.748359
3.7710483
3.8296478
4.9568963
4.6993833
4.2927947
3.880937
5.8140626
3.9340796
4.0214586
3.3648286
4.80538
5.05197
4.752154
4.223821
5.739259
4.483174
5.210182
3.5755553
4.932453
5.3189325
4.6212373
4.6961374
4.693423
7.2813783
7.158397
6.839336
7.0656533
7.054694
7.344087
7.3554215
7.387226
6.776392
6.527136
5.1627026
3.6593313
4.1516805
5.0366597
4.338724
4.3322816
4.935303
5.018068
4.5823326
4.5745063
5.0542645
5.230011
5.0961733
4.767248
5.006897
4.6992536
4.5260363
4.1935377
4.539628
4.624193
4.7946754
4.502683
4.667783
4.8129807
4.76081
4.656731
4.7476535
4.0581985
4.09457
6.349017
6.1467786
6.3564563
5.886881
5.643423
5.684978
4.8730907
4.806597
4.6623564
4.5681868
4.7413645
4.7448163
4.523736
4.270997
4.5800276
4.8070364
4.724192
4.9818215
4.890943
5.177307
4.991492
5.07346
6.2226577
4.21431
4.963276
4.9171352
4.963181
4.7226996
4.619359
4.714796
4.762605
4.9027247
5.04583
4.6636415
5.1603
5.2919483
4.332229
4.7953315
3.8349707
5.439781
5.385702
5.4607124
5.4802537
5.5628295
5.5638423
5.6083283
5.723386
5.3835025
4.7012777
4.6884193
4.6526
4.8884134
4.7697935
4.821578
4.3160496
5.1854453
4.8094645
4.8395076
4.8938503
4.731356
4.0579185
4.733255
4.6347704
3.5156343
3.1903627
2.6811962
5.319046
4.1370997
3.3035357
3.304137
3.0385218
3.8600132
3.8271344
4.195879
2.3869379
4.875244
2.2481363
3.8351395
4.365604
5.3770056
4.65185
5.18396
4.9379764
4.7082405
4.9873877
5.1424575
5.5800276
5.176222
3.8744402
3.8222163
3.4854693
3.224175
3.4250805
1.1641163
2.9477215
5.588436
5.384381
5.540147
4.863841
4.8376813
4.77788
4.6735296
4.615043
4.6570773
4.902147
4.971778
4.1761827
4.6208653
3.447721
3.8675172
5.2060924
3.8274372
3.568326
3.7472324
4.105654
3.5843465
4.1948123
3.7917135
3.2860856
2.695548
5.190929
1.7182295
1.9736813
3.7215016
3.695445
3.0186896
3.809715
2.3380265
3.236517
3.5595214
2.613116
3.2952986
2.9584184
3.806571
2.7039082
2.9292517
3.3353736
4.0836573
4.240276
2.4889643
3.1346855
2.694528
2.7615757
2.2004828
2.7571323
2.831119
3.387673
3.3478
3.2979827
6.3378716
2.6959653
3.651546
2.8868911
3.2896192
4.3605022
3.1897135
3.7563872
3.765482
3.260311
5.591767
5.8804436
6.1290283
5.953257
5.882927
5.743565
5.8187995
5.20255
4.719503
4.683514
3.2631445
3.2555325
2.8399994
6.037264
3.6839921
3.5564656
3.567901
3.5758028
3.6004536
3.1558933
2.9213219
4.8683357
3.7739255
3.031236
4.042765
3.3609166
3.5582767
3.7762883
3.938831
3.2861536
3.8385563
3.1807926
3.7345054
3.5169795
1.9208206
2.8906493
5.3159294
2.9546852
3.1180677
4.1966753
3.4522495
3.5019066
3.601666
4.037131
4.03585
4.094034
2.7466576
4.1859794
4.945507
4.798669
5.022334
5.0891833
5.006085
5.003562
5.2166624
5.3848424
5.1804905
5.263914
5.282647
5.2129087
5.067521
5.1941347
5.147955
4.905512
5.13358
5.186582
5.1334047
5.1951017
5.173849
5.3422847
5.3218756
5.439315
5.4255195
5.3409333
5.276843
5.182507
5.301441
5.002006
4.8880033
4.9639263
4.9297504
4.865952
4.922697
4.947718
4.9700737
5.223384
4.9959545
4.8094797
4.648068
4.582636
3.9927113
3.3152761
3.2386243
4.4285398
3.8877866
3.9226882
5.047985
5.1587887
5.086137
4.8330846
4.6872854
4.338131
3.0099719
3.773427
4.8086057
4.880667
4.8323126
4.728156
4.6347594
4.521484
3.4065878
3.2233477
4.6290674
4.71934
4.237511
3.917384
4.1498466
