10000
3.5052912
3.4843214
4.4502153
8.823164
8.792899
8.762764
8.620195
8.563767
8.480483
8.240599
8.051714
7.8981967
7.900304
7.940799
7.8351707
7.977135
7.9297
7.6529937
7.232832
7.0308914
7.1784854
7.1560616
7.2407503
7.6163526
7.705843
8.058827
8.169443
8.330762
8.183048
8.180929
8.275825
8.119679
8.081476
7.8294168
7.9458666
8.243692
8.281985
8.063126
8.148238
8.103991
8.138811
8.104423
7.995796
7.9716644
7.44285
7.713048
7.626673
7.937784
8.374252
8.347677
8.230075
8.076133
8.02767
8.282632
8.526911
8.499555
8.549275
8.367822
8.357518
8.211004
8.122593
8.279109
8.044596
8.022673
7.7172756
7.891592
7.6924906
7.7303514
7.7081127
8.114438
8.270541
8.2629175
8.189348
8.191328
7.9991846
8.215851
8.571633
8.563201
8.469173
8.251093
8.31801
8.354811
8.230944
8.307245
8.026094
8.098158
8.125801
7.685296
7.739177
7.5474463
7.6876144
8.046677
8.347415
8.312387
8.443725
8.156458
7.7665687
8.358401
8.158453
7.737756
7.7662067
7.667755
7.6829185
7.097891
6.605916
6.1657295
6.3327527
5.9560347
5.398573
5.6465874
6.0810385
5.7124476
5.4962063
5.0343494
4.7007565
3.074785
4.9977407
5.004889
5.059371
4.9374
4.9253883
5.0557413
5.123316
4.8943834
4.94411
4.8442597
4.7638607
5.0441155
5.0098376
5.021625
4.916001
5.008803
4.9246855
4.960156
4.9379888
4.834996
4.8855033
5.134159
4.9205365
4.9897385
4.9798894
4.9439554
5.0259743
4.959479
4.9055047
5.007236
4.967283
5.1189895
5.0443764
4.7974734
5.0227404
5.0322776
4.9333754
4.9275265
4.947035
4.986726
5.038023
4.919756
4.96301
5.012854
5.037308
4.9761276
4.7880254
4.979556
4.9497204
4.9162035
4.9410357
4.895233
4.966874
4.9287214
4.827292
4.8570757
4.8790793
4.8562
4.9127216
4.8542943
4.9416137
4.8320737
4.8220215
5.00243
4.863593
5.07284
5.0400476
4.949867
5.111415
5.0032277
4.9511924
5.245162
4.9215345
5.148742
4.894064
4.985011
5.125107
4.976399
4.9764585
5.164956
5.233606
5.0856967
5.099776
5.248514
5.454402
5.4114823
5.2726755
5.0337815
5.114342
5.1800747
5.0528774
5.0277567
5.1665015
5.1064863
5.1047664
5.037699
5.071903
4.9411526
5.0680213
5.3615227
5.060387
5.0156426
5.03938
4.8965917
4.8599772
4.967071
4.9915643
4.9445853
4.793414
4.8929906
4.9363813
4.8233733
4.7072854
4.730609
4.8980265
4.834241
4.870002
4.820553
4.935974
4.7553716
4.8511763
4.818067
4.7473116
4.810634
4.8158875
4.777895
4.6172404
4.6496005
4.638225
4.60334
4.546075
4.6077633
4.6052456
7.7598314
7.701886
7.692153
7.664053
7.3007436
7.3256006
7.42097
7.5632377
7.753258
7.6265
7.509315
7.752757
7.829205
7.709715
7.5277724
7.4215508
7.261226
7.3007736
7.402057
7.3530774
7.5754185
7.752372
7.7277374
7.7631207
7.7310085
7.744864
7.566469
7.1943383
7.2465954
7.263342
7.747139
7.9232845
7.884469
7.902386
7.872697
7.871404
8.020023
7.9995427
7.896471
7.7676105
7.5258837
7.671946
7.7079086
7.468946
7.649968
7.7227426
7.670864
7.7685575
7.7995896
7.805661
7.6858296
7.41937
7.3511314
7.5141087
7.6749115
7.760484
7.710714
7.8873625
8.056049
8.070864
7.9598126
7.852035
7.5309916
7.5734715
7.565259
7.8399153
7.8909492
7.7542505
7.8610544
7.6521397
7.7379103
7.71084
7.761861
7.6467414
7.4887295
7.6237
7.547254
7.7798505
7.792659
7.9023237
7.733332
7.77016
7.759081
7.897334
7.857007
7.3914056
7.223185
7.1647663
7.0789995
7.4480815
7.2929826
7.438381
7.380948
7.362935
7.4055743
7.387632
7.4796996
7.542249
7.5603466
7.35766
7.593227
7.529757
7.483655
7.733591
7.411012
7.424892
7.4222264
7.4197845
7.4442167
7.1793714
7.305223
7.3328824
7.611941
7.410951
7.693888
7.502658
7.505138
7.4163837
7.3685794
7.638905
7.457987
7.358674
7.174963
7.4836617
7.52414
7.4722466
7.529176
7.611828
7.5688286
7.6326933
7.6721745
7.6208224
7.5319366
7.426245
7.4417233
7.805767
7.7409306
7.679696
7.536814
7.551331
7.5148153
7.6255484
7.6698523
7.5253487
7.41825
7.393777
7.4516087
7.7338
7.8121853
7.6125565
7.5541863
7.6057186
7.649516
7.747824
7.807001
7.538479
7.095385
7.163702
7.5547953
7.4048605
7.4531436
7.384242
7.337327
7.4012523
7.4395165
7.6395683
7.403221
7.3991213
7.376417
7.4845967
7.7267213
7.7560825
7.7877445
7.5548506
7.742114
7.765137
7.6692243
7.5161066
7.4731784
7.3291306
7.434725
7.5788155
7.428781
7.450031
7.5718822
7.564605
7.545089
7.621529
7.636595
7.4879136
7.4349213
7.3553376
7.6001177
7.9033275
7.7470407
7.6993165
7.6023455
7.8098593
7.8418164
7.8388915
7.4858932
7.3041077
7.2624016
7.3375907
7.596377
7.622241
7.483091
7.468568
7.4877567
7.53208
7.4564023
7.5851316
7.3360925
7.3509636
7.486245
7.3820953
7.613419
7.7662773
7.7207966
7.5566144
7.726925
7.4650717
7.6190805
7.408661
7.415644
7.2973223
7.259996
7.492299
7.7718687
7.7353954
7.7157383
7.6773596
7.594102
7.642919
7.413396
7.5000544
7.339093
7.4249516
7.3252697
7.178533
7.524085
7.606413
7.4043713
7.384722
7.4253454
7.2843943
7.4603553
7.183338
7.142129
7.2070827
6.9734197
7.358321
7.473816
7.5482054
7.4226565
7.453522
7.3718095
7.51698
7.4253154
7.492321
7.5507383
7.544955
7.416862
7.708643
7.833704
7.646738
7.567883
7.5579753
7.784882
7.7657285
7.8496175
7.7043257
7.7053113
7.4023514
7.0238237
7.284284
7.592434
7.379619
7.35686
7.4186344
7.3960204
7.2394814
7.2042966
7.1835876
7.052593
7.0378075
6.980936
7.1358504
7.1198425
7.214905
7.2202163
6.9539075
7.1365976
7.1351523
7.2524548
7.1851397
7.2887816
7.266754
7.0278215
7.3677855
7.3706994
7.44075
7.4878244
7.3955245
7.2752867
7.555397
7.42777
7.3684077
7.1728854
7.076828
7.133204
7.150593
7.1946316
7.098949
7.1969337
7.3313875
7.395003
7.297329
7.1679306
7.045265
6.953951
6.622742
7.138442
7.245887
7.204931
7.3060575
7.420921
7.5219007
7.606521
7.581994
7.508162
7.417712
7.260152
7.301099
7.50075
7.7435765
7.694395
7.850196
7.5169497
7.3480587
7.1403785
7.2033114
7.0312414
6.693139
6.62452
7.0440297
7.149868
7.268685
7.4324007
7.389593
7.3717237
7.2785025
7.38035
7.484922
7.3103557
7.4956403
7.25778
7.395179
7.5186296
7.5344296
7.7247334
7.5488853
7.517438
7.423509
7.666248
7.6464515
7.687578
7.4511075
7.293686
7.282889
7.6649957
7.553488
7.548683
7.320693
7.361005
7.368308
7.3378696
7.655591
7.2690306
7.0878825
6.8385243
7.08214
7.4659424
7.6484084
7.7988133
7.702094
7.5625377
7.583334
7.5638494
7.7337246
7.4160237
7.2667217
6.9763136
7.4269047
7.682076
7.4491854
7.3883433
7.421744
7.336702
7.5278354
7.639662
7.5371447
7.345217
7.3614473
7.4598346
7.7318277
7.9647427
7.8883057
7.8615713
7.6545725
7.730561
7.6726446
7.686279
7.6503034
7.614467
7.5216584
7.404292
7.776156
7.607912
7.729209
7.4771504
7.550962
7.5194464
7.5459642
7.62167
7.704822
7.4286647
7.36827
7.5500507
7.8758693
8.162547
8.217465
8.083273
8.053967
8.028517
8.01245
7.9549665
7.7462983
7.502654
7.452234
7.6180058
7.839877
7.698838
7.534766
7.411483
7.6158614
7.63235
7.8028417
8.028542
7.6066637
7.4893923
7.3230557
7.811227
8.095692
8.202882
8.210808
8.008173
7.945707
8.073617
8.00573
7.6031327
7.537924
7.4781113
7.798495
7.941821
7.8225026
7.688214
7.6658964
7.7249594
7.7864017
7.969638
7.8668776
7.7023153
7.6094084
7.8028035
8.107606
8.267907
8.331895
8.286115
8.322902
8.392834
8.393772
8.155837
8.006864
7.8218575
7.675554
7.758035
7.819315
7.668865
7.4944377
7.504154
7.687843
7.7606907
7.8656173
7.8388367
7.5426455
7.5289445
7.856234
8.116
8.073269
8.025866
8.132747
8.038422
8.192235
8.235564
8.157816
7.926423
7.6043825
7.6108785
7.9274135
7.6895204
7.765721
7.85345
7.835943
7.802519
7.8806767
7.9274945
7.935435
7.995394
7.9721446
7.69633
7.949054
8.228147
8.288698
8.092509
8.066013
8.071551
8.084223
8.249805
8.331408
7.9081254
7.8557086
7.7151003
7.6525493
7.5924172
7.5768433
7.4952335
7.6735287
7.753802
7.691774
7.7999306
7.678821
7.4836073
7.424832
7.5786533
7.9050903
7.9683986
7.8312626
7.7798524
7.7150936
8.095154
8.291652
8.102987
7.7526717
7.8786554
8.043201
8.245961
8.06381
7.952244
7.8569446
7.9059153
7.8680677
7.9209437
7.793225
7.971042
8.020464
7.9849534
7.8861485
7.949334
8.246412
8.177709
8.072965
7.968952
8.015642
8.056944
8.085689
8.099109
7.9493504
7.9566503
7.8239694
7.8264465
7.915082
7.9067054
7.858778
7.84733
7.884389
7.9657254
8.040339
8.102146
8.099518
8.020254
7.9270625
7.8832874
8.145564
8.090431
8.228855
8.026571
8.168136
8.085151
8.127147
7.9455137
7.9318504
8.017261
8.417795
8.062597
8.139561
8.13053
8.02075
7.9480934
8.053124
8.248037
8.240508
8.091293
7.9744525
7.886665
7.840001
7.8902693
7.816737
7.750559
7.8139772
7.933108
8.019515
8.018215
8.045684
8.032689
8.319209
8.093626
8.073023
7.742919
7.570575
7.597567
7.5116477
7.5941267
7.688014
7.9091787
8.064682
8.006054
7.911312
7.6630774
7.8303237
7.979774
8.159921
7.975724
7.798868
7.666225
7.6423573
7.7360992
7.811974
7.7143044
7.427056
7.7380056
7.6997814
7.566144
7.4954166
7.4274035
7.47494
7.32638
7.5260715
7.5080466
7.689846
7.6267457
7.3722854
7.246314
6.992362
7.1913404
6.712142
6.875964
7.032924
7.0518913
7.1743207
7.247785
7.3023243
7.283711
7.5893526
7.4609165
7.715845
7.559685
7.674161
7.727903
7.688668
7.5534854
7.3767276
7.1594357
7.0315948
7.4476185
7.1080856
7.0611434
7.1777806
7.175002
7.3499002
7.2673583
7.3465557
7.017548
7.047846
7.3083463
7.231271
7.109018
7.327621
7.451099
7.5203433
7.546229
7.276314
7.1678805
7.4633036
7.53378
7.762721
7.8815665
7.7744713
7.797056
7.6618204
7.515499
7.723723
7.4741926
7.721059
7.8656816
7.267389
7.3177514
7.0414906
6.9562893
7.049068
7.327969
7.3005233
6.9714503
6.873784
7.0578365
7.1251135
7.2324705
7.187747
7.2390103
7.2998834
7.3384857
7.1108837
7.0968246
6.998625
7.06537
7.274379
7.1266656
7.3789873
7.424919
7.3059807
7.5494967
7.4889007
7.604657
7.422518
7.047617
6.665126
7.142974
7.5181265
7.308615
7.3887835
7.3315573
7.2587495
7.1536727
7.2531867
7.235165
7.35141
7.3791127
6.8652787
7.321086
7.268709
7.3558683
7.4400125
7.395227
7.2492123
7.0587516
6.672464
6.8680806
7.2137537
7.385997
7.4033375
7.6579547
7.5274076
7.601741
7.697747
7.522452
7.4563446
7.4163594
7.299214
7.2091947
6.9663615
7.2552853
7.214142
7.5046515
7.346652
7.432549
7.304023
7.0363092
7.0352993
6.840795
6.566486
6.8208933
7.283687
7.414674
7.4623966
7.319639
7.1821713
7.101762
6.9576755
6.948182
6.9752555
6.8334794
6.7658896
6.779599
7.0184546
7.173872
7.041828
7.184174
6.923616
7.072263
6.8997717
6.7269697
6.981675
6.6516256
6.8880014
6.9348783
7.0277734
6.982046
6.6859975
6.7583203
6.6444197
6.7381616
6.7725253
7.0111704
7.2318177
7.32718
7.322088
6.8725295
7.221241
7.063658
7.0363145
6.942065
7.006814
7.2032223
7.4242883
7.630947
7.3585343
6.817429
6.439069
6.501356
6.6825924
6.7890983
7.144631
7.340782
7.5192184
7.4849195
7.629569
7.9236484
7.942756
7.948304
7.836631
7.7491665
7.1409216
7.102159
7.1924734
6.9975758
7.0576997
7.1739993
7.2782187
7.466405
7.870981
7.754427
7.3776417
7.451722
7.6332073
7.416089
7.2322693
7.0483637
7.080982
7.161745
7.195613
7.4526324
7.6974316
7.5526237
7.515772
7.2509956
6.749495
6.8323827
6.6347294
6.662894
6.6145873
6.852918
6.853381
6.9298544
7.1499395
7.3522744
7.3911586
7.2388005
7.1847067
7.295848
7.0975084
7.1857533
7.1428986
7.009733
7.373152
7.576883
7.5413475
7.358588
7.204426
6.950678
6.7583656
6.6317296
6.412217
6.3336053
6.453587
6.490572
6.694173
6.7467813
6.9862595
6.8537135
6.997683
7.0027165
7.322519
7.0494733
6.965174
6.7572613
6.989433
7.063957
7.3055243
7.249589
7.0264125
6.6338835
6.6168876
6.663747
6.8117642
6.2401137
5.736524
5.8386707
5.8593473
6.068341
6.2761116
6.7215385
6.5391216
6.3758283
6.624234
7.0488877
6.864768
6.721126
6.7599235
6.5892935
6.698718
6.7974234
7.1240163
6.9124837
6.7951612
6.867964
6.582401
6.2271433
6.3083425
6.2038765
5.9698005
5.6411247
5.583615
5.8793592
6.1432757
6.364577
7.0502734
6.722777
6.748901
7.0377464
7.010123
6.755163
6.392016
6.442581
6.773396
7.138978
7.141791
6.8422008
6.9031615
6.6552086
6.398809
6.449518
6.5668554
6.319711
5.9774227
5.6384025
6.1944413
6.207514
6.563245
6.698952
6.551639
6.4598594
6.4882674
7.208824
7.0755095
7.1421223
6.5931916
6.947148
7.222664
7.3442574
7.3552666
7.087855
6.636381
6.158414
6.1882086
6.5125823
6.469334
6.0658717
6.197978
6.2823
6.5142236
6.4985023
6.4272895
6.203704
6.2412496
6.2110043
6.9999523
7.107636
6.9851384
7.124627
6.906487
7.0718784
7.132366
7.207903
7.0710473
6.9795847
6.0852294
6.174695
6.2980347
6.3601646
6.05354
6.015381
6.2987156
6.52757
6.823866
6.7532973
6.29463
6.333789
6.256113
6.807747
6.890391
6.6308327
6.6947317
6.7408648
6.779715
6.9293966
7.094483
6.721964
6.251675
5.9670253
5.6417093
5.639064
5.972523
5.7608294
5.477347
5.4465837
5.6502476
5.90416
5.8295345
6.1457863
6.166315
5.933525
5.887976
6.0411167
6.235703
6.312803
6.502732
6.3652716
6.3590293
6.8376727
6.8962784
7.147937
7.0154543
6.600863
6.143366
5.6779222
5.530271
5.924984
6.0131636
6.040213
6.0818815
6.3799963
6.41036
6.6448307
6.5287156
6.2619495
6.0694537
6.3293586
6.4063487
6.5140147
7.0746517
6.9483175
6.9507895
7.1414695
7.37049
7.43742
7.2224545
6.5348225
5.9794683
5.371561
5.257915
5.7522078
5.801858
5.822597
5.828247
6.081584
6.3229275
6.5685906
6.427827
6.0545325
6.0068617
6.690755
6.8869104
6.9708524
7.3541827
7.1280813
7.0040393
6.997954
7.042858
7.289221
7.0059414
6.179717
5.808647
5.587151
5.758337
6.082636
6.0758533
6.1012416
6.4672794
6.4870505
6.1867094
5.8175116
5.7121987
5.9314785
5.9422336
6.3957872
7.0085263
7.1491637
7.297761
7.3652096
7.1804414
6.8746805
6.6894417
6.2602015
5.858145
5.6462593
5.938544
5.62782
5.832613
5.855895
6.2033668
6.2478237
6.4933543
6.1682353
6.0095825
6.117089
6.3670645
6.1309824
6.4977703
6.5183897
6.6923733
6.525385
6.561023
6.821616
6.678217
6.4848924
5.975433
6.1100416
5.976273
6.3849955
6.5438175
6.5415154
6.369074
6.7189054
6.984696
6.9768233
6.843224
6.7826962
6.771037
6.8152723
6.8968983
7.208568
7.096197
6.9311724
7.1388397
7.2432566
7.3198996
6.922124
6.916548
7.047019
6.950616
7.0964346
6.8871965
6.838606
6.5836096
6.804163
7.172498
7.596095
7.6978416
7.297503
6.932154
6.886921
7.0725365
7.0280056
6.9710135
7.08076
7.0117393
7.177392
6.947791
7.0942597
6.9630594
6.452173
6.230718
6.0564923
6.1805043
6.251971
6.455276
6.565688
6.7086935
6.60625
6.7000284
6.783733
6.5597224
6.239403
6.145628
6.10482
6.0644035
6.29615
6.116905
5.7826276
5.852339
6.1820393
6.487265
6.3021064
6.4170747
6.2293043
6.031205
6.5436473
6.5250063
6.654509
6.5664907
6.3979974
6.4731975
6.6016893
6.4271936
6.3613257
6.2899895
6.5695043
6.433251
6.8020425
6.847799
6.3343296
5.9400935
6.2725177
6.3259983
6.448357
6.502728
6.581235
6.514223
6.5674024
6.5025773
6.608389
6.49265
6.325823
6.0776587
6.3939323
6.3856716
6.6860304
6.861835
6.5175066
6.272483
6.4577913
6.631606
6.5728364
6.6094446
6.3148427
6.3438144
6.6256843
6.793242
7.1408515
7.1765175
6.936091
6.7650714
6.572937
6.8615026
6.620701
6.7788553
6.562225
6.6612077
6.9174604
7.0671425
7.1995535
7.1060424
6.797893
6.8460503
7.261469
7.2157936
7.0619583
6.6620774
6.8690386
6.745687
6.9044065
7.2141323
7.40652
7.368651
7.0800443
7.34906
7.1230507
6.6014442
6.722231
6.8640146
7.0153513
6.882742
7.0147853
7.117193
7.292227
6.7244053
6.992657
7.1744013
7.2666917
7.3435206
7.4352894
6.9494553
6.746138
6.95175
7.16012
7.5694923
7.3620453
7.343297
7.01716
7.0413604
6.9625053
6.678629
7.008684
6.9354115
6.9575243
6.957528
7.025603
6.809029
6.6996346
7.165832
7.109639
7.1561284
7.3552704
7.4943247
6.7671394
6.7128153
6.6176662
6.781016
6.828046
6.7919054
6.9170356
6.9548965
6.813662
6.8878846
6.98375
7.1708884
6.9855165
6.6811013
6.8649
6.9284177
6.241799
6.6641717
7.220311
6.930068
7.093776
7.353184
7.1050324
6.8295817
6.461874
6.454992
6.9350266
7.1914954
7.1809673
6.7731075
6.8891287
6.81917
6.448374
6.843819
6.7972007
6.7514257
6.605252
6.5964694
6.0930567
6.2004576
6.904821
7.2577014
7.2333183
7.344552
7.335191
7.021209
6.6537986
6.4779334
6.306554
6.7426515
7.151946
7.063875
7.027256
7.113286
6.7720222
6.81249
7.1543846
6.931807
7.0923643
6.8683095
6.6128373
6.3622475
6.9820952
7.5468817
7.2595396
7.5428166
7.4346123
7.0420027
6.789259
6.7290916
6.5996375
6.5800195
6.9133186
6.8230677
6.9755015
7.150685
6.956586
6.6021523
6.582365
7.0467806
7.233911
6.785492
6.631563
6.5536814
6.8924274
7.1233277
7.1559844
7.2550654
7.3301086
7.222923
6.875734
6.647542
6.5113106
6.46028
6.4507937
6.63334
6.6498814
6.7539554
6.9090967
6.901733
6.5363255
6.7280655
6.808198
6.7678623
6.5973268
6.1858964
6.0549107
6.43448
6.696382
6.9696045
7.0434594
7.0213737
6.868465
6.652692
6.629659
6.456027
6.370689
6.5188003
6.744874
6.9402175
6.6591706
6.637202
6.202029
6.226921
6.7120876
6.6058507
6.82898
6.391088
6.147965
6.1117153
6.494731
6.9851084
7.068085
7.193994
7.1066513
6.9740577
6.8173666
6.769408
6.623896
6.7090077
6.760328
7.00307
6.9274387
7.0894012
6.8017373
7.163983
6.582306
6.603799
6.8137927
6.78926
6.659936
6.4917364
6.681342
6.570028
6.971487
7.1380706
7.227366
7.2964077
7.23635
7.051874
7.0400267
6.9879756
6.825182
6.793096
6.81596
7.0576024
7.1777287
6.896839
6.982287
6.6146426
6.6016498
6.7267356
6.517045
6.536009
6.1802
6.4556
7.015603
7.2802196
7.432743
7.3002214
7.0771494
7.110856
6.8558164
6.8781495
6.9524403
6.859002
6.86251
6.8740444
7.2531304
7.2419777
7.1348186
7.3031206
6.9711475
6.797405
6.688663
6.5131335
6.4844213
6.468266
6.5393696
6.989568
7.1172056
7.3569026
7.317122
7.0836573
7.0518513
6.8633924
6.925329
6.6840587
6.485627
6.726591
6.904292
7.1120405
7.228196
7.206949
7.285843
7.0489597
6.6723247
6.265989
6.4693174
6.3693895
6.6289062
6.8124437
7.043656
7.0829864
7.4065967
7.392897
7.0834723
7.091949
7.040758
6.879257
6.969886
6.9330173
6.865924
6.9446697
7.082197
7.2111487
6.8616185
7.1072063
6.9635634
6.880919
6.642414
6.444166
6.610281
6.366377
6.3847847
6.709171
6.9846234
7.137515
7.2539806
7.0362163
7.161159
7.1037474
6.9055924
6.898128
6.983983
6.8151274
6.852893
6.9395227
6.93101
7.0941224
6.6272216
6.8625407
6.7218237
6.3561754
6.3425994
6.2126026
6.1126575
5.9679384
6.1188436
6.481145
6.589135
7.0690866
6.98699
6.9176664
6.9954133
6.910423
6.7924576
6.763688
6.661942
6.910255
6.787078
6.8362303
6.7784324
6.6241617
6.280799
6.4925904
6.3757496
6.253526
6.250241
6.284128
6.0621085
5.8807783
5.9640203
6.3442945
6.382923
6.7134933
6.615157
6.689164
6.8253903
6.749314
6.7466593
6.609615
6.6178403
6.633397
6.6325407
6.7182693
6.3030043
5.6092825
5.6249743
5.3628078
5.2610297
5.884991
5.9202433
6.1231604
6.146311
6.008664
5.9270725
5.785537
5.873684
6.2378273
6.3773637
7.0674677
7.154621
7.0404725
7.146312
7.2555346
7.1812706
6.8721933
6.8308253
6.7896814
6.84983
6.9893546
7.0709705
6.8766418
7.1481175
7.539979
7.436059
7.3984494
7.454144
7.3893948
7.29755
7.0460267
7.2932863
7.021656
7.2251334
7.365246
7.434034
7.1684747
7.2756968
7.157797
6.7735295
6.878401
6.6076303
6.843587
6.814536
6.6667843
6.52971
6.3477163
6.4411736
6.528254
6.4371943
6.755247
6.884825
7.1322746
7.0177727
7.2541566
7.4814663
6.9920664
6.8751755
6.6965227
6.532575
6.6151104
6.564837
6.3716106
6.3107767
6.287524
6.4330597
6.5968895
7.069571
7.1408415
7.2189755
6.8718486
6.6219344
5.932995
5.7272034
5.783266
5.6410537
5.384242
5.518433
5.4738398
5.557264
5.386792
5.482587
5.6721377
5.74372
5.7863235
5.723674
6.2365713
6.1300964
5.7701964
5.4541335
5.100998
4.9827695
5.261432
5.490431
5.5623045
5.68565
5.5886745
5.202614
4.841151
4.619694
5.0276427
5.262351
4.970338
4.603013
3.0916252
2.862354
3.6766486
2.6166587
3.4022627
2.7965653
2.85606
2.780866
2.992346
3.208273
3.0703864
3.0652137
3.4543552
4.021779
2.9450107
2.9702132
2.5848873
3.2110636
2.5921607
2.8876803
2.8115602
3.049497
3.198927
3.3441834
2.7398899
2.7065055
3.3484495
3.1512103
3.0374393
2.6630738
3.1748018
2.7798865
2.6753416
2.3510764
3.178277
2.9620473
2.6765745
3.0761986
3.1276627
4.227077
3.584686
2.6541932
3.160963
2.917194
3.2404876
3.079635
2.648754
2.2900794
3.6348166
3.7095926
4.0296407
3.6946623
3.0944972
3.398392
3.3342657
2.5774407
2.7114556
2.3398557
2.6959746
2.837033
3.3081179
3.219657
2.3626623
3.1093922
2.6434262
3.2617025
3.2712696
3.109033
2.506496
3.27943
2.3821905
2.4989994
3.0174308
3.6774666
2.4612224
3.7645717
3.2782226
4.242533
2.4390016
2.232007
2.9124055
2.5302339
2.9003887
3.2460237
2.5044699
2.7533896
2.3320374
2.7260656
2.5118413
2.4911885
3.515172
1.8335869
1.9500679
2.913717
2.3585944
2.745784
2.8893592
2.564744
5.43627
6.3162704
6.361192
6.382407
6.3875976
6.530233
6.9725943
6.5306253
5.364102
5.11629
4.9052486
5.0344944
5.0361257
5.3496447
6.036132
6.3945866
6.5120687
6.3868823
6.0458894
5.6903644
5.9400015
5.6287503
5.674402
5.600664
5.1693687
4.9996815
5.2440157
5.4103413
6.250346
6.529415
6.450308
6.023913
6.344183
6.4163914
6.4033937
6.0085826
5.771667
5.3934374
5.025009
5.445523
6.0120206
6.0908837
6.032193
5.79388
6.037239
5.8205104
5.578233
5.485056
5.0765085
5.393424
5.9557323
5.561327
5.276924
5.166736
5.260571
5.1995096
5.2415023
5.7874513
6.281194
6.298751
6.174557
5.726205
5.6317
6.461807
6.755782
6.471334
6.0498686
6.2024474
6.0859423
6.1191597
6.091714
6.1577597
6.2538905
6.567267
6.4889145
6.373106
6.1981764
6.0235677
6.076462
5.8911724
5.927863
5.647492
5.453358
5.769816
6.1968365
6.45457
6.545619
6.5231934
6.3710947
6.471524
6.65331
6.744521
6.435203
6.5504375
6.508282
6.478263
6.722525
6.8958807
6.9280868
6.9876633
6.840041
7.066351
7.092589
6.883254
6.8906107
6.8477235
6.7633047
6.581584
6.734914
6.7733245
6.65399
7.0965123
7.03352
7.060028
7.264559
7.152425
7.3393693
7.417918
7.4432273
7.0579863
7.1564465
7.118289
7.241936
7.458044
7.37288
7.1997337
7.1076574
7.02308
6.996813
7.0518374
7.0458207
7.168463
7.4618936
7.647624
7.469242
7.7129107
7.570062
7.748691
7.420711
7.219591
7.1983747
7.2685943
7.224895
7.2492275
7.0686274
7.1851773
7.35659
7.2660084
6.8610077
6.63614
6.429817
6.4484177
6.3300405
6.528091
6.760833
6.973731
7.1291146
7.0539665
7.183838
7.1170063
7.238717
7.1828103
7.033114
6.941021
6.7813015
6.7293005
6.8548374
7.0345173
7.1341186
7.0877295
7.1757593
7.1461844
6.833823
6.9197087
6.9721494
7.080483
6.7189565
6.6126375
6.9271364
7.302474
7.334418
7.616448
7.421984
7.5132427
7.56753
7.4757223
7.5491047
7.504896
7.376369
7.137379
7.1491203
6.9676485
7.2075496
7.5726
7.7559834
7.9247255
7.356071
7.4565105
7.7177057
7.715899
7.4345875
7.30831
7.6126933
7.859925
7.9359384
7.8522468
7.4505825
7.2566967
7.571289
7.353336
7.366517
7.0651803
7.042144
7.1727114
7.241872
7.016199
7.5529714
7.86464
8.003218
7.67033
7.244917
7.276797
7.490366
7.2214565
7.2288446
7.299822
7.457897
7.8786564
8.106877
7.901923
7.4445086
7.487855
7.5093813
7.8701057
7.600989
7.498394
7.2381167
7.2898216
6.835182
6.9221797
7.2810755
7.52872
7.6221933
7.2715816
7.338658
7.4091415
7.320366
7.1869683
6.7905726
6.937533
7.2208366
7.498181
7.6288624
7.3448095
7.1273494
6.8676453
7.331347
7.9535537
7.7434864
7.4203095
7.4464498
7.2100596
7.2770824
7.280342
7.7442603
7.8768826
7.4983096
7.393999
7.3535156
7.271986
6.951209
6.8125243
7.2256947
7.4500804
7.6986723
7.9513497
7.919922
7.80945
7.6147327
8.041099
8.243072
8.068829
7.8471236
7.629472
7.6103845
7.8707876
7.686947
8.076807
8.114666
7.9374723
7.4220395
7.584116
7.4546213
7.093929
6.953291
7.05876
7.3305774
7.687749
7.6561947
7.267563
7.10179
7.1560583
8.082832
8.029277
7.7226405
7.553789
7.4687505
7.5047464
7.6067104
7.67811
7.706378
7.777185
7.463969
7.298706
7.115572
6.9321527
6.9058886
6.9468794
6.7111607
6.905632
6.959441
6.952874
6.640093
6.829319
7.0915546
7.2989283
7.188698
7.0683746
7.179799
7.2670536
7.1790123
6.9000854
7.3694105
7.449586
7.438652
7.6986766
7.2561393
7.316529
7.110674
7.2495785
7.1617007
6.9042506
6.909958
7.0637736
6.8923173
6.5735245
6.65003
7.0337024
7.9209905
7.9940042
8.038284
7.981463
7.9923105
7.895931
7.7456393
7.801202
7.8027205
7.5209055
7.62671
7.295697
7.2350936
7.6162753
7.5331545
7.35501
7.546646
7.352876
7.2735734
7.48339
7.661787
7.261103
7.291415
7.3645663
7.582049
8.020257
8.268292
8.167761
8.001722
7.9669957
8.019573
7.917923
7.862655
7.7408094
7.8738375
7.7816377
7.648091
7.3299108
7.464447
7.3531346
7.304929
7.3225923
7.162049
7.3290143
7.2947774
7.068652
6.7997646
6.804283
7.0950046
7.636138
7.958432
8.039382
7.9504313
8.077217
7.8360505
7.9944572
7.7610087
7.9483447
8.080691
7.72455
7.130024
7.389024
7.495591
7.3957105
7.198706
7.1807303
6.958734
6.9531903
7.061809
6.796548
6.5929418
6.798214
7.4271274
7.700403
7.834147
7.75941
7.815814
7.916464
7.8233824
7.9547606
7.951974
7.785569
7.65814
7.49302
6.8597264
6.9130077
7.4085746
7.556202
7.67206
7.5305557
7.2202606
7.25362
7.2412415
6.805716
6.4797564
6.998627
7.204037
7.8145323
7.8089647
7.6886225
7.5283813
7.375387
7.521001
7.612189
7.723977
7.6894712
7.6055927
7.2015176
6.526678
6.778887
7.264838
7.2230635
7.3161483
7.4282537
7.1976843
7.173471
7.1760683
6.819407
6.7571254
7.064266
7.5676613
7.7067633
7.844637
7.5242605
7.7391253
7.6420484
7.6736727
7.566354
7.4388957
7.509117
7.5102763
6.8499794
6.878793
7.3583956
7.210617
7.302941
7.281211
7.396487
7.1991925
7.3471255
6.796201
6.816571
7.3172097
7.337205
7.708605
7.8515987
7.7316494
7.905259
8.003817
7.96082
7.7961683
7.5500274
7.6571393
7.6179886
7.39375
6.9450016
7.23307
7.39922
7.4732533
7.444287
7.309097
7.3247643
7.26824
7.0883007
6.7673597
6.6251674
6.9116197
7.0227065
7.082242
6.975227
6.6405725
6.8943725
6.8599043
7.0192943
6.8613024
6.5078125
6.6311646
6.731563
6.4751787
5.718314
6.320608
6.700702
6.728661
6.56001
6.5941772
6.3089886
6.0904455
5.7597466
5.713818
6.1597633
6.593177
6.8741326
7.425815
7.3575535
7.0683455
7.434717
7.71994
7.1997643
7.1668444
6.8672442
6.8384953
6.5414124
6.1871357
6.0160885
6.046628
6.2722197
6.34857
5.979767
5.7051954
5.8654814
5.9317102
6.520708
6.5427256
6.5917487
6.9202166
7.017168
6.9145584
6.814963
6.9343605
6.7817144
6.568513
6.3848596
6.373753
6.4256144
6.3843017
6.414589
5.9621634
5.9858236
6.6519275
6.743343
7.06964
7.1119313
7.0328326
6.9137306
6.6629777
6.422673
6.4861813
6.8888893
6.920895
7.1447306
7.185254
7.2035775
7.592443
7.573595
7.5921345
7.691933
7.5265675
7.204684
7.0770044
7.1454606
6.597116
6.587658
6.465941
6.95352
6.9273815
7.0302687
6.897723
6.862553
6.6999083
6.6940804
6.258048
6.699328
7.0011764
7.5672073
7.3389974
7.2163053
7.226884
7.422398
7.608205
7.619176
7.599451
7.3194184
7.140595
7.1765676
7.2092295
7.00387
6.8882227
6.7821865
6.9641895
7.1481485
7.186372
7.1795187
7.2166452
7.071871
7.0828743
6.8399763
7.004764
6.9690094
6.7296925
6.804686
7.156531
7.026732
7.1870713
7.0948763
6.758325
6.5351005
6.684634
6.661725
6.6372957
6.5320134
6.4059105
6.552214
6.6083994
6.543304
6.696778
7.0882816
6.969353
6.8289113
6.801711
6.9796762
6.993735
7.260733
7.014336
6.725314
6.5952425
6.620795
6.3179536
5.935807
6.2360673
6.4973116
6.4040127
6.632378
6.315385
6.194864
6.428998
6.6746573
6.6740427
6.58588
6.751662
6.6746855
6.6952944
6.858271
6.96451
7.2808995
6.9646883
6.4240923
6.18962
6.1488686
6.432768
6.391937
6.327986
6.1911674
6.0205855
5.738457
5.5688825
5.534256
5.348291
5.4394455
5.812149
5.842658
5.5088906
5.042651
5.0431204
5.3923407
5.92187
6.20696
5.8960304
5.745164
6.0777864
6.20776
6.1529064
6.460564
5.9871416
4.9538565
4.635178
4.9060125
5.95732
6.08629
5.8153944
5.866397
5.76408
5.5073524
5.590654
5.654419
6.1140156
6.0040236
5.7623043
5.7900653
5.8177867
5.7753205
5.4516344
5.382075
5.146681
5.6955643
6.0351205
6.2917995
6.0903316
6.3945284
6.0308123
5.5863123
4.989687
5.052526
5.3999324
5.7693577
5.2787714
4.9779077
4.5741196
4.618642
4.606532
4.804152
4.7732697
4.73887
3.3300989
4.3139915
4.1544194
3.6249666
4.117981
3.64821
3.6431339
3.0168152
3.4966419
3.9989054
3.8303578
3.0343554
3.593478
3.7747016
5.294828
5.149352
5.299185
5.274066
5.2246504
5.286902
5.3693027
5.342808
5.2731447
5.4145923
5.4977136
5.6695805
5.7479672
5.583741
5.6258373
5.523055
5.5391364
5.514226
5.657548
5.7444515
5.614357
5.772912
5.760407
5.700571
5.6909504
5.6069407
5.642759
5.5095024
5.476699
5.8498583
5.95895
5.6336203
5.8979197
5.96827
5.987994
5.8604074
5.743601
5.7831306
5.8462763
5.882472
5.6151943
5.70065
5.6971655
5.6667166
5.562894
5.5522127
5.681573
5.650366
5.7312927
5.499326
5.6494884
5.5847845
5.7772493
5.724388
5.5230155
5.6824093
5.693534
5.5365295
5.630318
5.56549
5.7398343
5.7871113
