10000
8.673188
8.520367
8.483446
8.587831
8.517721
8.541435
8.608698
8.5401745
8.565314
8.623653
8.622695
8.63973
8.599859
8.726891
8.628058
8.673777
8.620036
8.605519
8.68622
8.729243
8.692417
8.707618
8.6737
8.750459
8.661453
8.790031
8.681685
8.760952
8.731811
8.727757
8.774389
8.726486
8.632935
8.627204
8.602902
8.600979
8.570168
8.671711
8.570494
8.614901
8.488901
8.429523
8.441035
8.401623
8.319706
8.163049
7.985461
7.6871657
7.6284847
7.690148
7.442156
7.5292726
7.5210714
7.604938
7.5040264
7.4186134
7.3443384
7.4730906
7.5444098
7.707355
7.827707
8.066319
7.930831
8.026825
7.9032693
7.7441974
7.26025
6.801057
6.8199654
6.4489884
6.144822
6.000479
5.943228
5.889348
6.08055
6.0934258
5.9822187
5.720558
5.694007
5.296066
4.914789
4.7324133
4.8154707
4.8606043
4.8232007
4.7958035
4.8099813
4.7933855
4.7795277
4.7182584
4.751294
4.88585
4.822421
4.871682
4.7961326
4.887993
4.9268694
3.9335108
3.9909737
3.868526
3.6523843
3.714974
3.8209476
3.836416
3.8148117
3.7508872
3.8839948
3.8786578
3.9188428
3.866888
3.8597956
3.7950757
3.9854536
3.8312888
3.9106762
3.946158
3.8736582
3.758048
3.8556461
3.8075483
3.848139
3.9392607
3.8555663
3.9300058
3.8832707
3.8352675
3.943233
3.9302564
3.8848462
3.8122709
3.8844595
3.8333998
3.9049835
3.7259586
3.8663769
3.7551887
3.9671633
3.8068883
3.8097796
4.609783
4.5902348
4.5189757
4.5621963
4.5831146
4.5921383
4.5378265
4.5886636
4.5680213
4.5823445
4.5564647
4.558626
4.64043
4.5292096
4.5939612
4.7194033
4.6572647
4.7512383
4.5771914
4.815411
4.685525
4.675544
4.7481246
4.6542487
4.6044035
4.697088
4.6948013
4.7547493
4.7704487
4.7076206
4.645855
4.6635017
4.6426306
4.6660595
4.8040524
4.729276
4.7323346
4.6390243
4.687763
4.6836953
4.638711
4.598921
4.7057753
4.618338
4.6581144
4.70528
4.7780776
4.8896465
4.855509
4.812539
4.853919
4.836739
4.900801
4.9032702
4.971898
4.8278008
4.8552947
4.833844
4.8455205
4.726497
4.559387
4.689411
4.636859
4.6118264
4.6282034
4.548762
4.5503025
4.578726
4.590514
4.5937524
4.6061583
4.563138
4.727484
4.634489
4.560228
4.534564
4.564481
4.572823
4.5639606
4.642825
4.554803
4.4070864
4.4397335
4.3657727
4.422681
4.3498015
4.319983
4.234785
4.2976165
4.3313704
4.279763
4.3692074
4.2949233
4.2762027
4.4248238
4.354955
4.3877745
4.4581428
4.630435
4.6429358
4.6145153
4.611935
4.7317376
4.7377925
4.7172112
4.6515093
4.6300316
4.5452785
4.602215
4.562827
6.024364
6.426263
7.014223
6.9991813
6.9962473
6.9754953
7.0315785
6.994927
7.038761
6.998362
7.031858
7.116716
7.163046
7.2190375
7.131549
7.141493
7.1412783
7.2001314
7.2167645
7.250966
7.251535
7.2356396
7.2235713
7.2845483
7.2635283
7.27733
7.2938657
7.311591
7.2631326
7.2081695
7.2764587
7.273707
7.2869067
7.2649326
7.267033
5.127717
5.2267895
5.0640354
5.135401
5.161654
5.243448
5.450058
5.4518137
5.379641
5.3081083
5.404551
5.207175
5.2433815
4.645817
4.659757
4.587361
4.686513
4.509487
4.5949273
4.6122637
4.5379343
4.5970964
4.6673355
4.664695
4.67533
4.763952
4.7925196
4.6930914
4.762709
4.811172
4.64568
4.696837
4.7740946
4.7983513
4.854826
4.626359
4.808755
4.716862
4.703403
4.885952
4.808274
4.887456
4.696048
4.859833
4.811856
4.8530793
4.947038
4.937317
4.9800363
4.814356
4.822073
4.8180437
4.851021
4.8254094
4.7687635
4.8945856
4.809695
4.621001
4.7240796
4.63067
4.790728
4.770434
4.619803
4.6861653
4.7286935
4.8082504
4.692384
4.8109574
4.643272
4.653533
4.6836596
4.8263774
4.8465714
4.9294524
4.891187
4.945032
4.7394075
4.693579
4.7063003
4.72748
4.632378
4.6862316
4.655326
4.531809
4.6696634
4.564331
4.5883727
4.6436048
4.562874
4.5673685
4.5254
4.755621
4.6810255
4.622282
4.68594
4.698329
4.588585
4.699538
4.6935263
4.757424
4.756014
4.63735
4.618719
7.019446
7.020807
6.8230505
6.9052444
6.8697014
6.76899
6.765467
6.5802903
6.6145167
6.4672527
6.467098
6.447967
6.44902
6.4558897
6.5156956
6.4836807
6.451513
6.495656
6.5394382
6.708655
6.7853255
6.730953
6.8855
6.8470745
6.9845366
7.017137
7.01798
7.018882
7.15812
7.0982842
7.3068833
7.163102
7.219906
4.722147
4.6602287
4.6995926
4.6033344
4.719342
4.882749
4.9483814
4.7294846
4.7633915
4.8248568
4.6624384
4.6209455
4.60406
4.6827106
4.569318
4.9078956
4.9914265
4.8116665
4.800763
4.692575
4.64838
4.7278376
4.914105
4.7007675
4.6960297
4.83981
4.83399
4.591977
4.9151998
4.695791
4.6189594
4.847109
4.7108793
4.7689333
4.7151337
4.760751
4.7341366
4.801603
4.8705063
4.7931895
4.8914185
4.8420186
4.77611
4.814992
4.856163
4.8387566
4.8202705
4.930994
4.950562
4.887766
4.8671784
4.8003125
4.892604
4.939326
4.96364
4.9399853
4.891746
4.9134793
4.8598175
5.0931535
4.83453
4.947392
4.9127073
4.905242
4.93481
4.942565
4.930002
5.003413
4.9006195
5.065957
5.19254
5.210227
5.030505
5.0805326
5.235623
5.1658535
5.201654
5.238928
5.218413
5.2275186
5.3690815
5.4124985
5.439369
5.375869
5.3180265
5.3494587
5.0845494
4.8293204
4.985753
4.860321
4.7762756
4.7499037
4.639934
4.693928
4.6061687
4.616556
4.4813576
4.411788
4.2692847
4.2468524
4.182626
4.2379003
4.2277145
4.2502074
4.255911
4.1470976
4.290271
4.259708
4.2119417
5.080221
6.0745206
6.936393
7.024159
6.9743495
7.064377
6.9861765
7.017503
6.9812746
6.9701624
6.976169
7.023364
6.920599
6.9854865
6.8986063
7.0258827
6.906914
6.900047
7.1461997
7.0518084
7.065198
7.0468163
6.967634
7.0554028
7.0004907
7.019176
7.001162
6.948018
7.0504885
6.9673367
7.2205606
7.1202946
7.042469
6.936198
6.859124
6.6092024
6.4661555
6.3824434
6.265852
6.2910433
6.2549667
5.9366393
5.598795
5.6687837
5.77269
5.9114256
5.98987
5.869267
5.653898
5.7142158
5.818621
5.3358703
5.1685114
4.9713573
4.864591
4.7102175
4.6090813
4.6960616
4.9764733
4.860197
4.937045
4.907944
4.7607975
4.615032
4.694178
4.534018
4.520998
4.5681963
4.5016985
4.517358
4.4409704
4.281769
4.2969723
4.2819505
4.406761
4.3476343
4.1549234
4.356259
4.4101214
4.3821836
4.3935776
4.3895655
4.340816
4.052047
4.2393994
4.2540855
4.142799
4.4085317
4.5200624
4.508131
4.6248684
4.505716
5.2276006
5.4361634
4.510028
5.441792
5.4687977
5.5861893
5.5064163
5.2874885
5.2254753
5.096688
4.694355
3.9549022
4.0023127
3.811102
3.5905237
3.8454437
3.7171884
3.9736807
3.6835876
3.7777424
3.6907709
3.6811576
3.6956115
3.7161112
3.6475384
3.500849
3.3164537
3.3539796
3.3789558
3.4105554
3.408755
3.4719102
3.4153495
3.2545104
3.396363
3.7411835
3.7475371
3.9164865
3.7509866
3.6906354
3.7366312
3.7369506
3.8331509
3.957838
4.1342483
4.1998677
4.3142004
3.7799962
3.7820225
3.910573
4.046495
4.001331
4.2899456
4.2853575
4.3732634
4.44701
4.401836
4.3554206
4.419784
4.2390957
4.200282
4.25192
4.23906
4.320391
4.337586
4.3477654
4.5293055
4.408211
4.408736
4.5089307
4.5305305
4.5250783
4.550176
4.7017198
4.8292127
4.901275
4.9246445
4.9395275
4.976163
5.106239
4.8333435
4.89551
4.7704706
4.762067
4.828653
4.565129
4.57571
4.520443
4.3954406
4.1147165
3.9378214
3.9404938
3.8548586
3.9241805
3.9264865
4.0395346
4.03658
4.222873
4.427217
4.547788
4.57517
4.5882726
4.647665
4.5159883
4.4290376
4.430217
4.401338
4.3074517
4.17651
4.231045
4.395149
4.385361
4.418484
4.5427012
4.5451727
4.6653147
4.5570316
4.6513577
4.742071
4.7602153
4.870533
4.888384
5.08629
5.1682987
5.2276173
5.3986526
5.2815924
5.4719048
5.444808
5.431552
5.459633
5.362691
5.3339353
5.325514
5.147053
5.237877
5.2009897
5.2731104
5.188245
4.982359
5.0309935
5.0142603
4.8993545
4.5931206
3.2067142
4.151288
3.2165813
3.3011348
4.4183884
3.2307975
3.2349024
4.222839
3.3142836
4.4095964
3.1967382
4.3610935
4.3223495
4.3272777
3.2527506
4.219758
4.369501
3.433343
3.8468723
3.270059
4.1400323
4.36492
4.0900903
3.4988947
3.2462778
3.6420763
3.2173824
4.1651745
3.1640937
3.699017
4.2383747
4.4367857
3.2924602
3.3398058
3.27011
3.8628101
3.480828
3.5658064
3.586299
3.8810673
3.4948933
3.4232805
3.5279412
4.33122
3.8113737
4.3350353
3.5934324
3.8083925
3.8247993
4.2377906
4.0069237
4.209891
4.464401
4.3117633
4.3805995
4.366873
4.440355
4.435876
4.6607733
4.6658936
4.6019697
4.5219913
4.7512054
4.575839
4.661114
4.745618
4.69369
4.6127305
4.6255536
4.6496515
4.6609397
4.7207828
4.7871923
4.936128
4.9752645
5.1724524
5.358981
5.2865567
5.2174
5.2002416
5.0511117
4.9404488
4.906438
4.653592
4.5003576
5.3982267
5.4743757
5.4943957
5.3722153
5.5000143
5.593726
5.5565414
5.6352262
5.6266522
5.478077
5.5970445
5.570669
5.6051207
5.5759034
5.5196877
5.6309204
5.310434
5.4302416
5.153209
5.4466014
5.09992
5.376659
5.332087
5.351037
5.399625
5.2941036
5.397444
5.3736024
5.3219357
5.1198587
4.887839
4.9096184
4.938047
4.829717
4.8560834
4.9138074
5.0618324
4.8832493
5.0001073
5.1914244
5.2531123
5.35914
5.4157047
5.483503
5.5325103
5.5960956
5.531205
5.6348495
5.689666
5.609335
5.6030364
5.4520264
5.476687
5.385985
5.3276243
5.186041
4.9452744
4.978605
4.854332
4.813573
4.6754503
4.899286
4.918043
4.866391
5.134236
5.049115
4.825098
4.9643245
5.1651196
5.2468486
5.129489
5.283684
5.2915354
5.324376
5.2496843
5.2695813
5.180051
5.2587924
5.1271152
5.24511
5.2507358
5.3265324
5.25403
5.350158
5.4686527
5.3922434
5.849427
5.675488
5.4588137
5.355356
5.661367
5.4746895
5.6485324
5.39587
5.5921583
5.6168776
5.6402674
5.653776
5.8609023
5.796342
5.6184
5.6533194
5.5658765
5.2926216
5.3923855
5.240391
5.3185143
5.373219
5.4347496
5.4693365
5.418456
5.306332
5.384479
5.2756047
5.4112263
5.379239
5.491589
5.240165
5.3440895
5.3814435
5.4656878
5.2633243
5.257465
5.4324474
5.2481346
5.2829223
5.329347
5.256921
5.3739023
5.3939247
5.4167423
5.482166
5.4199333
5.468573
5.372024
5.4872413
5.7943726
5.738548
5.549731
5.543515
5.4341655
5.5912623
5.559067
5.3320293
5.4089317
5.4470615
5.6044326
5.48419
5.538471
5.3290243
5.26925
5.265889
5.37407
5.198972
5.3505044
5.128782
5.6425776
5.6471763
5.5082884
5.483243
5.635153
5.5480266
5.493239
5.6248746
5.42665
5.4597707
5.4326506
5.376514
5.4294753
5.3305755
5.270363
5.263545
5.2419224
5.323204
5.2387466
5.1821065
5.068391
5.164504
5.2371364
5.1545725
5.215467
5.1868935
5.1588407
5.030981
4.982045
4.9165864
4.9408593
4.977773
5.0735073
6.4915495
6.553908
6.6067486
6.2887645
6.4126606
6.3104057
6.4660263
6.4275427
6.308383
6.3971853
6.353361
6.3419094
6.251848
6.3795977
6.353784
6.406305
6.181503
5.946113
5.901178
5.4922304
5.012062
4.304367
4.41002
4.36905
4.150937
4.4310164
4.505646
4.4911113
4.4847674
4.5800796
4.576157
4.509785
4.2176504
4.363289
4.580374
4.80611
4.871012
4.9959316
5.0263944
5.461343
5.483824
5.7043047
5.855443
5.9549356
5.899983
6.042615
6.232939
6.1577854
6.1298137
6.243101
6.324301
6.318741
6.12204
6.064951
6.0481687
6.07934
5.9254465
5.884486
5.9297934
5.980265
5.9381323
5.705496
5.7093887
5.7014837
5.7609606
5.7475457
5.756451
5.8627768
5.693617
5.8306017
5.7450986
5.7949023
5.8126154
5.7231107
5.850528
5.8286138
5.889394
5.801523
5.766503
5.70716
5.63312
5.5512424
5.4819922
5.5282116
5.4766192
5.2687387
5.2733116
5.112597
5.2263722
5.0510783
5.0588217
5.1290617
4.99217
4.899642
5.003975
5.0043845
4.924246
4.9201646
4.897217
4.9122467
4.971881
4.942017
4.98864
5.1010256
5.0891385
5.245034
5.204171
5.357816
5.331787
5.3250256
5.4023123
5.478072
5.7337065
5.777989
5.8595424
5.973325
6.0719643
5.935358
6.00398
6.0236115
6.094485
6.0581074
6.0646396
6.035472
6.1220713
5.8664756
5.968706
5.927334
5.893781
5.981869
5.9866867
5.9500055
6.001558
5.9504886
6.032757
6.092392
5.977247
5.9910502
5.797514
5.800891
5.8591957
5.7934294
5.9823613
5.759351
5.751867
5.7426796
5.8209167
5.917369
5.7841234
5.7829647
5.8787394
5.711497
5.840811
5.792414
5.892998
5.8178916
6.0977726
6.0683746
6.1072702
6.1601977
6.2420235
6.159871
6.176174
6.17823
6.2061415
6.299682
6.160511
6.082195
5.988283
5.911405
5.829791
5.8903036
5.891065
5.8300157
5.9305315
5.9307117
5.8246365
5.8388953
5.771485
5.819725
5.889465
5.9943995
5.9952583
5.94967
5.988508
5.9332857
5.8245273
5.8588343
5.8497214
5.8677607
6.04403
6.0703053
6.1074038
6.1400166
6.0010233
6.0299892
6.049329
5.9880333
6.127393
5.966716
6.097135
6.0158
5.97289
5.917008
5.986704
6.0612984
5.9113255
5.924946
5.940137
5.787853
6.0269303
5.925257
6.005261
6.007596
5.878417
5.953466
5.8425264
5.753827
5.764687
5.727811
5.720855
5.859248
5.866769
5.926811
5.895923
5.881196
5.936789
5.9440737
5.941473
5.9491963
5.835272
5.9188633
5.9109416
6.0241566
5.852412
6.020179
5.9770856
6.020866
5.9296265
6.0004745
6.0275555
6.020773
6.1116896
6.081243
6.129057
6.092064
6.1629863
6.0684423
5.964854
6.0183134
6.1589413
6.252406
6.125472
6.1840343
6.119302
6.1356134
6.1786146
6.303337
6.193089
6.203253
6.064491
6.088551
5.9719877
6.117732
5.9351854
6.162772
5.896007
5.997074
5.9309664
6.0256996
5.965413
5.8645697
5.8512626
5.9232984
5.8355
5.8372765
5.878615
6.0656376
5.954925
6.1907425
6.026381
6.1593328
5.9995203
6.0169153
6.0633764
6.133603
6.111839
6.0105095
5.9977975
6.031135
6.0092773
6.0677466
6.08789
5.986019
6.02691
5.9485254
5.8962755
6.0575857
6.045455
6.0787153
5.908224
5.9479523
6.0891376
6.0485234
6.1232724
6.077737
6.0317726
6.206974
6.1660933
6.117093
6.1483216
6.155103
6.1157246
6.201508
6.071345
6.1219397
6.018968
6.1468105
6.102867
6.1993594
6.1000395
6.1176414
6.2158623
6.2433596
6.1077733
6.0208445
5.964318
6.0088634
5.9007354
6.0108786
5.958532
5.783988
5.874012
5.8857017
5.954506
5.9233804
5.9072495
5.830933
5.7685714
5.6612515
5.6076283
5.56583
5.5790715
5.62192
5.5692205
5.410571
5.584779
5.672422
5.7019644
5.6762676
5.7833614
5.7867775
5.7148023
5.7452683
5.7556543
5.8250074
5.9624853
5.946659
5.99012
6.0028796
5.903633
6.018857
5.8143964
5.925949
5.6778684
5.514903
5.423861
5.443932
5.474759
5.6221924
5.866887
5.8390703
5.7718487
5.7804666
5.7947617
5.6566625
5.8065147
5.8345585
5.960366
5.6293864
5.489504
5.6075025
5.5104084
5.5029035
5.488039
5.4867525
5.486331
5.4945107
5.477697
5.551538
5.695067
5.752477
5.9694343
6.2181783
6.0862055
6.07458
6.1342573
6.234972
6.0429797
5.9867992
6.0724826
6.0814977
6.3925314
6.4479327
6.346955
6.3956804
6.439296
6.3985615
6.338085
6.4471083
6.1838675
6.1723948
6.1867194
6.2104607
6.2098837
6.3784285
5.7578106
5.597961
5.653404
5.656597
5.6675344
5.696025
5.790267
5.9308124
6.145837
5.90409
5.8883862
5.813285
5.85637
6.003898
5.9262867
5.7462482
5.8789434
5.9495115
6.187608
6.387191
6.3334527
6.2352057
6.149478
6.0114207
5.6292844
5.26911
5.1158967
5.174408
5.186121
5.26878
5.2483234
5.503929
5.5309877
5.7600164
5.96246
5.59698
5.139893
5.2023964
5.338335
5.404586
5.3303566
5.1933393
5.293772
5.293868
5.516943
5.578185
5.584308
5.7382975
5.8370576
5.8070436
5.5754848
5.6468234
5.6508603
5.592839
5.676594
5.8077126
5.78735
5.9054804
5.850971
5.994831
6.008107
6.053937
6.030586
6.0632215
6.142667
6.081551
5.8494177
5.774153
5.5428987
5.4846597
5.3417454
5.3286204
5.2293296
5.3528185
5.358678
5.359213
5.304025
5.255008
5.366131
5.469243
5.4098516
5.230775
5.1869116
5.129944
5.0928597
4.9133816
5.0114384
5.0099087
5.043821
4.852819
5.0477004
4.859856
4.8897266
4.8667364
4.860195
4.9124756
4.836547
4.715026
4.690754
4.708245
4.735648
4.613962
4.5063987
4.5985928
4.604163
4.5983996
4.6918993
4.8982153
4.957282
4.7518325
4.664901
4.6444974
4.969031
4.912574
4.807454
4.796087
4.69098
4.865219
4.858914
4.8682404
4.8195863
4.817998
4.8220177
4.8479667
4.7987523
4.7772565
4.781094
4.77392
4.78043
4.7928944
4.834838
4.750793
4.7650423
4.761244
4.7727146
4.7739964
4.7645993
4.7559233
4.748838
4.908542
4.870547
4.927604
4.85919
4.923974
4.707575
4.631427
4.75183
4.7287416
4.814291
4.92834
4.9511194
4.850202
4.8550014
4.802097
4.750393
4.7203
4.6418715
4.5807276
4.74649
4.7229023
4.6730514
4.7267456
4.729971
4.543033
4.6302924
4.7668834
4.797777
4.8023186
4.7800493
4.894327
4.760741
4.8377266
4.8295746
4.7667165
4.790022
4.794087
4.8623877
4.767277
4.8403134
4.7256985
4.878598
4.8363194
4.8824954
4.8219533
4.9918776
4.9819527
4.9775305
4.921096
4.914398
4.913199
4.8974376
4.838682
4.8504295
4.860174
4.846215
4.947094
4.944875
4.972325
4.9196734
4.8963847
4.931134
4.984578
4.9263654
5.0740623
4.9997215
4.990743
4.9887857
5.02144
5.0172644
5.070307
5.0537906
5.003658
5.093036
5.117422
5.0654726
5.044588
5.081038
5.087946
5.118705
5.060932
5.0336804
5.026504
5.0584254
5.0993204
5.0709834
5.063052
5.035485
5.094882
4.993123
5.03033
5.05106
5.0515695
5.0992866
5.05451
5.0337696
4.985524
4.9923663
5.0085006
5.0271482
5.6830635
5.806496
5.7891946
5.8389206
5.7882156
5.8746233
5.8380585
5.7704496
5.714177
5.801103
5.885537
5.90434
5.932397
5.7177687
5.954729
5.983945
5.862665
5.942669
5.9242897
5.9343004
5.8896465
5.79819
5.8808
5.7462687
5.7929482
5.8435297
5.8258977
5.836077
5.9005146
5.9018683
5.9738474
5.9831386
5.931473
5.883087
6.0555315
6.0045257
6.0784836
6.0729485
6.011404
6.0851755
5.97772
6.020147
6.044556
6.026089
6.0437574
6.0429106
5.986417
5.973989
5.9596977
5.9342947
5.94402
5.95677
5.9273877
5.9101973
5.9962153
5.923859
6.018045
5.9397507
6.0152764
5.926648
6.0641646
6.0289264
6.082969
6.04628
6.0615435
5.9588194
6.1099405
6.089197
6.1221237
6.1955366
6.2068653
6.1747255
6.212945
6.227238
6.1796093
6.256681
6.2281747
6.2647467
6.3483324
6.379726
6.3746295
6.2714753
6.2795606
6.296886
6.255141
6.3536882
6.2075953
6.1692405
6.2750573
6.232734
6.126612
6.2909765
6.1541276
6.131302
6.075025
6.0315475
6.121776
6.063675
6.0139766
5.977498
6.0621324
6.0391836
6.0774937
6.1950455
6.269883
6.22882
6.1890078
6.170079
6.1000338
6.0682974
5.9210052
5.8253183
5.940633
5.9345818
5.8991094
5.939331
5.944517
5.7879586
5.853229
5.694686
5.5100417
5.345464
5.355029
5.2795477
5.36088
5.316185
5.40425
5.390227
5.1778984
5.512163
5.3248763
5.598262
5.584057
5.638611
5.432857
5.6491385
5.835944
5.6700907
5.9561176
6.191499
6.2785983
6.273505
6.229703
6.2091928
6.1277657
6.0431466
6.306814
6.054335
4.7571864
4.9169908
4.067108
4.114301
4.576402
4.6360574
4.0326376
4.0289326
4.021231
4.1293592
4.0839286
4.036096
4.0531425
3.9879997
3.9898407
3.9919531
4.0215716
4.0223346
4.0119314
4.0300894
3.9857934
3.9783301
4.079475
4.0898385
3.9585497
4.0382547
3.9368744
4.0043826
4.0491705
4.053116
4.024857
3.980017
4.0957074
4.0180874
4.1006947
4.1159916
4.0776367
4.147307
4.001242
3.9848924
4.1024613
4.035698
4.0542216
4.043914
4.07513
4.031357
4.0639396
4.01233
3.9902227
3.9877782
3.9664617
3.91683
3.9276445
3.9617229
3.9204376
3.9522698
3.9311829
3.9133782
4.2237053
3.976533
3.9909916
3.9577358
3.9494638
3.954927
3.9450283
4.0553164
3.9439116
3.9662828
3.9674554
3.9518154
3.9355786
4.0116243
4.025099
4.0267544
3.9755313
3.9597576
4.0510573
3.9755356
4.0266194
4.1191816
4.0391726
4.1228
4.1060853
4.009939
4.0145473
4.026565
4.060923
4.1333156
4.004421
4.159259
3.9838886
3.9931061
4.1253166
4.076689
4.1167793
4.1060743
4.0648375
4.06497
3.9740899
4.102728
4.110883
4.0244102
4.075086
4.2245054
4.140849
4.07641
4.167017
4.126987
4.3945646
4.2796283
4.7155447
4.8617697
5.2019405
5.0683966
5.056556
4.7703342
4.406587
4.382626
4.3982515
4.4405284
4.463458
4.509324
4.5260515
4.539119
4.6247306
4.681897
4.657175
4.70245
4.6239624
4.6506553
4.5208974
4.5607367
4.59867
4.7241645
4.697506
4.814124
4.9975734
5.015173
4.818732
4.847519
4.794682
4.5575004
4.7168875
4.661005
4.743791
4.7487645
4.8490157
4.730602
4.6688924
4.592595
4.566528
4.564041
4.564497
4.5254045
4.530341
4.577269
4.6359363
4.837073
4.706076
4.6860304
4.525774
4.565836
4.55175
4.621932
4.5326266
4.683459
4.923576
4.8893747
4.6125326
4.803215
4.6145825
5.861024
5.8755
5.8580837
5.9188576
5.8721666
5.980694
5.911016
5.9402084
5.780993
5.962022
5.809257
6.0304394
5.921526
6.094406
6.1163864
6.193046
6.003469
6.077278
5.934847
6.0448947
5.9937935
6.089587
6.1086164
6.017248
6.091365
6.0117474
6.0824986
6.0252695
6.084337
6.0004435
6.068759
5.968171
6.0339036
6.1050134
6.0021772
6.0895023
6.091467
6.0801344
6.101392
6.1637487
6.080291
5.972957
5.836891
5.9437237
5.80898
5.825039
5.904632
6.053014
6.1196814
6.1945696
6.4217443
6.4893074
6.5857487
6.4134316
6.5279083
6.4737906
6.56309
6.3443856
6.4577637
6.4140873
6.543072
6.2622175
6.1960974
6.202466
6.1138687
6.3678355
6.249458
6.010112
5.9827466
5.8123045
5.7162347
5.8553543
6.05243
5.879982
6.3232927
3.6667547
3.7777438
3.819725
3.7894936
3.9338636
3.9445431
3.853826
3.9623876
3.9317398
4.024546
3.8027632
3.8730726
3.9929483
3.9467103
3.7992873
3.8122249
3.8196824
3.9929998
3.892288
3.982942
4.057175
4.073615
4.082494
4.162568
4.3591185
4.5079613
4.5709696
4.8430405
4.919492
5.0555735
5.164455
5.1535954
5.3059745
5.332098
5.4318504
5.2110085
5.2675114
5.2474775
5.1926184
5.1754193
5.198017
5.1322517
5.1189175
5.0914197
5.098615
5.1889725
5.212832
5.1958585
5.228294
5.120409
4.970208
4.888598
4.940159
4.962714
4.8847055
4.7229815
4.6061
4.5993304
4.7364635
4.7030315
4.749701
4.707574
4.9437127
4.94322
4.8115516
4.981249
5.00428
4.900466
5.0095673
5.012061
4.985929
5.023678
5.0951967
5.117142
5.0024037
5.0789366
5.112879
5.201707
5.2089877
5.2146974
5.1986833
5.2317786
5.1821866
5.181412
5.2728105
5.3388205
5.406434
5.36123
5.430832
5.3187547
5.5017266
5.435408
5.3716526
5.329953
5.3937035
5.407816
5.4404483
5.369141
5.365038
5.326422
5.330143
5.3000584
5.317418
5.3434415
5.326416
5.326935
5.25897
5.291067
5.3728943
5.3371053
5.2540345
5.3224297
5.318646
5.3273582
5.289568
5.26385
5.352147
5.3000064
5.3741026
5.3658442
5.3432493
5.330795
5.307076
5.382778
5.41199
5.3262625
5.24792
5.30129
5.3094277
5.340818
5.454945
5.4164844
5.486732
5.4480443
5.5077724
5.528382
5.5852246
5.5738564
5.5710993
5.63927
5.6302276
5.6176167
5.634869
5.5878887
5.671572
5.6388783
5.678762
5.685589
5.669887
5.6437044
5.6152134
5.653721
5.665961
5.711727
5.6081305
5.722703
5.603258
5.6314106
5.6318684
5.6486597
5.5995283
5.683413
5.673308
5.705934
5.720768
5.7030263
5.718173
5.6086044
5.6798797
5.570166
5.456707
5.3953047
5.35653
5.351268
5.3398614
5.308644
5.210184
5.2943683
5.2149267
5.341075
5.2473783
5.3390446
5.2816367
5.3055444
5.2922487
5.3828917
5.2584877
5.3788576
5.2615094
5.320288
5.236426
5.2041345
5.200946
5.217186
5.18762
5.2800317
5.3330708
5.334715
5.4113164
5.4645405
5.695889
5.559938
5.6434507
5.6511497
5.559083
5.6291637
5.609299
5.573147
5.596084
5.560344
5.595163
5.5711513
5.5155697
5.6918426
5.6533327
5.672888
5.5874343
5.7216477
5.626641
5.681587
5.5839014
5.5800276
5.629565
5.6541185
5.6328993
5.676873
5.5973616
5.620982
5.615933
5.6258817
5.646999
5.669836
5.675109
5.6419134
5.7244368
5.6490974
5.7428484
5.7385044
5.7483773
5.7395983
5.715138
5.709454
5.7313786
5.716029
5.7988195
6.0021467
6.1605306
6.229978
6.13949
6.1955504
6.190013
6.1127863
6.0993423
6.10067
6.1055207
6.16988
6.1091285
6.1030083
6.059864
6.1715403
6.085123
6.213117
6.084733
6.2960787
6.0825505
6.1778264
6.089665
6.326029
6.1233354
6.432649
6.1428714
6.2024536
6.207215
6.271816
6.2760105
6.399894
6.352832
6.3107953
6.315118
6.223694
6.139226
6.1456685
6.2007866
6.1371765
6.190257
6.1441283
6.1323867
6.20901
6.2194195
6.239379
6.132999
6.2938576
6.1615744
6.242774
6.13647
6.275497
6.2028666
6.2105727
6.1467576
6.244515
6.138814
6.1564226
6.1831765
6.1724777
6.1332793
6.175674
6.100628
6.160945
6.1151485
6.1319113
6.0658135
6.110127
6.1300206
6.121753
6.0590806
6.1128116
6.061865
6.030413
6.040967
5.9871264
5.9428105
5.8906236
5.9281783
5.945775
5.997159
6.003604
6.0287414
6.043746
6.093445
6.059686
6.18284
6.132145
5.8987384
5.912238
5.72468
5.737523
5.6054993
5.506632
5.489626
5.215334
5.081035
5.032884
4.9548135
4.9741
5.0769773
4.8322315
4.958907
4.880929
4.8747306
4.9875956
4.8241005
4.81669
4.705824
4.80021
4.819715
4.87456
4.9564857
4.8813314
4.9126625
4.8945518
4.9064455
4.897775
4.9127035
4.884476
4.911691
4.874832
4.8541164
4.892895
4.8759813
4.970131
4.943752
5.0265007
4.9594564
5.063888
4.9701104
5.0583286
4.9677906
4.991227
4.9626603
5.011122
4.9395933
4.9824376
4.9591055
4.979022
4.9641137
5.013786
4.9612603
5.0186844
5.034233
5.0390778
5.027429
4.991799
4.9647274
5.038549
5.01037
4.9801116
5.007891
5.0041156
5.0105824
4.9934773
5.008647
4.989522
5.0757027
4.9919257
5.055116
4.988671
5.003352
4.9856815
4.992164
4.981562
4.9535728
4.9494696
4.9789314
4.9533625
4.98412
4.936511
4.957628
4.916003
4.941198
4.9488406
4.9417305
4.90217
5.001722
4.913538
4.9404054
4.8931985
4.889766
4.918129
4.9227905
4.9313517
4.992162
5.1832056
5.235705
5.2276945
5.278191
5.2630596
5.3370275
5.280263
5.2305756
5.1707673
5.0529804
5.1420746
5.196801
5.2110147
5.187656
5.1845236
5.205336
5.1540513
5.1553836
5.144791
5.2615223
6.447942
6.4359035
6.4854374
6.3244476
6.2543297
6.2374334
6.1209292
6.213016
6.1286783
6.084385
6.0122385
5.990986
5.991303
5.9818497
5.908249
5.9361544
5.8833003
5.9341927
5.898229
5.9632897
5.8507977
5.898321
5.937379
5.8677993
5.877688
5.9409537
5.9087987
5.938232
5.906367
5.9373217
5.9009576
5.900477
5.868614
5.8861456
5.8701854
5.883296
5.9048796
5.9119267
5.9029756
5.8797398
5.873981
5.8854504
5.8833013
5.8756576
5.8808136
5.945819
4.8834457
4.8986864
4.8664594
4.834648
4.9098063
4.9805264
5.0316334
5.054458
5.105387
5.1789227
5.0668917
5.2334995
5.103627
5.262812
5.1395073
5.273708
5.1417575
5.1595464
5.2105064
5.1370053
5.2431293
5.1528363
5.255745
5.1916056
5.279818
5.175791
5.2840576
5.134727
5.3176684
5.1770334
5.2204146
5.0815387
5.3273463
5.0784454
5.270526
5.108479
5.281961
5.115214
5.2795954
5.1318684
5.3205333
5.141405
5.310226
5.124076
5.3192143
5.1014323
5.3536906
5.109862
5.300319
5.124968
5.3024654
5.1249685
5.340266
5.0515604
5.3577213
5.059444
5.3468943
5.0769186
5.3162136
5.1150513
5.4369
5.141064
5.389524
5.132924
5.317726
5.211839
5.3657894
5.1763425
5.324897
5.219864
5.29599
5.211159
5.3583717
5.226163
5.3649225
5.2742834
5.331727
5.278761
5.3090553
5.1981015
5.310715
5.144761
5.3203583
5.1222425
5.2723684
5.0999494
5.2872887
5.1157784
5.2576313
5.1326857
5.2676296
5.0995436
5.2343936
5.145991
5.301289
5.142706
5.341153
5.1486278
5.320685
5.167658
5.320973
5.2141347
5.33831
5.243595
5.3081164
5.1739607
5.243893
5.1765256
5.301491
5.2286277
5.2461963
5.222535
5.2679896
5.2429433
5.319457
5.2477345
5.2656374
5.209114
5.2340784
5.2047706
5.1930547
5.1786065
5.2806644
5.237119
5.256314
5.140613
5.255269
5.1968303
5.1447997
5.1415334
5.174169
5.184069
5.1655126
5.155124
5.17554
5.1380534
5.1629686
5.178705
5.181636
5.162931
5.163836
5.081318
5.1492558
5.1292214
5.132868
5.0718417
5.167796
5.116834
5.1741486
5.05837
5.1666813
5.1679416
5.1918926
5.2066574
5.223419
5.1933727
5.177748
5.1546116
5.164589
5.1711345
5.2028084
5.1829114
5.1988287
5.2051964
5.210045
5.208467
5.1598477
5.2996964
5.2187996
5.2106094
5.166018
5.187269
5.169179
5.2256703
5.2058496
5.165903
5.108544
5.1463366
5.1689754
5.143387
5.107893
5.175599
5.170994
5.1249857
5.160082
5.104803
5.165681
5.1127524
5.119941
5.2338023
5.1532764
5.1946263
5.1476464
5.184575
5.131109
5.203166
5.1553593
5.1637125
5.1607604
5.1623554
5.172421
5.173234
5.1708508
5.2024918
5.1717057
5.208905
5.162655
5.1704273
5.264569
5.2123346
5.2589192
5.249699
5.2481213
5.2589655
5.289089
5.278998
5.295696
6.0168047
5.9635
5.9065375
5.9456897
6.0077014
5.949868
6.0090528
5.954318
6.0259514
5.9722714
6.062501
5.9817386
6.0010276
6.001167
6.068372
5.970524
6.00399
5.9948606
6.07802
5.988159
5.9912
5.9776554
6.04582
5.960616
6.035754
4.7647014
4.6020536
4.6335063
4.5629387
4.629325
4.5780663
4.5880136
4.528335
4.5890594
4.5274067
4.584441
4.538003
4.5422325
4.562648
4.5279865
4.5858727
4.5299635
4.7609615
4.7443953
4.53599
4.683509
4.6716847
4.6471586
4.6498737
4.7995777
4.7832956
4.5106397
4.5724344
4.5214167
4.565136
4.501361
4.5511537
4.5004253
4.5450625
4.5023694
4.5128407
4.5252213
4.607139
4.6140056
4.561194
4.606634
4.478387
4.4850035
4.5844846
4.5639925
4.461436
4.461029
4.5042014
4.509104
4.462181
4.4555016
4.4611626
4.399412
4.4302545
4.4621396
4.38614
4.3559756
4.4570017
4.3472815
4.334072
4.3072863
4.233379
4.1419396
4.17872
4.170602
4.133913
4.0270796
4.1566277
4.201409
4.300898
4.179137
4.2601094
4.209955
4.2620053
4.4011726
4.3684754
4.5817356
4.6539884
4.636696
4.6851797
4.536833
4.555599
4.5579777
4.551928
4.596756
4.5029707
4.7143035
4.809344
4.7296557
4.975228
4.9288816
4.970841
5.0731635
5.112384
5.1681414
5.188716
5.271186
5.3322725
5.369305
5.378977
5.582721
5.4694285
5.7107644
5.4802113
5.7415376
5.531674
5.725847
5.5142875
5.7720385
5.5534043
5.7514267
5.5746636
5.707835
5.64656
5.694283
5.696871
5.6857214
5.7413917
5.7106285
5.8374133
5.813291
5.783449
5.793076
5.7799563
5.8081985
5.803157
5.8377123
5.837555
5.883477
5.842829
5.9105315
5.90224
5.9329076
5.8827267
5.8889666
5.987701
5.8611274
6.0509357
5.9484453
6.1482463
5.977228
6.1611485
6.0136285
6.1935043
6.0214047
6.1924224
6.0880313
6.1625547
6.0900807
6.2158775
6.184148
6.172633
6.074448
6.090251
6.1174617
6.048684
6.033082
6.0033913
6.034713
5.815757
5.8078833
5.7515645
5.6630707
5.605319
5.629376
5.487022
5.4203806
5.561771
5.5266147
5.4726667
5.636381
5.6044645
5.6683474
5.617953
5.677668
5.551363
5.7102513
5.5858026
5.716656
5.589312
5.747935
5.547302
5.6499085
5.597289
5.63013
5.5793767
5.6602182
5.616007
5.656255
5.6094537
5.6654773
5.623929
5.675568
5.6733646
5.638669
5.5386786
5.655589
5.5585604
5.5494027
5.546537
5.483838
5.5911536
5.507948
5.5095015
5.4489584
5.473086
5.3745914
5.471361
5.345295
5.4691715
5.391056
5.390564
5.428327
5.403587
5.4672155
5.4512177
5.419645
5.3862023
5.405284
5.3967743
5.4610353
5.4298377
5.457465
5.3483353
5.3966684
5.2841115
5.274233
5.2319884
5.276621
5.2495165
5.17899
5.1954665
5.0404115
5.1592364
5.0183544
5.103796
4.9841676
4.900037
5.05674
4.861698
5.0425563
4.917832
4.9943824
4.944753
5.012176
4.955657
5.0195003
4.9191456
4.9371715
4.915787
4.927522
4.9195175
4.843619
4.9119883
4.8522797
4.845065
4.911342
4.8712096
4.8768296
4.86686
4.8679595
4.8255606
4.8258724
4.8095865
4.800079
4.7563806
4.819825
4.7968946
4.847105
4.8538585
4.7776146
4.767853
4.7586403
4.695317
4.7961426
4.708136
4.750188
4.71996
4.755273
4.771287
4.7201176
4.732714
4.733855
4.723684
4.721246
4.763793
4.679906
4.702467
4.6918993
4.779775
4.764083
4.7703085
4.8118653
4.774753
4.7698092
4.725603
4.7655773
4.7102356
4.764285
4.785647
4.821908
4.7162423
4.7857237
4.732879
4.78453
4.8337717
4.81228
4.818947
4.897999
4.9598923
4.9359074
4.910543
4.92692
4.8826637
4.891792
4.8366966
4.8349857
4.8086567
4.8403053
4.8157835
4.886137
4.806185
4.9598804
4.8127747
4.934426
4.8011494
4.86873
4.8077407
4.8940554
4.728886
4.887836
4.792616
4.840558
4.7232904
4.830478
4.696603
4.810042
4.710408
4.816645
4.6662054
4.797873
4.6644583
4.781498
4.6589937
4.795316
4.6817794
4.811535
4.7234592
4.730225
4.695467
4.7651
4.696265
4.7787056
4.7033353
4.7862706
4.7340817
4.7927036
4.741276
4.8321104
5.807178
5.93521
5.819954
5.7442045
5.817061
5.729104
5.735712
5.78521
5.7463017
5.79312
5.742834
5.860692
5.7761354
5.934007
5.801818
5.865706
5.8165536
5.936832
5.8449316
5.971882
5.853339
5.95129
5.87774
6.0217476
5.8856173
6.019319
5.9118443
5.9999013
5.8800693
6.0121937
5.826557
5.96986
5.874968
6.0262294
5.882059
6.0321703
5.860636
6.0056114
5.900582
6.0193787
5.9074254
6.049237
5.978961
6.0953717
5.92524
6.095308
5.9443164
4.6219096
4.872762
4.263767
5.243481
5.259917
5.175228
5.0363708
4.9310803
4.8672013
4.9705033
4.978982
4.951754
5.0129046
4.892322
5.084892
4.8982534
5.016882
4.889593
5.0767465
4.9215264
5.0455265
4.8845577
5.0625744
4.9328747
5.03791
4.9013133
5.012121
4.987528
5.033701
4.9025774
5.069463
4.9282227
4.967055
4.9615602
4.883481
5.0253134
5.0362825
4.977853
4.8983965
5.0944285
5.0065436
4.9561634
4.925349
5.0666113
5.093615
5.0264196
5.032163
4.9917884
4.975669
4.869849
4.931092
4.8504295
4.8183312
4.7688894
4.992644
4.85139
4.906577
4.958726
4.886072
4.913111
4.9267592
4.9811196
4.867913
4.945314
4.996226
5.0369234
5.0475063
4.953458
4.9677205
4.9977055
5.0914645
4.992929
5.058624
5.10535
5.1330004
4.9972553
5.022346
5.070963
6.24603
6.2714615
6.168107
6.218861
6.2126536
6.213995
6.1915884
6.210897
6.241907
6.2211156
6.20667
6.2250023
6.2172756
6.220492
6.1716304
6.295754
6.1821966
6.2669144
6.2739973
6.310142
6.2823834
6.255474
6.3200674
6.3456154
6.279907
6.3228407
6.261877
6.2765584
6.2004704
6.1887765
6.1484394
6.5457397
6.833812
6.944034
6.888087
6.998789
6.877271
6.6711564
6.46849
6.5425324
6.3696165
6.330536
6.1613255
6.2616563
6.139252
6.329326
6.055233
6.0750737
5.997691
6.0855274
5.8993015
6.043244
5.9501853
5.999948
5.898236
6.082059
5.9148426
6.0570736
6.0584764
6.130841
6.1740975
6.3011003
6.258145
6.3359923
6.361799
6.4033074
6.4486322
6.584841
6.506529
6.512467
6.568044
6.656616
5.3531456
5.316511
5.4022107
5.4011683
5.3510094
5.33767
5.2756324
5.3108015
5.322238
5.3447547
5.323387
5.3333035
5.3733196
5.3211718
5.3048162
5.3706055
5.373803
5.357896
5.3750873
5.3427
5.406198
5.3922296
5.4251094
5.3965178
5.400116
5.4545255
5.456302
5.459055
5.4181685
5.486384
5.4615536
5.476565
5.502467
5.4701314
5.4772806
5.5257597
5.5005407
5.4896317
5.4483204
5.447693
5.478192
5.532127
5.5173903
5.5175185
5.5486255
5.5277257
5.536933
5.4886804
5.5680084
5.485668
5.5850463
5.5313354
5.5715055
5.5473595
5.6291966
5.6303596
5.6336684
5.646263
5.6651278
5.7158475
5.7365875
5.7471104
5.6580725
5.7914944
5.753254
5.7956347
5.745044
5.8324637
5.709491
5.770276
5.636064
5.7327733
5.6726794
5.748651
5.656404
5.7466083
5.656786
5.715814
5.6657968
5.759655
5.6705174
5.713499
5.676002
5.71552
5.6877317
5.7028594
5.667352
5.7048664
5.662267
5.6144137
5.6086135
5.689642
5.655505
5.6207204
5.6017656
5.583902
5.559381
5.5602574
5.561248
5.597469
5.604435
5.66211
5.685813
5.7043934
5.66415
5.7775297
5.712262
5.8175845
5.7063193
5.816156
5.6984687
5.748534
5.7071705
5.814665
5.7372284
5.835269
5.758713
5.8551273
5.8183246
5.7728367
5.8033347
5.845109
5.725816
5.761777
5.752241
5.684224
5.76578
5.6593666
5.773136
5.672525
5.7956514
5.584733
5.7544346
5.6735487
5.7425804
5.6759343
5.6912804
5.6865406
5.675981
5.6459465
5.684184
5.7125444
5.692557
5.706992
5.6569757
5.67481
5.669974
5.692688
5.6794167
5.6936555
5.6931853
5.682778
5.700168
5.727964
5.65052
5.648758
5.5430975
5.6181893
5.584223
5.623194
5.4638634
5.526535
5.6050253
5.594715
5.5627937
5.522661
5.524894
5.520838
5.449705
5.5053205
5.43587
5.535129
5.448204
5.5303273
5.460505
5.567971
5.4498577
5.5689664
5.588825
5.583314
5.4375668
5.5751305
5.4588165
5.587801
5.4484406
5.4461308
5.4926014
5.5284176
5.511069
5.4724784
5.494691
5.496411
5.4921412
5.496173
5.5031323
5.466268
5.4754786
5.471949
5.466704
5.4223437
5.3241787
5.3690996
5.3656406
5.346782
5.3023233
5.359583
5.3867464
5.4937954
5.460147
5.304842
5.400007
5.3170056
5.346014
5.2790594
5.283443
5.317836
5.353481
5.3304906
5.3501925
5.3113065
5.3562045
5.365553
5.449665
5.3336477
5.391967
5.334328
5.3706274
5.3692036
5.343283
5.3658466
5.34982
5.364455
5.3552866
5.354641
5.329893
5.2845373
5.3693633
5.356028
5.3673487
5.298058
5.3741574
5.3308825
5.3877172
5.331356
5.356102
5.340331
5.4287024
5.4375453
5.4171286
5.4518485
5.461573
5.478395
5.441516
5.444783
5.4820633
5.4433203
5.4841805
5.426074
5.4162173
5.393573
5.385719
5.364196
5.471816
5.3857737
5.4680924
5.453467
5.508693
5.454836
5.4959793
5.5964036
5.5038915
5.5443735
5.5935125
5.568972
5.663044
5.663399
5.5900164
5.593717
5.5570064
5.6096897
5.5765457
5.667558
5.670573
5.737489
5.728167
5.7354355
5.7204323
5.7343345
5.7195506
5.7117224
5.6961985
5.6760187
5.7112584
5.6313343
5.737577
5.6617274
5.7148194
5.6809316
5.7662797
5.708526
5.6901712
5.7078776
5.7703567
5.7284803
5.8371797
5.858143
5.7573385
5.895355
5.7722015
5.7101855
5.685382
5.6341786
5.764977
5.604442
5.7190657
5.607018
5.676542
5.5921183
5.705807
5.6219378
5.701572
5.590234
5.7373214
5.580798
5.615341
5.495868
5.6325397
5.45396
5.5871143
5.4564176
5.475377
5.4493394
5.4532003
5.460759
5.4255238
5.433014
5.4396358
5.41809
5.4825563
5.4291477
5.526069
5.4434767
5.599379
5.508822
5.5377703
5.6102657
5.5954146
5.660403
5.718133
5.708447
5.766182
5.6557045
5.7480254
5.7587414
5.853599
5.7881002
5.737901
5.885593
5.8079696
5.7330666
5.801861
5.712549
5.789673
5.802841
5.8275685
5.826252
5.823633
5.768642
5.863243
5.778699
5.7404065
5.765277
5.799783
5.809104
5.907631
5.8715115
5.909081
5.9266243
6.009957
5.9076495
5.950753
5.916986
6.0292926
5.880856
5.9203725
5.8697367
6.0064945
5.941662
6.011513
5.855188
5.853398
5.848316
5.828878
5.852606
5.90553
5.851853
5.8808393
5.869559
5.912375
5.8141594
5.849089
5.923808
5.835656
5.8420477
5.9145947
5.846839
5.790952
5.817374
5.793176
5.874602
5.8303723
5.8824778
5.802792
5.7447395
5.7604074
5.775674
5.848795
5.808362
5.825163
5.793932
5.8388467
5.7673297
5.7762794
5.9359756
5.7380834
6.0597057
5.9395356
5.895348
5.9669914
5.840087
5.9759603
5.8425493
5.9779263
5.850799
5.8368006
5.7963805
5.785906
5.796727
5.81116
5.860275
5.7434225
5.780643
5.692117
5.8413906
5.7906213
5.7873197
5.883429
5.8118377
5.8848305
5.835971
5.8516207
5.93583
5.8062873
5.8086786
5.7536163
5.7722425
5.731088
5.6964455
5.5941167
5.735115
5.6362457
5.682354
5.5231266
5.55517
5.49601
5.4866
5.4961333
5.510265
5.4952574
5.4753833
5.473362
5.414252
5.472055
5.4979844
5.636959
5.6158843
5.6259828
5.5627112
6.1916895
6.2938623
6.2401366
6.2709513
6.255322
6.3849683
6.4670715
6.4846435
6.4278574
6.4920955
6.5779467
6.5902014
6.564677
6.5585747
6.736486
6.6809072
6.771858
6.902241
6.8098407
6.846484
6.7626305
6.7030334
6.5382476
6.5404563
6.4912868
6.3403025
6.3774977
6.2614546
6.3217497
6.2208595
6.3411603
6.3656836
6.3757687
6.4300914
6.331813
6.388735
