10000
7.7511663
7.7336383
7.474722
7.2912226
7.1894417
6.899267
6.5796313
6.5403814
6.675042
6.906894
6.9860983
7.1260343
7.1691446
7.1728954
7.251561
7.314821
7.1587915
7.03864
7.1956244
7.199154
7.644444
7.709869
7.5958843
6.926891
6.2345257
7.2090306
7.5741596
7.577419
7.4143586
5.995137
3.9612405
4.0890512
4.45415
1.675623
4.737681
5.1534667
5.3300433
5.284127
5.223591
5.089226
4.98615
5.0474615
5.3287745
5.21907
2.2871335
1.0116674
1.6444869
4.0488214
4.505604
4.855664
5.3962846
5.9571667
6.2135377
5.819246
5.156636
4.8530955
4.7828107
4.8152137
4.82882
4.924266
4.8813777
4.947541
5.2595453
5.3029156
5.69263
6.05999
6.2501917
6.1202126
6.0539575
6.2787485
6.419018
6.429202
6.4691653
6.8605514
6.8785853
6.929858
7.142504
7.4040866
7.302209
6.856688
6.175352
5.089426
5.08995
5.358284
4.7284403
3.0807583
4.1960535
3.363512
2.271595
2.5456758
2.2722228
3.3748384
2.516499
3.3410869
2.4695768
2.3448908
1.7040496
2.0527296
3.3092308
3.3555138
3.9531095
3.0203168
1.5965356
3.2534719
3.4505455
6.8561025
7.8861833
8.2745285
8.402909
8.333027
7.875495
7.705563
7.84846
7.428889
7.165593
6.99419
7.123168
7.654096
7.7238503
7.48907
7.2767944
7.1529512
7.51935
7.910223
7.746316
7.676854
7.6484733
7.567624
7.508565
7.4003286
6.985631
5.8596935
4.505798
3.1374445
2.7186232
3.9494965
3.3956678
3.5788646
2.2066085
2.693754
3.162279
3.141158
3.5330255
1.9671817
2.2072825
1.704185
1.7232184
1.7259164
2.5742543
1.2010182
1.532597
2.9534914
1.8436958
1.7462015
2.10559
2.4126606
1.0678691
1.1188502
1.3751512
0.79510736
1.3079133
1.571745
1.4387032
1.5218277
1.1582371
1.3067777
1.2897882
1.2731341
0.81608754
2.0291595
1.0455555
0.79078215
1.5829674
2.4553237
1.1444263
1.2025425
1.6242919
1.750459
1.033788
1.0064002
1.7421857
0.9921875
0.85587937
0.7182546
2.85547
0.5237829
2.652057
1.5406878
0.7905363
2.9579432
3.2174969
3.410032
1.0324706
1.5454042
2.600039
1.7767913
1.6959796
1.4588414
1.1381407
0.77536666
0.61424106
2.249254
1.1957285
1.3955928
1.6242429
0.8964414
0.49530953
0.7426758
1.1621779
1.2965329
1.1306808
1.3520808
0.7785051
2.4621062
0.70179707
0.8427771
0.35868782
0.47962195
0.5970976
1.0011895
0.3172603
0.9428313
0.4197604
0.51440847
1.0783902
0.6288552
0.9900289
0.42061657
0.43533298
0.410249
0.40448558
0.4891899
0.41723502
0.42434695
0.67610854
0.6676807
0.3767699
0.37065017
0.35600814
0.39654297
0.3651164
0.30747744
0.594066
0.38367623
0.43932605
0.29295546
0.3747588
0.5231419
0.44155
0.3624444
0.37183735
1.7552756
0.37861812
0.34225458
0.5106873
0.3247363
0.32498068
0.3063106
0.89331245
0.32089305
0.2950965
0.28542277
0.35799134
0.33555382
0.40998548
0.2578798
0.32651332
0.32018843
0.32791045
0.3502675
1.5961795
0.33252117
0.3103783
0.33684808
1.9241389
1.1615244
0.22799648
0.28514272
2.1945558
0.41931102
0.34758398
0.9459367
0.79916596
0.33781782
0.30709863
0.26283702
0.229357
3.189321
0.28710473
0.27352846
0.25251824
0.30571744
0.29350746
0.27412727
0.32055777
0.45394355
0.3437692
0.2931882
0.56969917
0.5666876
4.3269672
0.26929614
0.3786381
0.33629033
0.33010757
0.2982388
0.2678889
3.0063438
5.3985653
5.5965495
4.873565
5.079376
5.007548
5.5696836
5.828155
6.286831
6.0617733
6.0721297
5.932152
6.0175447
5.978056
5.9597197
5.9622803
6.0256214
6.379878
6.580058
6.5535574
6.830145
7.1035705
6.9890375
7.092845
7.074358
6.943884
7.021136
6.750798
6.5680842
6.600046
6.8627577
6.9817834
7.2472796
7.0426054
7.4022384
7.7609863
8.2291565
8.210585
8.092041
8.2294035
8.4797535
8.1505375
7.965716
7.668052
7.641819
7.619213
7.5832195
7.618245
7.6000457
7.476063
7.424633
7.0599346
6.429311
5.815042
5.087572
5.0388203
5.4653525
5.6231265
5.814684
6.212842
6.3151236
5.983992
6.0176144
5.909838
5.659453
5.9205585
6.1333203
6.200324
6.0179124
5.875825
5.0250516
5.3321943
5.165268
5.381766
5.4081526
5.2678504
4.76501
2.437753
0.3217343
0.27911055
0.33293077
0.30987805
0.29311645
3.6073852
0.2677164
1.9641237
2.0193834
0.2898573
1.6840727
0.41027364
0.6994794
3.2969475
1.5021176
3.8501914
1.9744062
3.9542236
4.7144647
4.959386
5.2828693
5.2565107
5.2492747
5.31148
5.2719107
5.289831
5.3789873
5.4104257
5.3874116
5.3771567
5.4145517
5.3989325
5.5672674
5.6215496
5.659652
5.6614914
5.762933
5.8392196
5.8763084
5.987584
6.102256
6.050202
6.055078
6.0871243
6.1832256
6.1388497
6.093286
6.0851755
5.8652267
5.949653
5.887933
5.846678
5.794283
5.6473956
5.478477
5.2614446
4.512958
2.4797711
3.3607042
2.626188
2.9495256
2.3712041
5.300339
5.542211
5.143431
4.807399
4.339147
4.328287
4.3778806
4.1842914
4.293666
4.1152267
3.8635397
3.9477677
4.1752005
4.391233
4.418524
4.6827807
4.982978
4.9956417
5.054086
5.092091
5.170557
5.315356
4.959476
4.670489
4.566102
4.8700485
4.288262
3.7820287
3.0089343
3.1052527
2.420869
3.2529356
3.3332603
2.9180982
2.0652137
1.865307
0.65148807
0.59136194
0.60822767
0.7116409
0.7632745
0.7088533
2.5848444
5.319165
4.7732716
5.108923
5.1170516
4.7225337
2.0568645
1.9573148
2.4670815
2.7814684
1.3384427
0.27455506
0.5654256
1.5084312
1.5108559
2.1700406
2.864616
5.0934544
5.0154734
4.964748
5.0327883
4.9187717
4.743061
4.7387714
4.615749
4.398506
4.1533437
4.125246
4.095506
4.038637
3.853056
3.5191827
3.3775132
3.8190506
3.2837622
3.5477307
3.588387
4.0627747
4.6588144
4.7999306
4.8586483
4.858361
4.6472287
4.5004816
4.5493035
4.657935
5.266099
4.912589
3.7306843
3.7026074
3.5346422
3.4578772
3.5201468
3.5738091
3.66966
3.8083596
4.174217
3.7727938
3.9807222
4.027699
4.410425
3.3037457
4.0821295
4.102843
3.59526
3.5443463
3.6251936
3.5666077
3.5713751
3.520949
3.46559
3.4866376
2.3790967
2.3555875
2.383805
2.1556368
2.524929
2.8666778
3.1697216
3.2764125
3.3190935
2.8565977
2.862575
2.707166
2.3771722
2.9726303
2.2993405
3.197525
3.3701038
3.1960564
3.3200555
3.1714501
3.0952961
3.2054176
3.1072383
2.9559333
2.9172807
2.9443681
3.580141
3.0247748
4.383654
3.2044606
4.226004
4.395587
4.454107
3.1144943
4.407302
3.0562508
3.7342794
3.0094364
4.5713377
4.5496683
4.711678
4.752072
4.7813134
4.723776
4.969642
4.7235923
4.985168
4.9004254
5.1142545
4.9598308
5.0767183
5.053943
5.05525
5.1291237
5.136155
5.331974
5.320201
5.3661857
5.4293346
5.550734
5.5878706
5.7489653
5.452788
5.5013514
5.195516
5.273824
5.0368147
4.9338684
5.049544
5.001575
5.1302023
5.174216
5.201323
5.183248
5.4401975
5.3893147
5.3512583
5.2613387
5.432127
5.4369106
5.433481
5.504368
5.454205
5.3940654
5.2568555
5.260966
5.356269
5.286469
5.2538733
5.174055
5.219144
5.4234486
5.29374
5.4494443
5.376107
5.3457
5.200774
5.1082797
5.045629
5.1702104
5.0775046
5.0042477
4.9362392
4.8328705
4.7954893
4.687696
4.662746
4.634755
4.6701136
4.724527
4.690646
4.5814395
4.90294
4.859116
4.759299
4.894545
5.203209
5.548723
5.5853357
5.6936245
5.7787066
5.9461813
6.1241236
6.0064354
6.2321987
6.344385
6.4165382
6.4593587
6.460627
6.449328
6.341274
6.2961617
6.296817
6.29666
6.2863674
6.172644
6.0700655
5.881904
5.8088326
5.6650324
5.825341
5.914187
6.1678267
6.011444
5.996794
5.997075
6.062775
6.067384
6.331663
6.4424706
6.3787766
6.1699777
6.0021253
6.016144
6.0601234
5.8203945
6.146864
6.2543173
6.3772974
6.3784647
6.509722
6.454464
6.2909636
6.1778574
6.1192646
6.0792284
6.484514
6.3370595
6.265733
6.261085
6.3512707
6.211115
6.157589
6.312223
6.0408754
6.01764
6.052691
6.306941
6.2500257
6.066404
6.087293
6.034692
6.2056026
6.4035654
6.503272
6.5620933
6.1952233
5.886075
5.9940777
6.1268806
5.9945335
5.0476675
4.7820125
4.7913766
4.6793437
4.407029
4.1010356
4.0934963
4.4809628
4.4562616
4.477003
4.5010347
4.674675
4.619287
4.585565
4.526766
4.706704
4.83585
4.7305627
4.5561113
4.0867696
3.9437094
3.71522
3.9468656
4.0122705
3.8810396
3.8020153
3.9969974
4.101289
4.253641
4.310494
4.377694
4.398189
4.4141665
4.2690473
4.014168
3.7336202
3.522305
3.5994976
3.6397526
3.7657194
3.7738621
4.0081067
4.2519474
4.1602116
4.044941
4.2483397
3.5559623
3.759088
4.303879
4.5035048
4.44159
4.932363
4.827959
4.927656
5.3954887
4.8390427
5.7101073
6.3229623
6.716189
6.961473
6.7980857
6.4757876
7.0863676
7.0089126
7.163745
6.871007
6.9682612
6.984339
6.7758493
6.790859
6.787825
6.5410075
6.571169
6.7661667
6.5937867
6.3727655
6.010326
6.014676
6.0201116
6.185714
6.397827
6.395297
6.326566
6.2189155
6.1946793
6.182131
6.3471065
6.448031
6.1566
6.497471
6.152491
6.3804994
5.5213976
4.746012
4.5109124
4.045049
3.9328468
3.728002
4.6916056
5.283827
5.631028
6.2704816
6.3219247
6.5819693
6.546543
6.4484634
6.709238
6.756468
6.702562
6.407426
6.601819
6.735857
6.6269
5.937764
5.432541
4.436106
2.143934
3.6760225
0.33534083
2.4725804
3.5463219
3.813593
1.6645775
3.7680805
4.1136713
3.1460013
1.7345601
3.6584098
3.0250494
0.2980716
0.7305161
0.6562342
0.5810371
0.35342103
3.80358
1.3247507
3.7497127
3.7323036
4.237023
1.1723075
3.9364114
4.16958
5.3553452
2.909002
3.359167
3.5948212
3.3620856
3.8373969
4.657613
4.543498
4.6183887
4.48898
4.203306
3.8895223
3.7678463
4.0870876
4.2919803
4.908303
5.1069326
5.035592
5.36863
5.6940184
5.7456098
5.6837654
6.35202
6.8105927
7.0028353
6.9672647
6.795304
6.605031
6.557172
6.628866
6.7994576
6.821656
6.664948
6.309322
6.3664
6.253808
5.8000274
5.3410745
5.205495
4.8825903
4.711905
4.618665
4.686173
4.59163
4.8867126
2.9317498
2.992658
2.8113706
2.830248
3.870221
4.102897
4.690445
4.9245224
5.089711
5.2604175
5.265822
5.6254005
5.772603
5.994719
5.2929497
5.704859
5.704713
6.0069685
6.076512
5.976338
5.956874
6.0772686
6.1030607
5.987234
6.01165
6.011501
5.8394537
5.6681037
5.6042433
5.5650167
5.3564053
5.5059357
6.063446
6.279253
6.623317
6.41068
6.231554
5.983657
5.822227
5.9411516
5.9940524
6.3324943
6.629455
6.6911535
6.571295
6.8435984
6.4788113
6.418928
6.809591
6.3163886
5.3147783
5.96574
5.8421307
5.763962
5.8193655
5.449928
5.4453173
5.413456
5.4174137
5.2709026
6.0543513
6.573991
6.5343585
6.749521
6.5536857
6.3910728
6.2713556
6.089093
6.107911
5.9026833
5.730086
5.70739
5.720565
5.8105254
6.147553
6.0239
6.1363306
6.482165
6.599157
6.508297
6.6141596
6.7870865
6.84691
7.2295785
7.271193
7.263939
7.142426
7.253579
7.1940727
7.186891
7.252627
7.1804867
7.2872114
7.1405497
7.2039065
6.8899364
6.99236
6.910567
6.957251
7.193366
7.067906
7.3918743
7.434129
7.375743
7.256916
7.3459554
7.617226
7.2478504
6.8893747
4.529069
6.9003553
6.824272
6.916293
6.802781
6.755532
6.670495
6.480049
6.3605857
6.1421065
6.1506534
5.9548073
5.9374313
5.90256
5.984099
6.023011
6.1270437
6.2454305
6.156243
6.1959276
6.2895484
6.523748
6.5829954
6.6645975
6.669938
6.692283
6.57096
6.705592
6.583628
6.4496164
6.493325
6.475005
6.4412017
6.393473
6.489805
6.3325987
6.455763
6.544381
6.731226
6.6416016
6.6534915
6.6289387
6.8422832
6.9326267
6.958347
7.15324
7.4572496
7.639106
7.7576323
7.7442083
7.754964
7.741439
7.5554523
7.5894637
7.3647976
7.296484
7.462563
7.541782
7.502724
7.4810495
7.5592337
7.2915306
7.36922
7.253869
7.302806
7.1857796
6.9471045
6.9038534
7.015403
6.870609
6.858878
6.9578114
7.271715
7.324102
7.07152
6.855969
6.6508203
6.4919996
6.6248155
6.5999684
6.3178334
6.335222
6.34831
6.4025407
6.0286856
6.0143595
6.6161356
6.5201807
6.132847
6.266829
5.896433
5.5139604
5.1995664
5.1191754
4.951102
4.639387
4.826732
4.856653
4.761402
4.5233192
5.499019
5.278137
5.1450353
4.881046
4.9680195
4.8965306
4.7167487
4.95574
4.9755673
5.3176804
5.4061337
5.5424643
5.6606536
5.7311964
5.742996
5.584169
5.6890955
5.576066
5.611315
5.416345
5.861744
6.043371
6.2563877
6.3019648
6.215736
6.2471094
6.3748865
6.451871
6.7262983
6.6203823
6.619751
6.593377
6.6406665
6.5633264
6.5807314
6.3255324
6.105208
5.9692974
5.918538
5.875961
5.6570835
5.632672
5.621971
5.5708976
5.569964
5.62658
5.6694975
5.654183
5.6172504
5.6541033
5.7533245
5.7807555
5.696981
5.555006
5.578829
5.684243
5.8737044
5.7961407
5.9151654
6.0356884
6.023856
5.9968643
6.038966
6.359087
6.2878847
6.2696304
6.2669153
6.1196947
6.0032954
6.285048
6.4829135
6.4892063
6.2993107
6.4195213
6.6328807
6.840802
6.8586607
7.091376
7.01777
6.840537
6.539672
6.202573
6.1726274
6.1578884
6.157031
6.315449
6.541953
6.500948
6.885663
6.7749557
7.124543
7.1707525
7.236889
7.217042
7.284929
7.5005445
7.5122705
7.390882
7.5949726
7.5967565
7.6144204
7.5870795
7.9816713
7.919462
7.93037
7.7309265
7.652123
7.669468
7.570086
7.4024773
7.57837
7.284489
6.800703
6.63083
6.9462714
6.829676
6.7807355
6.709468
6.4799905
6.4457884
6.4638762
6.5422525
6.5719137
6.574442
6.7244797
6.4464755
6.1461134
6.1044703
5.7261276
4.631077
1.3596323
1.6260128
0.90030223
1.2915138
1.5070403
1.6920192
1.7561793
1.0744051
0.75470984
0.60078436
0.5682032
0.6181936
0.6121821
0.5868167
0.6475623
0.6569593
0.6843504
0.6211556
0.52576274
0.52294207
0.6490444
0.76244634
0.57399344
0.62429667
4.1221685
4.1399984
4.1741223
4.137913
4.227119
4.310507
4.2648754
4.3476467
4.332226
4.537678
4.537405
4.5215383
4.4377146
4.4545984
4.632701
4.5017295
4.5878673
4.5930266
4.52843
4.5498724
4.5828648
4.6537304
7.4763813
7.3218307
7.3479238
7.358819
7.235118
6.9983306
6.9164305
6.5571127
6.3270254
6.026905
5.7457485
5.6794415
2.4960203
0.4918713
0.5009145
0.6149725
0.5158454
0.4951958
0.35648724
6.290968
5.2653046
6.487402
6.424973
6.65302
6.6567874
6.71294
7.1604776
7.621887
7.903966
7.981832
7.823583
7.6593523
7.4154444
7.1915483
7.2235155
7.24411
7.1688957
7.1868486
7.1741376
7.13316
7.195801
6.34543
4.9953613
4.9048643
4.2785554
3.7642887
4.407099
3.60774
4.8651104
4.6942196
4.40725
3.8137085
2.5709736
0.52939266
0.5683844
0.9507668
1.6297928
1.077723
1.4071856
1.5436072
1.4704432
2.2130172
2.6566186
2.8792422
2.9895344
2.9870183
3.1389945
2.2723587
3.2274427
2.7089126
3.5634446
3.6032624
3.6620936
3.4683228
3.0183487
3.401713
3.642187
3.6251225
3.6841087
3.853608
4.8724074
4.081936
3.5471141
1.727865
1.8428694
1.1264539
0.56633073
1.1831231
0.4054085
0.744121
0.4129051
0.32213634
0.5249561
0.64430267
0.5165999
0.589387
0.67590994
0.6645962
0.74606633
0.7275217
0.6971308
0.8043367
1.1432889
3.5515718
5.2012315
5.359445
6.5453362
6.526542
6.382211
6.526435
6.6230063
6.730831
7.072324
7.292343
7.1242394
6.750521
6.311057
4.7961245
0.16038817
0.19527638
0.14747952
0.16349667
0.2291911
0.1992582
0.21722189
0.19413246
0.21059178
0.30106637
0.3512529
0.33427644
0.3907019
0.5621524
0.68994117
0.9656286
0.80126435
2.4054708
5.4376154
6.776474
7.0126
6.9173136
6.7238793
6.761988
6.69562
6.6551223
6.5770025
6.510639
6.4687285
6.614641
6.615156
6.5269527
6.6254873
6.569821
6.539438
6.5750713
6.619341
6.6571865
6.7408495
6.725963
6.7937126
6.8413897
6.990806
7.178935
7.2678814
7.309909
7.349537
7.4336786
7.44895
7.4980564
7.4983683
7.517581
7.4851303
7.423867
7.4701643
7.588938
7.57277
7.509635
7.513899
7.412115
7.363993
7.335291
7.306548
7.1658754
7.1002836
7.02249
6.988557
6.9228964
6.8610373
6.8615613
6.8307357
6.742874
6.671896
6.659571
6.5586176
6.488777
6.556327
6.4391584
6.469279
6.551549
6.553193
6.6223326
6.5683374
6.5612583
6.5681562
6.5021057
6.5360136
6.642162
6.6055694
6.660536
6.7698956
6.992407
7.1028814
7.1822386
7.2530375
7.1875863
7.363056
7.2874184
6.799464
7.0469637
6.9178443
7.051077
7.0383587
7.0565147
6.8097243
6.5390444
6.7924666
6.507417
6.4155855
6.422586
6.402957
6.3650303
6.2886114
6.3271904
6.3065443
6.165686
6.2150116
6.242649
6.225504
6.4186287
6.3978333
6.59147
6.669571
6.945866
6.8678484
6.9319077
7.0031934
7.0768657
7.0735235
7.1120796
7.194886
7.152807
7.2699857
7.2661705
7.2397366
7.1628895
7.143733
7.176835
7.2213078
7.2911134
7.126108
7.077423
6.9638076
6.766538
6.833203
6.4008994
6.432875
6.117568
5.808976
5.597939
5.6058564
5.473215
5.740405
5.942065
6.1981535
6.117897
6.0335217
5.9507256
5.901819
5.8206763
5.688046
5.5893445
5.7447143
5.7728505
5.8966155
5.98496
6.0865803
5.9410195
5.9531937
5.960567
5.9011164
5.934964
5.9496818
6.097532
6.236695
6.362578
6.436572
6.503493
6.592588
6.709018
6.90637
7.0151167
7.099345
7.165843
7.4581428
7.59005
7.4839854
7.4791975
6.687493
6.1976995
6.117609
6.626338
7.0178566
7.2502747
7.040646
7.6432533
7.676438
7.845814
7.6746483
7.538819
7.2279406
6.770567
6.4158583
5.880497
5.6358585
5.191483
5.252947
5.055533
4.9046984
5.145911
5.5134535
6.1232867
6.6009912
6.9399853
6.9981003
6.9534197
7.184759
7.219253
7.1188006
7.248698
6.9750524
7.095228
7.1910276
6.823434
6.9160814
6.964384
6.9356337
6.7236524
6.8045406
6.721333
6.8508286
7.087293
7.199021
7.261897
7.2565737
7.0766344
7.191506
7.199786
7.263156
7.021274
7.2440996
7.161589
6.759553
6.825878
6.9289794
6.65679
6.6111054
6.36927
6.512952
6.4255695
6.6433673
6.9722447
6.8512883
6.7224874
6.581918
6.657069
6.635602
6.475772
6.5026026
5.8865156
5.5145082
4.862661
5.71904
6.614949
6.456477
5.331532
4.5479245
4.078776
3.788162
3.822835
3.8416305
3.4769256
3.7907841
3.3321214
5.033156
5.0981345
5.853393
6.2208314
5.8008575
5.669944
5.7325783
5.90987
5.3201404
4.9580245
5.1402316
5.2182484
5.127414
5.199732
5.0953374
5.0014844
4.8601274
4.720897
4.6923013
4.565503
4.7032437
7.1464977
6.9365115
7.006846
6.670385
6.135975
6.618211
7.1600194
7.057407
7.196128
6.997881
7.2529907
7.426901
7.546484
7.338582
3.089405
2.4218187
2.3531096
2.2572737
2.716956
2.1002574
2.221949
2.20026
2.309652
1.7278329
0.39974418
0.64409125
2.468116
2.3610623
6.9122043
7.0072446
6.9324985
7.083333
5.7458725
6.8767385
6.7511683
6.6576743
6.430782
6.4089375
6.1055593
5.830288
5.8274612
5.681353
5.978891
5.920238
5.9890556
6.032745
5.9883366
5.95632
5.737658
5.519368
5.334608
1.8212558
1.9003477
1.9645442
1.7894499
1.0990022
2.149796
3.8583167
2.1708682
2.1851854
3.1082053
1.6956457
2.722555
2.2977934
2.299415
2.3635948
2.286127
2.9796011
0.19962706
2.9461648
0.18224575
0.3075494
0.44434208
0.5398227
0.46631694
0.41579473
0.32850325
0.29640383
0.55890906
0.4492396
0.85064155
0.65160114
0.22094971
0.2063255
0.20975539
0.2302143
0.2485046
0.3035222
0.32330593
0.2649947
0.35096243
0.2602191
0.2641232
0.23819187
0.26549783
0.2615309
0.24745108
0.51587015
1.9522094
0.21107261
0.20682551
0.19918261
0.27091023
0.21140783
0.18450728
0.24401289
0.26844275
0.32775462
0.52470505
0.7219119
0.8078531
1.1985064
0.97240734
1.8868228
0.78372526
5.3528733
5.8180857
6.2730074
6.4109983
6.3714952
6.356926
6.33972
6.343553
6.4773693
6.4883146
6.482286
6.3947678
6.339389
6.289695
6.0887914
6.109923
6.089921
6.13558
6.276868
6.474428
6.4715858
6.4812098
6.5801954
6.492726
6.5109954
6.400092
6.3081007
6.3155746
6.366627
6.410364
6.355235
6.220402
6.3239446
6.42192
6.3083744
6.3413076
6.373983
6.522901
6.6808205
6.7114096
6.8586235
6.8960123
6.9404583
6.7753696
6.885376
6.7407575
6.841412
6.803529
6.7735605
6.7194266
6.7664576
6.6316843
6.709145
6.744863
6.8944163
6.8378763
6.9952354
7.028059
6.9706907
6.881048
6.696503
6.5463796
6.5098653
6.534034
6.0612164
5.5026846
5.4790273
5.601963
5.8019958
5.916539
5.7538095
5.859709
6.32434
6.8219795
7.1343055
7.1304617
6.6645837
6.2851253
6.3143787
6.1757493
6.1774545
6.620604
6.702819
6.8291597
6.6630454
6.7570963
6.6617484
6.570037
6.657431
6.4186983
6.467328
6.571764
6.631124
6.8055515
6.9502945
6.794302
6.64863
6.562356
6.7046747
6.9169073
6.8898005
6.907924
7.1892323
6.473607
5.9220033
6.094478
6.290766
6.0488505
5.825022
5.2364283
2.687751
2.9232755
2.8020654
2.5172958
2.4520843
2.4013953
2.3245063
2.686115
2.8221326
2.6200788
3.5607357
3.4251962
3.1081178
2.8869042
3.061243
4.503655
5.7432876
6.3413005
7.0554676
7.381813
7.5794487
7.4723396
7.5152597
7.4445987
7.348255
7.7027607
7.2901545
6.8711185
6.842302
6.891537
6.8662124
7.1183968
7.174924
7.0284204
6.7603874
6.5702033
6.7053213
6.8288093
6.785597
6.5293465
6.4984736
6.1402335
6.1857557
5.9353876
5.6228786
5.2283406
4.9638515
4.920765
4.745438
2.727775
4.1297503
4.110961
4.0634913
4.1204753
2.9901357
1.8402789
4.082906
2.6416605
3.083669
2.9452517
3.3855116
2.135372
3.0018713
1.3181975
4.120585
2.6860132
4.287731
3.4721715
2.8307004
0.46118551
0.69724643
0.20263894
0.16379665
0.16103134
0.13326694
0.32601961
0.4447855
0.20577443
0.13967812
0.17713588
0.3545364
0.13535163
0.17986071
0.23692752
0.1961546
0.12030271
0.1928691
0.33313134
0.18627107
0.17492792
0.2070254
0.2410544
0.436082
0.20589396
0.2320438
0.3755947
0.1832614
0.21681169
0.2242949
0.34680703
0.21477386
0.21165957
0.2052057
0.21850064
0.17900687
0.13479152
0.24036416
0.18066996
0.16059202
0.1730329
0.16399756
0.15875714
0.19751106
0.2055724
0.1591582
0.13318604
0.14270249
0.16437976
0.16025528
0.14465329
0.14785774
0.19550897
0.17609565
0.07304246
0.17102098
0.7932974
0.23945658
0.3320185
0.2742355
0.191327
0.53147256
0.2301622
0.24768063
0.23343593
0.30542538
0.33903974
0.31339484
0.24114156
0.22317919
0.21255678
0.18542308
0.24083546
0.17581448
0.17460835
0.18413551
0.24916819
0.44924873
1.0190616
1.1818717
1.7185822
3.0596027
3.8911452
3.0461159
3.2083673
2.9923356
4.29861
4.2870317
4.241316
4.027498
4.101438
4.0161977
3.960736
3.851591
4.911003
4.068013
3.7808867
4.091256
4.0003753
4.1705146
3.7270036
3.8169274
3.541991
3.6413822
3.7729225
3.2033317
4.0864153
3.8311641
3.0661178
4.3753786
4.1247625
3.6180358
3.4511106
3.048295
3.819961
4.80453
5.470572
5.2175503
4.9217463
4.7403283
5.0792894
5.6095915
5.89864
5.896066
6.0804534
6.154969
6.2727327
6.4869337
6.6107807
6.390312
6.217597
5.924677
5.836308
5.974963
6.1741085
6.1654167
6.2725844
6.337223
6.2370453
6.3350863
6.43398
6.214837
6.0495586
6.0035887
6.047551
6.2952213
6.482251
6.651889
6.865658
7.123165
7.0305576
6.955036
7.029876
7.1395826
7.1761146
7.2065973
7.128229
7.1374836
7.217288
7.155694
7.034852
6.804625
6.6837344
6.5657916
6.6632905
6.526024
6.880929
6.8265734
6.925552
7.0241756
7.0239573
7.0549736
6.767176
6.6409664
6.6645074
6.585703
6.5582504
6.704119
6.8053846
6.7437353
6.584755
6.667782
6.7221985
6.585033
6.4747796
6.3908033
6.0665574
5.6081285
5.217935
4.729071
1.0714836
1.182665
0.8265234
1.1366245
0.97122395
0.766448
0.72370374
1.1220123
0.9084608
1.1497995
2.0624526
1.1944742
1.7000883
1.178192
1.2961721
3.181909
1.2119886
2.1124563
3.26
1.5440992
3.207664
3.4210145
3.4112656
3.3153138
3.6787572
3.580121
3.7128458
3.681766
3.5158954
3.9094367
4.477239
3.0219038
3.0187333
3.0887258
4.059392
3.2601404
3.0150244
3.5762687
3.5252452
4.1202097
3.7737992
3.6895409
3.5053372
3.5427926
3.6797671
3.755194
3.408537
3.217706
3.0880847
3.2127302
3.2787986
3.7099566
3.5024784
3.3988903
3.225913
3.2556877
3.2846422
3.203154
3.4912214
3.7588181
3.9220946
3.5265732
3.9068296
4.234693
4.438921
4.8699784
4.9766665
4.9959474
5.183855
5.428898
5.231142
5.0678515
5.0589657
5.282699
5.7420654
5.8987217
5.918865
5.930973
6.081253
6.11765
5.812602
5.8009334
5.375353
5.1042967
4.835397
4.843299
4.8556914
4.941368
4.923245
4.812797
4.749857
4.8846664
5.071125
5.1211905
5.2495046
5.300291
5.5330157
5.5561132
5.8454657
5.908658
5.8535485
5.9792
6.065214
6.260755
6.575259
6.5522327
6.4403872
6.5710998
6.7284803
6.787901
6.840527
6.889332
6.7458124
6.744054
6.935165
7.1131444
7.0777617
7.0054855
6.8082137
6.846159
6.699577
6.6555023
6.762108
6.6900454
6.6390905
6.811754
6.6883965
6.746031
6.546364
6.4314823
6.1941004
6.0589037
6.3929305
6.5119143
6.4432087
6.061338
5.7622447
5.5757456
4.956565
5.7706037
5.08111
5.332366
5.9180827
5.740511
4.922071
5.227161
5.4921117
5.593013
6.07315
5.8796625
6.1115017
6.29433
6.2862635
6.824724
6.7844753
7.240697
7.616526
7.753544
7.656068
7.8266907
7.7977695
7.9951963
7.913375
7.1562805
6.5940742
6.503929
6.5886
7.0510855
6.7527323
6.6261263
6.901547
7.092291
7.3484664
7.7246304
7.7896667
7.8532767
7.717526
7.6191072
7.39816
7.0759654
7.318194
7.4200172
7.3754077
7.2460546
7.0952578
7.0060625
7.365554
7.2947273
7.200488
7.2555637
7.3276024
7.315126
7.540067
7.752765
7.7035556
7.7989025
7.874416
7.8342514
7.578393
7.497395
7.464273
7.4490905
7.326301
7.2109885
7.0653434
7.2787037
7.2079396
7.2741437
7.3810377
7.506074
7.175384
6.7569103
6.2909346
6.5672646
6.571575
6.6027493
7.1084037
6.946031
6.7962837
6.755322
6.656442
6.627166
6.5999823
6.7140365
6.7436247
6.8191795
7.0075235
7.025335
6.846519
6.879252
6.891659
7.040721
7.1293097
6.910696
6.8270874
6.7104683
6.9380813
7.2459884
7.1542106
7.2372136
7.378787
7.3826685
7.570947
7.4478445
7.5927143
7.3526535
7.2759132
7.404023
7.2687507
7.189804
7.0559573
6.924724
6.8408403
6.6563272
6.6141124
6.6939015
6.7020874
6.721612
6.6293774
6.4997587
6.433481
6.320117
6.3146715
6.222205
6.162645
6.1814837
6.2619963
6.260417
6.185319
6.2191133
6.1129704
6.2330384
6.1413865
6.048254
5.9662385
5.94687
5.8261533
5.9741273
5.979025
5.9249268
5.970916
5.988624
5.9926157
6.058687
6.1531625
6.014439
6.121675
6.0472865
6.040907
6.2133284
6.4526134
6.3573427
6.4541035
6.729412
6.648904
6.8162317
6.792689
6.796562
6.8010497
6.8593097
6.9935737
7.2757626
7.468863
7.4475536
7.3335075
7.3460283
7.294175
7.233841
7.2670717
7.139965
7.260537
7.1866875
7.2217584
7.1808195
6.8721037
6.916945
6.6866508
6.6635056
6.540615
6.592161
6.6341934
6.579573
6.619713
6.645396
6.6738586
6.519661
6.545627
6.5265985
6.4940996
6.483167
6.393951
6.33856
6.321249
6.304495
6.4667053
6.451635
6.3954983
6.48328
6.669379
7.059411
7.1433935
7.0920115
7.196747
7.3116727
7.337939
7.4183936
7.547017
7.6316743
7.530463
7.587833
7.58405
7.768531
7.7829437
7.772095
7.750694
7.7059994
7.510763
7.104169
6.8796387
6.6823716
6.6185703
6.5005465
6.3184075
6.2078223
6.027265
5.9107714
5.893036
5.9190555
5.931855
5.8348646
5.7908974
5.7442374
5.7329283
5.7959914
5.9379425
5.9102306
6.0728283
6.1552095
6.1109953
6.166604
6.2184944
6.278821
6.404163
6.6339607
6.7862782
7.0901237
7.452848
7.642537
7.881707
8.066083
8.227678
8.213442
8.056221
7.990358
8.09142
7.7989874
7.8591824
7.715966
7.6700892
7.497748
7.4690657
7.3256474
7.2587605
7.299918
7.3539877
7.309927
7.3523474
7.445866
7.253572
7.0660796
7.0323467
7.095661
7.040056
7.1552024
7.0893435
7.027476
7.105777
7.3535256
7.4508295
7.7703648
7.739715
7.868309
7.8116207
7.873036
7.739502
7.7566
7.930385
8.22682
8.165577
8.235374
8.115447
8.164726
