10000
9.127787
9.237339
9.192933
9.400251
8.924651
8.979169
9.303621
9.143334
9.288082
9.190903
9.101267
9.146957
8.96075
9.052393
9.05073
8.948616
8.835332
8.651088
8.737596
8.808561
8.737021
9.031337
8.938594
8.669904
8.637942
8.496958
8.630328
8.524183
8.505781
8.263124
8.211666
8.1558895
8.358337
8.497126
8.436264
8.527546
8.633093
8.384263
8.865999
8.652437
8.64943
8.383401
8.490876
8.619643
8.734443
8.451989
8.339081
8.744383
8.748729
8.735376
8.87012
8.829724
8.85479
8.82805
8.7623205
8.773772
8.789803
8.881706
8.794476
8.781947
8.784873
8.850273
8.7644415
8.745443
8.815363
8.720582
8.679265
8.693654
8.568496
8.687887
8.645616
8.500792
8.796103
8.675664
8.780859
8.703588
8.829639
8.815722
8.883268
8.845203
8.831345
8.834725
8.691317
8.731329
8.723717
8.620288
8.66275
8.667093
8.66501
8.72093
8.706739
8.708505
8.578754
8.590668
8.566028
8.644236
8.6141205
8.604949
8.544366
8.358913
8.467902
8.400184
8.760496
8.588151
8.45771
8.557268
8.584909
8.5357685
8.5968685
8.643648
8.582461
8.647244
8.694012
8.677563
8.766079
8.80623
8.771394
8.78038
8.623205
8.609898
8.556456
8.389739
8.422105
8.456352
8.37291
8.339344
8.470486
8.620353
8.534639
8.511654
8.535322
8.557374
8.496249
8.367115
8.434965
8.431707
8.45691
8.406258
8.49933
8.472472
8.594536
8.715666
8.7809305
8.849515
8.661643
8.822121
8.87819
8.889329
8.78208
8.750099
8.743676
8.709786
8.84445
8.744994
8.847858
8.485472
8.318561
8.265938
8.340072
8.506198
8.537747
8.727784
8.796745
8.827279
8.85061
8.707622
8.845174
8.891986
8.873906
8.818883
8.628329
8.694814
8.643448
8.565095
8.470393
8.502598
8.369924
8.504987
8.5240135
8.41911
8.414885
8.405298
8.38711
8.500768
8.466912
8.519143
8.586726
8.710473
8.562944
8.671988
8.849221
8.776601
8.71142
8.558474
8.365812
8.361824
8.357162
8.460438
8.323714
8.646438
8.409857
8.511326
8.383627
8.296768
8.128922
8.088106
8.062096
8.071298
8.117979
8.012078
7.981717
7.8286
7.8370285
7.778185
7.7531624
7.758862
7.8385563
7.828744
7.9241395
8.058422
8.142295
8.017147
7.977375
8.012466
7.833705
7.771217
7.697807
7.701039
7.6270146
7.698093
7.6940975
7.724463
7.813842
7.844394
7.9378324
7.849988
7.821801
7.8231926
7.9184246
8.049479
8.134421
8.015796
8.129331
8.053051
8.017728
7.994608
7.893813
7.9406366
7.895893
7.5256596
7.78494
7.5812063
7.8514314
7.6814237
7.8643036
7.9181156
7.849182
7.9121776
8.055623
8.03011
7.9905014
7.903394
8.086809
8.055786
7.8919673
7.9915667
8.118226
8.054339
8.091423
8.290121
8.4317875
8.381284
8.439154
8.355868
8.468558
8.27461
8.200717
8.201253
8.147504
8.219752
8.216738
8.420229
8.444971
8.4191475
8.593317
8.398229
8.124969
7.958645
7.9273634
7.9590764
7.9312916
7.9954424
7.958993
7.9782467
7.9974113
8.108925
8.018586
8.223178
8.268423
8.229875
8.261651
8.118757
8.256743
8.138027
8.042199
8.01788
7.980843
7.9311123
8.099622
8.00458
7.8270826
7.742971
7.7168536
7.874225
7.8661785
7.6263022
7.8984885
7.7424994
7.8761272
8.013563
8.200879
8.100257
8.107591
7.690969
7.463122
7.403575
7.4186726
7.505205
7.603936
7.7116394
7.6550283
7.565827
7.390774
7.5245056
7.6180263
7.544406
7.5341105
7.5524907
7.7341976
7.673466
7.5882225
7.496424
7.5214987
7.492515
7.5673404
7.684962
7.8842554
7.9745264
8.201459
8.14433
8.259208
8.327937
8.391161
8.324776
8.349377
8.252997
8.243091
8.276329
8.2537
8.1866455
8.271399
8.111681
8.133135
8.003209
8.003014
7.8991776
7.8806148
7.873359
7.6888623
7.4677296
7.5849338
7.4870377
7.271591
7.3779364
7.3203063
7.4463463
7.333854
7.388511
7.493518
7.3273606
7.5470896
7.6403255
7.6155033
7.7370787
7.7177253
7.8798738
7.9715934
8.019771
8.090391
8.054007
8.088375
8.009951
8.009669
7.9355454
7.766909
7.6930447
7.964565
7.672788
7.5845838
7.82852
7.983559
8.108878
8.252731
8.384734
8.443638
8.302247
8.247443
8.015524
7.851332
7.713521
7.4401884
7.4876156
7.443242
7.2829204
7.3644366
7.3920565
7.3861156
7.4601927
7.5508513
7.646725
7.6952453
7.663326
7.5185375
7.471901
7.491184
7.4515066
7.517384
7.6844487
7.3261547
7.457917
7.5449505
7.478554
7.6184654
7.2056675
7.2693624
7.4087753
7.160029
7.1382513
7.0877414
7.4358172
7.2032824
7.1500645
7.037183
6.901585
6.9174266
6.8019385
6.5650806
6.471745
6.210541
6.2514725
6.2496557
6.158805
6.2984395
6.2424455
6.3964133
6.4667583
6.6210365
6.7272496
6.6310487
6.630042
6.487059
6.4439588
6.3618956
6.3399334
6.4752316
6.275493
6.247994
6.4003396
6.7967873
6.6852317
7.0122075
7.2530355
7.045227
6.8644733
6.606897
6.236472
5.9598093
6.037102
5.921297
6.04013
6.4144316
6.232284
6.1798654
6.4285183
6.2614536
6.3650393
6.3944197
6.171111
6.1385813
6.1573367
6.2098656
6.1663837
5.9779906
6.2251678
6.0581436
5.8178835
5.7122693
5.5281324
5.2951493
5.142581
5.2097807
5.162008
5.304763
5.2422557
5.1745205
5.434345
5.455937
5.375205
5.4577417
5.509721
5.4159007
5.416341
5.3070693
5.243495
5.2539606
4.9319153
5.413785
5.2785397
5.409402
5.408919
5.211732
5.3726315
5.622846
5.3841825
5.5145993
5.290597
5.3858995
5.1029468
5.1475224
5.298851
5.553108
5.58838
5.9718823
5.866088
5.992889
6.1951323
4.6730313
5.2549777
5.319564
5.444172
6.0612016
6.40734
6.249667
6.4366517
5.9387918
5.9586143
6.0757265
6.127733
6.399161
6.592278
6.6336265
6.548985
6.5020957
6.582455
6.537484
6.6841326
6.9928756
6.536573
6.538916
6.316119
6.026055
6.362273
5.6151457
5.862688
6.2140455
6.3387685
6.10627
6.326929
6.2245917
6.2480736
6.2095466
6.307632
6.396123
6.231791
6.1494517
6.1193957
6.478679
6.6596484
6.8907404
6.7100325
6.3379097
6.3375616
6.366511
6.3411093
6.058306
6.0085034
6.0379825
6.136358
6.0887456
6.241237
6.1911554
6.0120068
5.8719897
6.034138
6.0754232
6.219835
6.3332653
6.245469
6.3297997
6.415697
6.5786467
6.6972566
6.538863
6.664816
6.6527066
6.5125685
6.366165
6.423197
6.2256827
5.9470153
6.0082183
5.8421793
6.2879868
6.214949
6.5298877
6.4477663
6.547412
6.6298876
6.961645
7.0324407
7.0597215
6.81483
7.193667
7.22314
7.087494
6.730457
6.7647133
6.7686596
6.854382
6.472254
6.551193
6.518611
6.5797305
6.496701
6.4580655
6.601296
6.3775673
6.4079056
6.424412
6.604539
7.037256
6.950725
7.053725
7.0346713
7.307727
7.0527873
6.880414
6.8523083
6.9298086
6.8097315
6.566848
6.440487
6.63931
6.4706087
6.6533995
6.8513236
6.914278
6.7731104
6.6624985
6.8331027
6.806262
6.668357
6.968213
6.4967566
6.66476
6.4818535
6.5057592
6.653425
6.926814
7.013795
6.8590984
6.468654
6.177182
6.2174973
6.1471276
5.868817
5.778636
5.619037
5.453577
5.2230506
5.113465
5.2078776
5.4469886
5.598957
5.3424563
5.2927938
5.507577
5.7009287
5.6346827
5.2914143
5.1768312
5.621102
6.2079515
6.447213
6.605756
6.278686
5.9456134
5.6643205
5.20713
5.189893
5.0583925
5.0660114
5.3306937
5.6332808
5.725272
5.8473296
5.9479017
6.2519526
5.9760003
6.1702976
6.1208825
6.6685033
7.0321803
7.1893506
7.1353908
6.982691
7.1944103
7.5035706
7.5672755
7.494211
7.51699
7.343275
7.316294
7.18771
6.9753876
6.77522
6.807071
6.6300097
6.46159
6.172988
6.3876333
6.43394
6.2449226
6.4181113
6.2633085
6.238403
6.1695385
5.8654757
6.015345
6.2042274
6.349908
6.267147
6.398433
6.576002
6.426569
6.637454
6.4373417
6.428222
6.6329045
6.739885
6.8538547
6.910874
6.8607454
6.4457836
6.062449
5.8834662
5.8551702
6.2029743
6.245861
6.315357
6.393465
6.3838263
6.5620456
6.4562893
6.3223634
6.407452
6.4218607
6.304618
6.1965446
5.834739
5.4793673
5.5097694
5.768829
5.8877373
5.6737003
5.3312845
5.105413
4.830986
4.70942
4.9387054
5.261364
5.4414144
5.3764277
5.2796955
5.390009
5.578074
5.5536766
5.472498
5.7938232
5.509051
5.571328
5.4075513
5.3752294
5.569505
5.470612
5.540549
5.6461425
5.9864025
5.966535
6.1782436
6.3057327
6.187843
6.3490815
6.232224
5.843395
5.7735577
5.8425665
6.0463367
5.9891953
6.137207
5.9335055
5.8386426
5.8878417
5.8012214
5.721824
5.6058483
5.7602963
5.811229
6.1903644
6.3302956
6.204767
6.187538
6.031039
6.3823853
6.267962
6.349235
6.542466
6.430555
6.2472796
6.360595
6.463659
6.5365047
6.774545
6.71373
6.7328634
6.7907324
6.638451
6.7706795
7.003345
7.1276727
6.841402
7.1076026
6.8984118
7.1330776
6.9434557
6.712224
7.011257
6.841483
7.088439
6.9843044
7.1258297
6.856348
7.340693
7.2533064
7.5291195
7.4549756
7.44274
7.312902
7.5543203
7.285796
7.2325125
7.1333084
6.90364
6.98993
7.084829
7.018424
7.101069
7.0874267
7.129189
7.24091
7.218752
7.137526
7.1999846
7.2253637
7.3037643
7.1974545
7.183371
6.959656
7.2127085
7.0896893
7.1829004
7.1542025
7.1922026
7.264844
7.2032347
7.0165973
7.199843
6.9013853
7.156754
6.742339
6.589601
6.36907
6.0941806
5.872898
5.9834857
6.04292
6.203349
6.14317
6.0459833
6.157523
6.133133
6.473538
6.3776627
6.58113
6.5228524
6.374717
6.779079
6.496586
6.6252937
6.5381455
6.739786
6.7766447
6.704717
6.74523
6.946935
7.15459
7.356104
6.991289
7.0322104
6.902424
6.9848437
6.752815
6.6755757
6.6755958
6.605031
6.7826023
6.8145638
6.9680543
6.791317
7.034255
6.8371277
6.9308887
6.888124
6.960772
6.852353
7.022318
6.913269
6.9509687
6.8640757
7.1016355
6.940377
7.144084
7.3081427
7.0345488
7.1537576
7.079002
7.2951107
7.2806997
7.4317865
7.3236547
7.1085196
6.880704
6.7823033
7.155972
7.086142
7.094595
7.0414286
7.1718106
7.2073507
7.0739775
6.8497286
6.5772924
6.5136104
6.601783
6.750504
6.4863997
6.5047255
6.533828
6.759063
6.5731783
6.650532
6.4728966
6.5997853
6.741035
7.072385
6.84113
6.5143857
6.1774354
5.9513464
6.239426
6.5285735
7.01496
6.991373
6.8617754
6.6955166
6.825617
7.043112
7.049038
7.0484505
7.077483
6.9872956
6.666896
7.0217032
7.123852
7.3110237
7.13944
6.935837
6.914497
7.002409
6.866031
6.5991025
6.802003
6.831456
6.610041
6.6397705
6.519682
6.7221317
6.5916424
6.523597
6.6948166
6.591855
6.9035587
6.815468
6.8433986
6.701981
6.915718
6.7657976
6.915801
6.963371
6.909228
6.9762335
6.79955
6.5624156
6.4558997
6.4476013
6.351184
6.3933315
6.254165
6.6106653
6.6288676
6.380089
6.515334
6.764935
6.7412415
6.730216
6.583454
6.896374
6.7649117
6.8502874
6.676544
6.683136
6.568722
6.6172476
6.7756767
6.8799057
6.8857026
6.919492
6.8728952
6.7554255
6.806175
6.7410994
6.756378
6.6803803
6.687931
6.551403
6.4794908
6.1678734
6.332087
6.3423305
6.1349792
6.221915
6.2526073
5.6777916
5.590941
5.678545
5.6353693
5.578899
5.722292
6.0042405
6.453756
6.9554887
7.0999784
6.682004
6.729805
6.742777
6.7559195
7.0242047
6.937036
7.0488377
6.7222843
6.4015093
6.115616
6.157288
6.1578517
6.0329385
5.9527345
5.6758575
5.868599
6.2141304
6.062037
6.160615
6.9443703
7.102949
7.035427
6.8336735
6.6833777
6.848014
6.891625
6.9578342
7.0486536
6.9717417
6.900196
6.8704996
6.9573593
6.6790257
6.68563
7.001626
6.9060035
6.451684
6.114194
5.696956
5.3973155
5.5462804
5.7320185
5.8913727
6.066928
5.9944053
6.1772385
6.1952558
6.19508
6.15738
6.4595385
6.3903418
6.3677454
6.6739235
6.565041
6.7298946
6.465924
6.333168
6.6176205
6.4861045
6.532464
6.6112695
6.7180424
6.7760797
6.805556
6.8493204
7.013402
6.975648
6.8975983
6.992552
6.8540287
6.7210894
6.7519746
6.732092
6.7133045
6.833119
6.8024964
6.621821
6.4264684
6.415641
6.3846436
6.2414308
6.277774
6.2756863
6.068275
6.0936003
5.8348923
5.9240675
5.949354
5.857171
5.897065
5.8989573
5.847297
5.9509196
5.9474564
6.057045
6.5030622
7.222329
7.3469453
7.116628
7.035355
7.0270147
6.89258
6.939347
6.820299
6.362278
6.5325
6.4061813
6.434632
6.575429
6.6545963
6.6730733
6.7244005
6.754198
6.829254
6.841671
6.7003126
6.9576406
6.8843985
6.826633
6.904573
6.8179855
6.8396826
6.642675
6.5493536
6.7915964
6.464367
6.6831484
6.6847715
6.845003
6.7795806
6.9185467
6.8190565
7.0570326
6.7555065
6.8301353
6.6016393
6.5724897
6.6689005
6.784502
6.9917936
7.0397944
6.85999
6.8128643
6.9970856
6.9356046
6.768159
6.7143297
6.699909
6.748644
6.8920608
6.9317594
6.800519
6.8830395
6.9487934
6.9851465
7.0177913
7.1828446
7.0174627
7.258155
7.132755
7.2804165
7.4390726
7.491006
7.305489
7.2936015
7.41606
7.3903103
7.323553
7.5166817
7.5921764
7.5468674
7.617193
7.2072334
7.1810465
7.271425
7.3196416
7.2810245
7.23519
7.2591295
6.9922643
6.912204
7.0031686
6.926691
6.913843
6.8320127
6.713899
6.566245
6.5780926
6.618471
7.057319
7.301689
7.231902
7.20117
7.0183916
6.964327
7.1411552
7.0843
6.984944
7.173581
7.0430913
7.0764847
7.14038
7.1350894
7.027564
7.05268
6.919278
7.1945467
6.977254
7.0214562
6.9411297
6.7912087
6.825804
6.91106
6.6972437
6.5831304
6.7196136
6.539713
6.3909054
6.25892
6.3161325
6.298962
6.2510686
6.216326
6.2239165
6.200531
6.098672
6.1667824
5.8076725
5.701101
5.606167
5.5554996
5.8188977
5.930371
6.0809007
6.1182885
6.03189
5.933405
5.7115965
5.932375
6.009773
6.1762595
6.17245
6.5846124
6.5270343
6.335696
6.45777
6.5916286
6.5864964
6.6054273
6.5413227
6.479273
6.5759845
6.7949686
6.5284038
6.4687796
6.465188
6.5729923
6.594249
6.673845
6.800737
6.193386
6.040234
5.957305
5.9020553
5.9123397
6.0159063
6.1682024
6.070797
6.0165687
6.154396
6.153332
6.3016915
6.317805
6.3710313
6.4480653
6.6815724
6.7033925
6.7143793
6.8575892
7.100936
6.684685
6.6048326
6.61328
6.7209764
6.6490283
6.443227
6.5028844
6.655525
6.6863313
6.665692
6.4693503
6.469139
6.4536033
6.5045805
6.5866075
6.6864157
6.769951
6.6552525
6.5362725
6.4180875
6.374377
6.4460654
6.6197085
6.571406
6.82708
6.897803
6.770535
6.5817695
6.496067
6.48459
6.5207624
6.63839
6.5877013
6.5191793
6.4733825
6.652971
6.7325034
6.712343
6.64857
6.570936
6.3818946
6.301647
6.3107586
6.2419925
6.3589993
6.1528006
6.237949
6.62936
6.374281
6.3911514
6.4027405
6.2401094
6.116147
6.306307
6.349354
6.3052917
6.319478
6.067125
5.9995594
6.1120906
6.1913514
6.2869987
6.3928313
6.326862
6.3178415
6.264993
6.3005047
6.397031
6.475641
6.4473414
6.3575716
6.3004594
6.159664
6.105365
5.989355
5.9593678
5.9063888
5.826925
5.792846
5.8368196
5.845163
5.7881484
5.857571
5.724891
5.7362146
5.7437797
5.8336782
5.8064938
5.759215
5.449238
5.328165
5.148695
5.092288
5.1403637
5.13051
5.2937765
5.1149735
5.3160496
5.6354265
5.9202414
5.8819604
5.8334637
5.7605486
5.877684
5.7909102
5.749591
6.2454996
6.4007215
6.221444
6.1474533
5.9829297
5.688902
5.5468364
5.7328157
5.6095896
5.639298
5.775436
5.515127
5.4950867
4.854467
5.030924
4.789902
4.9211526
5.2126513
5.5156374
5.1766434
4.9280906
4.72886
4.9825187
5.091374
5.340497
5.4209547
5.507066
5.395504
5.4299717
5.362242
5.573848
5.5246964
5.4672747
5.4965262
5.5279236
5.362407
5.286283
5.209748
5.2192307
5.065332
5.163761
5.245784
5.146302
5.0570874
4.9564185
4.909396
4.6647725
4.6086526
4.7278686
4.8167095
5.1515417
5.1551003
5.343419
5.3814797
5.60673
5.669642
5.67926
5.64916
5.618004
5.5845957
5.59774
5.7313747
5.514449
5.5888286
5.9747353
5.7179165
5.7472935
5.5855875
5.2253537
5.0478683
5.2342095
5.1355305
5.238098
5.3727713
5.286225
5.345515
5.20425
5.1990986
5.1855206
5.0531588
4.9062023
4.960802
4.724911
4.8201385
4.8894825
4.8799706
5.0464463
5.071717
5.074844
4.997997
5.128001
5.170299
5.173971
5.227563
5.32401
5.344161
5.2964544
5.250417
5.156777
5.2274203
5.247625
5.1511593
5.0524225
5.042185
5.023578
4.686434
4.824885
4.6787825
4.5552917
4.6076274
4.5189753
4.5372567
4.463196
4.3670874
4.2772207
4.1452346
4.0530667
4.007429
4.1574173
4.269592
4.3186026
4.4606223
4.5011334
4.5305448
4.5427585
4.5057073
4.507088
4.5503163
4.5179796
4.583535
4.716954
4.6925735
4.859734
4.804921
4.7097135
4.7853093
4.7619824
4.786933
4.825253
4.562885
4.8663588
4.8641224
5.0857396
5.054729
5.1452594
5.0846167
5.493171
5.710334
5.821141
6.206439
6.091493
6.0463533
6.0360775
5.9586935
5.9814777
5.9621906
5.985189
5.9830523
6.1364923
6.019892
6.109881
6.0445232
6.084606
6.1534677
6.2101846
6.083536
6.2405005
5.920658
5.9896455
5.90037
6.0052595
5.6658096
5.8146462
5.759321
5.9485645
5.874437
6.0355353
5.8044043
5.9400916
5.7199364
6.0643697
5.90681
5.9111323
5.9029503
5.9518423
5.891589
5.8572373
5.891313
6.094167
5.719646
5.7525177
5.5827656
5.779172
5.8562875
5.8388934
5.7742953
5.9404182
6.187982
6.464042
6.5094223
6.5644555
6.4217544
6.5483003
6.772329
7.292242
7.2414575
7.1164
7.0610795
6.977812
6.655274
6.8408513
6.726138
6.545099
6.5162644
6.5458665
6.7218275
6.5828333
6.354472
6.2321396
6.031588
5.9535584
5.9394794
5.877751
5.683011
5.7048416
5.602225
5.475331
5.379436
5.474555
5.56401
5.672969
5.8305254
6.006572
6.1375237
6.114998
5.9587464
5.732806
5.5862417
5.817549
5.9260283
6.144376
6.202597
6.186039
6.078362
6.369881
6.613834
6.683174
7.0127864
7.2070193
7.3365064
7.5758805
7.8498874
8.014883
7.708394
7.186771
7.160354
7.1638513
7.2533803
7.185946
7.0351624
6.9263597
6.935626
6.953145
6.997983
6.8197603
6.798442
6.3860893
6.2850237
6.2106876
6.241541
6.0572925
5.981915
5.7967086
5.787395
5.6472793
5.576004
5.6371994
5.600876
5.6414776
5.9822826
6.31332
6.4270415
6.538429
6.7575483
6.948805
7.159196
7.2770433
7.1363373
7.3200974
7.3543816
7.6940565
7.645049
7.9514256
7.952808
7.8120656
7.35899
7.2057133
7.3498497
7.3686023
7.5186896
7.7237105
7.612901
7.5842237
7.572951
7.514739
7.5821548
7.456047
7.5029955
7.154933
7.122234
6.8885593
6.982507
7.1265
7.097385
6.8765516
7.0008445
6.59994
6.624542
6.3900723
6.2246647
6.4008737
6.3500237
6.6744165
7.1069894
7.15957
7.319778
7.1232862
6.965117
6.889988
6.723398
6.667895
6.8905325
7.001215
7.287195
7.1540937
7.2457004
7.5583043
7.760516
8.098967
8.109995
7.8735547
7.5231867
7.3567324
7.2309017
7.8201118
7.8515396
7.881893
7.602803
7.653857
7.55812
7.4497104
7.436755
7.3523483
7.0364327
7.0199184
6.8801317
6.7278366
6.439837
6.5551887
6.247
6.3008447
6.328904
6.346558
6.154999
6.1860633
6.154728
6.352783
6.2297273
6.693573
7.0019865
7.084889
7.075386
6.800338
6.8481336
6.837191
6.6617193
6.666359
6.579912
6.668062
6.501881
6.378921
6.142557
6.23859
6.2121716
6.245884
6.097255
6.2505455
6.6906524
7.110896
7.055177
7.287527
7.28638
6.873371
6.5714316
6.349143
6.3131194
5.9829698
6.2259464
6.5981426
6.729592
6.4409986
6.5722766
6.3651066
6.6503773
6.9539814
6.9039874
6.932271
7.0988545
7.028015
6.8841085
6.917976
6.994505
6.998822
7.0528793
7.0152044
7.111186
7.0044174
7.0313807
7.049428
6.945624
6.728788
6.597774
6.49146
6.6711845
7.131188
7.125536
7.3799834
7.4212446
7.58082
7.6584845
7.757595
7.703398
7.744966
7.476349
7.4591293
7.6118693
7.6491637
7.9102507
7.8527656
7.6906786
7.6010194
7.7696824
7.786392
7.655883
7.409772
7.7096086
7.4805603
7.7943897
7.445233
7.618791
7.425645
7.423779
7.2550087
7.3347387
7.180353
7.2636003
7.1617446
6.9536204
6.8858476
6.7703514
6.803739
6.746266
6.6972184
6.5023465
6.313489
6.4761004
6.164504
6.2962127
7.016881
6.8348465
7.27257
7.229199
7.3363657
7.2609234
7.8067045
7.5720634
7.749341
7.7866817
7.779985
7.8629017
7.859321
7.916423
7.939052
7.9921904
7.704836
7.45844
7.065933
6.874162
7.18624
7.004488
7.203053
7.2408857
7.007935
6.8841166
6.7232647
6.774064
6.6615515
6.684875
6.4543133
6.654295
6.441993
6.293153
6.5792627
6.390245
6.447958
6.642393
6.744825
6.503517
6.8562193
6.5435843
6.3440413
6.5624456
6.632926
6.7782717
6.9766307
7.053502
7.212225
7.2774796
7.3503823
7.675268
7.663847
7.658803
7.6570415
7.5338593
7.471611
7.368756
7.471401
7.0910096
7.1056566
7.1160903
7.323838
7.247607
7.088085
6.9395237
6.932681
6.8724794
6.866296
7.116693
7.139657
7.278957
7.1226754
6.9600897
6.711274
6.820363
6.5154953
6.467084
6.5315323
6.3262677
6.313235
6.493853
6.4621606
6.286212
6.3115115
5.958988
5.8807087
6.0904784
6.0047913
6.517179
6.4410305
6.6546926
6.739195
7.0661755
7.505016
7.306596
7.411791
7.1776996
7.3331738
7.297227
7.23714
7.201941
7.303275
6.9758058
7.099721
7.2823973
7.2501884
7.187813
7.020908
7.0038114
6.802415
6.618362
6.6573696
6.5853434
6.097271
5.8471804
5.9974995
6.1127257
6.230101
6.3696313
6.3156476
6.349296
6.098794
6.29288
6.0738945
6.0526576
5.917421
5.69145
6.101169
6.1619234
6.5430093
6.9122043
7.196662
7.2472353
7.1202717
7.5902033
7.4636707
7.9694014
7.623921
7.762636
7.8747053
7.8604574
8.21103
7.7849526
7.515083
7.5723658
7.79867
7.476257
7.2744393
7.2668023
7.087985
7.180437
7.0186987
7.118027
6.542701
6.350318
6.2740893
6.2052402
6.0501604
6.095178
6.090798
5.893096
5.714298
5.543131
5.4124637
5.194924
5.547794
5.418688
5.4306817
5.588247
5.5964165
5.7858276
6.2384257
6.471265
6.7110353
6.7293553
6.705496
6.492592
6.886608
6.8627048
7.417988
7.443913
7.7385964
7.5824623
7.785701
7.603038
7.9269814
7.893243
7.416208
7.72508
7.2809196
7.19607
7.2259846
7.1169157
6.923785
7.002462
6.8332796
6.9232063
7.093627
6.8357787
6.8556676
6.7870154
6.681229
6.8438025
7.081757
6.712665
7.0439696
6.907163
6.922486
6.835079
6.7826405
6.3677797
6.4117913
6.0449305
6.1648493
6.147122
6.217743
6.5283384
6.5110044
7.0141287
7.096048
7.4436517
7.458165
7.2605886
7.2538567
7.480294
7.4404283
7.4389563
7.599773
7.2350473
7.1164956
7.212747
6.5228047
6.140016
6.416302
6.3403563
6.2648335
6.372558
6.423644
6.5014825
6.530475
6.276208
6.585242
6.404457
6.4642615
6.0954137
6.068816
6.081554
6.138224
6.2904315
5.9910583
6.1053143
5.9522495
6.053652
6.1961317
6.2514877
6.5743313
6.6137342
6.6980076
6.7591662
6.7837653
6.9172873
6.823866
6.995527
6.9703784
6.8643985
7.088613
6.820878
6.434997
6.355775
6.358453
6.461952
6.6418815
6.4013267
6.3416343
6.347774
6.4115434
6.179501
6.0020747
6.2347164
5.902695
5.4930105
5.757552
5.8603363
6.354122
6.178604
6.2375426
6.075368
6.35977
6.204141
6.4762564
6.62139
6.527343
6.5425024
6.774869
6.9740186
6.937343
6.9701295
6.8297777
6.7879496
6.9843345
7.1038547
6.9823575
6.971582
6.9542193
6.1364255
6.624521
6.5989885
6.3353157
6.4635854
6.3217173
6.343378
6.2009525
6.219445
6.023783
5.9221344
5.897497
5.6839747
5.4205704
5.8261285
5.906239
6.0447726
6.236524
6.001982
5.987233
6.531166
6.073341
6.2733297
6.0225935
6.0554185
5.9699407
5.835582
6.1297393
5.854494
5.1897874
5.212893
5.490596
5.9137974
5.8857265
6.0357885
6.321237
6.255348
6.103448
6.150967
5.886024
6.051177
5.7147136
5.654052
5.6703186
6.103631
6.674054
6.3147335
6.6856766
6.534117
6.6577682
6.3817124
6.4239407
6.425966
6.4104943
6.3058558
6.2849174
6.214948
6.266803
6.229697
6.599786
6.205677
6.272516
6.353982
6.473666
6.3764176
6.6532946
6.369475
6.1816735
6.016553
5.8606563
5.9950686
5.862135
6.0316105
6.1887603
6.413177
6.5490904
6.8133574
6.772681
6.913383
7.1958156
7.3929453
7.364602
7.3121357
6.944587
6.919397
6.3775644
6.420946
6.3463173
6.441831
7.024184
6.5852532
6.6666594
6.539137
6.2439156
6.5068493
6.503433
6.5091295
6.2634735
6.1355886
5.380302
6.2479744
6.2443457
6.644201
6.608614
7.184349
7.2460217
7.112271
7.314143
6.9920483
7.085533
7.0580955
7.1135063
7.0482106
7.2974973
7.2052965
6.992275
7.0908475
7.267683
7.200134
6.759676
6.324172
6.5001545
6.1353736
6.87163
6.8348293
7.225337
7.541857
7.3399496
7.2875757
7.207964
7.2611775
7.31454
7.1021686
7.3275795
7.288716
6.8621078
7.025919
6.953536
6.9944634
6.7742944
6.930231
6.9020734
6.9746275
6.874857
6.8915133
6.644967
6.9822607
6.7430587
6.749488
6.860343
6.6645827
6.912394
6.7080073
6.742177
6.6821322
6.738624
6.7220187
6.621578
6.531586
6.902284
6.843477
6.6157727
6.6251225
6.6080823
6.943887
6.5921264
6.6710744
7.287914
7.0817304
7.3324747
7.1337337
7.018795
6.7490845
6.893363
7.0601673
7.0595865
6.6354556
6.8026524
6.5635896
6.458531
6.6439395
6.5865436
6.5293694
6.6547475
6.4007893
6.286014
6.2643094
6.1830173
6.2284064
6.1459317
6.1728616
6.1938276
6.0858393
6.223402
5.91675
6.423866
6.452118
6.410261
6.126747
6.030515
6.2271914
6.3681912
6.732319
6.9047046
6.8603578
7.1271048
6.8797545
7.4149666
7.2290654
7.0322137
7.183665
7.0516996
7.0983505
7.464374
7.47934
7.0817747
7.1368756
6.7269936
6.7384458
6.420435
6.6954308
6.610436
6.3695173
6.2921214
6.141162
6.145404
6.0149803
6.0337396
6.058789
6.2379723
6.1255975
6.037065
6.0106997
5.919792
5.8503246
5.8383293
5.9733663
5.768204
5.722393
5.592561
5.548252
5.2851653
5.1734185
5.2006574
5.330571
6.261405
6.8880463
6.9574423
6.95666
7.054759
6.6798553
6.8584414
6.9116745
6.893888
6.7516193
6.281529
6.010219
6.069891
5.8389635
5.6832714
5.782359
5.4915566
5.535599
5.726801
5.765771
5.546226
5.5195203
5.7113113
5.9358664
5.872503
6.006277
6.213642
5.8304596
5.610822
5.0659547
5.0168643
5.0624547
5.057878
5.262909
5.499883
5.3541527
5.158046
5.2691727
5.34815
5.241684
4.8167987
2.5179553
3.3652797
1.8828042
2.3665388
2.8043966
2.2398994
2.4203393
1.3944101
1.8157375
3.0639203
1.748373
3.2589247
3.4749541
3.6209633
3.4492874
1.9965394
3.2510054
3.1521242
2.2886286
1.8204849
3.049372
2.9470835
3.0054362
3.1754022
3.0181403
1.9032289
3.174312
1.4687508
3.0985863
3.2710307
3.3483572
3.1862278
3.4117255
3.3615217
3.2804925
3.282667
3.4864562
2.9230382
3.618039
1.9846483
3.9314158
4.1341915
2.0446498
1.3559786
3.641895
3.3795345
3.8021016
1.6028138
2.5555713
1.8304794
1.9721872
1.8657771
3.3732061
3.932955
1.7897741
3.6329453
3.3935447
2.9090555
3.3765364
1.4328972
1.7251482
1.4336436
3.3299255
2.2671633
3.4962473
2.9687681
3.176124
1.9364936
3.2648695
2.9695482
3.2088568
3.265976
3.4379056
3.251798
3.248517
1.2472811
3.1951137
3.1836994
1.722721
1.4466877
1.8362478
1.4215949
3.0792515
3.208808
3.2827463
2.477176
3.5108838
3.2630076
1.5136318
3.1377597
3.2123172
3.4908323
3.5305598
3.5944693
2.134126
3.7935305
1.662859
2.2999387
3.6559317
3.9418602
4.188971
3.8696554
3.736199
2.6167934
3.5481246
2.7592301
3.5875278
3.461547
1.5463885
3.2824292
1.9697636
3.1811392
1.9006736
3.0106297
2.0129576
3.1202319
1.392727
3.535045
2.175755
3.1949282
2.9056513
3.4538155
2.8642142
3.349269
3.4037523
3.4012532
3.468572
3.8913195
4.0173554
3.179059
4.346548
2.4721951
4.3742714
3.2335975
4.027103
3.7850258
4.271555
2.5206876
2.6594846
3.076549
2.8811057
3.598191
2.2323883
3.4719527
1.4795638
3.4651852
1.4848355
3.1173472
2.9867427
3.075056
2.5936296
2.9566762
3.4361486
3.5470605
1.7100564
3.4054828
1.4660021
1.5771775
3.543257
4.070158
4.2138734
1.7624673
3.7708373
4.5795383
1.4335927
4.2224154
2.6532438
4.805503
4.892098
5.0441008
5.0395994
4.6747317
4.4169908
2.909173
4.3992934
4.347619
2.6691127
1.9654787
3.7037556
3.3518806
4.582001
4.846313
4.820801
5.186324
5.0669518
5.161271
5.144268
5.28164
5.3882027
5.4144106
5.2847958
5.298828
5.268462
5.0852027
5.15131
5.025275
5.1494927
5.0347977
4.9609003
4.7224607
4.8867803
4.669891
4.626895
4.664606
4.5723853
4.605237
4.7288275
4.652656
3.6338382
2.7651281
2.6986113
2.565532
1.4753356
4.195319
4.127429
3.987722
3.9561603
3.9643037
1.6497332
1.9092666
1.8119795
3.8356733
3.8983142
4.0785174
4.296438
2.6246245
4.490244
2.9969032
4.5398993
4.5817895
2.6887152
1.8154358
4.1295853
4.2893877
3.868421
1.3761767
2.6681294
2.7069962
2.768084
1.4701359
4.317067
2.954147
2.2079847
1.4054656
2.3727326
5.201033
5.601347
5.760544
5.5547504
5.8009315
5.779312
5.829907
5.81365
5.835616
5.745174
5.874235
5.7540717
5.725651
5.6701584
5.7868466
5.649185
5.6058464
5.5022407
5.5819454
5.703544
5.4888434
5.598046
5.5881696
5.6936674
5.40003
5.614654
5.7589903
5.566567
5.609249
5.552883
5.584053
5.7148895
5.6628585
5.799337
5.7985935
5.688319
5.8086796
5.7138443
5.7269754
5.7189097
5.7718277
5.812887
5.8488345
5.818101
5.8176584
5.8033195
5.8540745
5.8122773
5.6218967
5.6592665
5.600265
5.1483555
4.9378576
4.671029
4.7290797
4.8652325
5.1420746
5.2392654
5.2943783
5.472891
5.525113
5.4917836
5.754179
5.819855
5.3894863
5.255635
5.0059414
2.1527305
2.1647398
1.5682346
4.148841
3.0854108
3.1340477
4.2638106
2.5903196
3.4059105
4.123113
3.0843308
3.9997635
2.890786
1.946954
3.8250368
2.3480563
2.5490282
3.0475795
2.091213
3.2697477
3.3067107
2.2340117
1.6083575
1.6495593
3.7085927
4.381728
4.65471
4.6842146
4.8640394
4.8270006
4.909909
5.097546
5.1051855
5.1723337
5.036279
4.84808
4.9887977
4.680156
4.5750437
2.2231357
4.1956897
2.1512568
3.886711
2.1171992
3.5932796
3.7495978
3.465122
3.3264635
3.1939206
2.107164
4.022073
4.0117335
2.6387694
4.3987846
4.3825703
4.4516544
3.7550876
2.2919734
3.5950646
2.8303115
4.135882
2.3249197
1.7764119
3.621344
3.5150428
3.431736
3.7753458
3.0479312
4.3049064
3.1894712
3.979632
2.3090808
3.0018718
4.4479566
2.0753028
5.5534244
5.457013
5.321844
5.2131257
5.028167
4.857918
5.070997
5.557149
5.734011
5.4673233
5.3526506
5.5123677
5.541131
5.5101748
5.46247
5.2598944
5.2965665
5.2662983
5.344114
5.360398
5.5190635
5.4292583
4.912263
4.9637275
5.0738173
5.3332734
5.181381
5.2069902
5.292041
5.1962376
5.1752944
5.233383
4.858739
4.932728
5.121527
5.0484943
5.0203385
5.1143656
5.1856923
5.2944164
5.249365
5.0477314
5.070124
5.0617304
4.899207
4.9752636
4.8917913
5.19549
4.855175
4.519501
4.619382
4.625763
4.8648987
4.8099113
4.7602334
4.601403
4.662296
4.6343713
4.5696416
4.5353494
4.4275413
4.487959
4.4298778
4.384056
4.5505605
4.6801896
4.7774596
4.7885623
4.826501
4.7860513
4.7717395
4.7279434
4.8502235
4.7390494
4.580572
4.64338
4.715844
4.58986
4.5669837
4.9268537
5.0795755
5.293873
5.196452
5.251296
5.255142
5.358559
5.334663
5.2218056
5.010281
4.924575
4.918786
4.8663387
5.0706677
5.108639
5.139667
5.0715785
5.0656366
5.1538687
5.352903
5.2289157
5.211421
5.190162
5.079587
5.14906
5.1881638
5.140882
5.0585346
5.088746
5.0722213
4.9491158
4.858946
4.8596745
5.040799
5.1078615
5.1313705
5.1548433
5.181842
5.0885134
5.0787377
5.314437
5.354682
5.342399
5.045521
4.6355076
4.8283167
4.49674
4.8973923
4.887771
4.9431634
4.7326236
4.9182215
4.8746037
4.980814
5.0805087
5.158574
5.3185167
5.5628085
5.4943414
5.7306046
5.6404376
5.515191
5.315422
5.005141
4.8053966
4.5073867
2.3730075
4.0273423
4.2436247
4.340117
4.571211
4.838265
5.0408554
5.047284
5.0240073
4.7553296
4.8159323
4.937605
5.0624695
4.7967196
4.915883
4.9995294
4.992189
4.894752
4.9066725
4.8846645
4.95395
5.059534
4.7057104
4.8095765
4.6554685
4.614426
5.4576955
5.5873637
5.763484
6.0906215
6.023282
6.0585685
5.7851887
5.581545
5.5363846
5.731668
5.887179
5.9874578
6.207045
6.301909
6.4643455
6.315549
6.3560433
6.621373
6.671134
6.6190042
6.526288
6.373644
6.2417846
6.1822467
6.2610555
6.0659904
5.9464197
5.8076825
5.9012938
6.105814
6.009263
5.82392
5.9547696
6.106571
5.96687
6.0534225
6.0498013
6.2083807
6.0860085
6.1686525
6.154473
6.396209
6.402276
6.2530212
6.605507
6.1820703
6.1337023
6.410655
6.4757056
6.4123335
6.324374
6.1612434
6.160157
6.3723593
6.2031136
6.5227566
6.4329276
6.7593455
6.9769874
6.9117756
7.0114326
6.754777
6.70175
6.856374
6.6228952
6.589425
6.5473814
6.351799
6.5470953
6.675757
6.4567494
6.3431063
6.111618
6.0801363
6.3163786
6.454538
6.1935606
6.08266
6.4416647
6.463661
6.2976665
6.1809216
5.9550962
6.077065
5.588634
5.201245
5.4122143
5.337043
5.292358
5.257656
5.190329
5.1379414
5.021086
5.002135
5.1317205
4.9624195
5.2158914
5.169115
5.220634
5.2540154
5.166678
5.2442603
5.495016
5.621003
5.9211884
5.9208474
6.1777697
6.3263683
5.986727
6.155079
5.9546185
5.652856
5.777711
5.5449014
5.6352487
5.123444
5.2039504
5.017956
5.0125523
4.9645863
4.7726245
4.5098896
4.5474
4.8348293
4.7429495
4.6132007
4.557673
2.882603
2.4764838
4.3561163
2.2370813
1.4539752
1.5155535
1.3256291
1.3683162
1.45656
1.4741384
1.5363381
1.4086852
1.4209116
1.3979623
1.3615963
1.3194659
1.3424531
1.3995132
1.4237496
1.3231957
1.3350153
1.33935
1.3847661
1.414871
1.5173333
1.4083238
1.3536406
1.3636346
1.4506605
1.5680261
1.4594642
1.3379574
1.4909139
1.5362542
1.5276657
1.653814
1.6213055
1.458707
1.5581042
1.4903964
1.4795246
1.6262606
1.7627106
1.5402993
1.6881763
1.7381057
1.74499
1.793688
1.6453447
1.7438998
2.0509984
1.8934295
2.1063087
1.9879549
2.06823
1.7875776
1.8596315
1.9298736
2.4390223
2.3544688
2.3578467
2.2839699
2.0806444
1.7453038
1.9238681
1.6646583
2.0028362
1.9461056
1.8649421
1.8433151
1.8579451
3.254305
3.0786433
3.2891893
3.3042989
3.0227656
2.551574
2.98997
2.9922378
3.0329762
2.969343
2.9769106
2.9464753
2.9374957
2.9306455
2.9437428
2.8231945
2.9144726
2.8242035
2.8487992
3.1197991
3.3388345
3.1317086
3.136469
2.931068
3.0846207
3.3544526
3.0759912
2.953916
3.444492
3.6190298
3.593551
3.0553625
3.3677166
3.6376634
3.2797966
2.9321527
3.4223063
2.9607959
3.3234246
3.4193602
3.5401459
3.3822265
3.4886408
3.7057912
3.6659873
3.2296724
3.500666
3.2606385
3.348852
3.6402934
3.7093444
3.5593824
3.3989203
3.3027554
3.4192102
3.739332
3.7393563
3.3127902
3.345837
3.563986
3.6730068
3.3309994
3.6506734
3.6504085
3.2645311
3.6602592
3.773456
3.5840924
3.8571908
3.6245356
3.7301822
3.5262651
3.5550456
3.3762786
3.4746575
3.5587666
3.4975467
3.29496
3.5691135
3.528734
3.5806646
3.6367676
3.419697
3.67889
3.521572
3.733955
3.7260118
3.7205577
3.797923
3.7268937
3.7275727
3.7153401
3.6885023
3.6824353
3.93444
3.8089864
3.708118
3.978086
3.7471533
3.5995426
3.5158517
3.6334593
3.881432
3.6487796
3.622553
3.5423512
3.5156057
3.6622987
3.6984973
3.6817973
3.683837
3.5015874
3.6779196
3.683023
3.7044148
3.3587554
3.4825292
3.5409913
3.6779623
3.6748767
3.712589
3.5457346
3.6444554
3.5974069
3.552568
3.6099706
3.5090384
3.6074407
3.6513023
3.740469
3.667313
3.717535
3.3435926
3.6136985
3.6381097
3.7057335
3.6691554
3.5703332
3.6894307
3.5497675
3.7182465
3.825864
3.846957
3.6869328
3.8068905
3.34323
3.6489737
3.8087835
3.4576428
3.631853
3.7662857
3.6582942
3.7385025
3.7827153
3.8728986
3.7529936
3.6327233
3.6468017
3.5614002
3.46417
3.6043644
3.81673
3.6878872
3.6486082
3.692897
3.7080357
3.8261
3.7684026
3.482195
3.3230152
3.5646303
3.3835423
3.6478786
3.6373718
3.6749434
3.7638974
3.8456216
4.018529
3.874341
3.8643928
3.9817233
4.3087144
4.152664
4.1693068
3.8033516
4.3087025
4.1275415
4.1861434
4.400436
4.441886
4.53374
4.2647595
4.377281
4.3547196
4.4823236
4.5990767
4.721698
5.0668855
5.3275895
5.5748014
5.787833
6.061375
6.493657
6.747012
6.9957037
7.1698833
7.219246
7.5200396
7.1905985
7.2782383
7.2402015
7.226986
7.007641
6.888137
6.6118317
6.716409
6.682447
6.78047
6.883659
6.7131987
6.6935663
6.476818
6.449217
6.39649
6.307161
6.107308
6.077297
5.780789
5.3239055
5.070146
4.7884693
4.7475796
