10000
9.8511505
9.834777
9.782578
9.812406
9.76192
9.796145
9.769922
9.749731
9.728027
9.620703
9.579989
9.557969
9.542392
9.457875
9.4832325
9.416366
9.435967
9.337927
9.245485
9.212638
9.223399
9.252915
9.129723
9.022023
9.120194
9.086432
9.110327
9.016135
8.935704
8.921912
8.812959
8.815256
8.709957
8.710612
8.612625
8.611822
8.503709
8.385298
8.297807
8.352648
8.370878
8.200481
8.099693
8.055515
8.045305
7.891269
7.7724857
7.814763
7.6156807
7.5389814
7.2750583
7.494079
7.326608
7.152876
7.072456
7.007287
6.9899297
6.8531275
6.944154
6.9551253
7.03723
7.003436
6.939082
6.7843566
6.9450874
6.8482285
6.826847
6.851305
6.8888493
6.9573727
6.936126
7.007557
6.9577284
6.948197
6.997325
6.978159
7.1082115
6.9913287
7.060894
6.798157
7.0504584
6.896987
6.9789815
6.8521614
7.0043535
6.845365
6.902947
7.0265203
6.9575496
6.9584866
6.9730043
7.231446
7.4053974
7.399754
7.4907036
7.562598
7.587807
7.8347635
7.949045
8.24276
8.159418
8.207594
8.182027
8.03866
8.0880575
8.238555
8.300389
8.274783
8.231146
8.502655
8.4023075
8.329932
8.299692
8.227019
8.177335
8.122082
8.115594
8.192221
8.135277
8.112391
8.052787
7.974377
7.9109707
8.049897
7.981878
7.975433
7.983378
7.9042077
7.855192
7.780813
7.7483697
7.652966
7.5956693
7.6487904
7.5629783
7.5862255
7.5042496
7.616468
7.5600805
7.5631576
7.609325
7.5907826
7.550303
7.5667133
7.500439
7.5802927
7.5284224
7.558011
7.609459
7.543255
7.503542
7.609645
7.493757
7.4950614
7.416792
7.412148
7.393707
7.415191
7.280926
7.3273325
7.372456
7.336855
7.2995806
7.3935237
7.3211484
7.2611923
7.2610707
7.340755
7.354303
7.338005
7.3717446
7.398917
7.508572
7.5382752
7.318186
7.3887057
7.3032045
7.2736793
7.3167677
7.265753
7.1667457
7.127184
7.1142583
7.1241336
7.033365
7.105106
7.102654
7.0871577
7.1214066
7.0124397
7.1858068
7.0506287
7.0187216
6.917584
6.8718386
6.7942653
6.7783628
6.6738687
6.5295067
6.885114
6.598232
6.6966796
6.555714
6.5695415
6.5589175
6.365027
6.3668685
6.4126425
6.387534
6.2515225
6.336208
6.255637
6.5286746
6.4319735
6.596734
6.223607
6.4619575
6.604164
6.627709
6.6948733
6.5034776
6.6585145
6.5326796
6.8279004
6.6969924
6.7249866
6.48505
6.794486
6.592382
6.7727227
6.734492
6.6922913
6.658495
6.673414
6.7085714
6.6976833
6.6277676
6.5603437
6.6720467
6.7050943
6.568284
6.642543
6.4544787
6.742358
6.6347065
6.850448
6.4775248
6.8606906
6.7910132
6.7334347
6.7401977
6.366424
6.659008
6.5492425
6.555528
6.505155
6.6030636
6.5631
6.755071
6.743754
6.5556293
6.5062637
6.686398
6.6143827
6.716869
6.636626
6.5950317
6.7601686
6.790236
6.6321225
6.7011943
6.681801
6.633874
6.569306
6.67908
6.468074
6.616707
6.8186116
6.683428
6.584141
6.7322264
6.724459
6.6647415
6.64662
6.5365205
6.6344547
6.5119886
6.701176
6.6927433
6.6081715
6.561352
6.568246
6.454973
6.439652
6.6369452
6.281976
6.429126
6.5071654
6.3178196
6.4280095
6.2585044
6.343719
6.4511957
6.1581097
6.31117
6.180129
6.5182266
6.424832
6.426123
6.380329
6.4059563
6.518997
6.47398
6.3786964
6.5364614
6.5990443
6.608964
6.231255
6.677667
6.475513
6.5620856
6.454314
6.5622215
6.36864
6.6164827
6.5516458
6.536046
6.4560113
6.506259
6.441692
6.5468283
6.3598475
6.5755243
6.286794
6.5209002
6.3057904
6.519129
6.5284986
6.356475
6.4044476
6.4281135
6.502177
6.4454894
6.373257
6.288161
6.2879596
6.359147
6.379856
6.3678923
6.3125124
6.4389606
6.3514915
6.355631
6.200261
6.467162
6.4584
6.4940805
6.5378375
6.61103
6.519665
6.5245457
6.5961375
6.5966473
6.6742105
6.921751
6.8479156
6.874314
6.814501
6.8872204
6.8603783
6.8458824
6.887947
6.911016
6.941843
7.126249
6.9443364
7.115895
6.9473205
7.0131707
6.857563
6.9052677
6.932619
6.954963
6.836417
6.7979155
6.9139194
6.966109
6.850081
6.891147
6.8022285
6.8075495
6.8001018
6.704016
6.6800675
6.5885124
6.6320558
6.6437674
6.7192063
6.7026634
6.606151
6.885297
6.586327
6.6941977
6.6625586
6.6636367
6.4949694
6.5989404
6.6477723
6.529648
6.5589633
6.6558166
6.5733385
6.6678367
6.706128
6.7005754
6.7708755
6.7366533
6.6336203
6.6829667
6.651336
6.827996
6.5871325
6.6451817
6.633703
6.6562233
6.6583138
6.7672677
6.60208
6.6455517
6.7299075
6.7892523
6.6395473
6.797221
6.895107
6.8193564
6.715531
6.6345515
6.7005496
7.0111217
6.888404
6.815466
6.8720284
6.965854
6.8291426
6.8885803
6.941314
7.0111914
6.936379
7.1340675
7.024025
6.90043
6.8111467
6.8892813
6.9077063
6.717273
6.796827
6.9288883
6.8869305
6.8823075
6.9016232
6.85303
6.985053
6.7749934
7.014931
6.8165827
6.8422904
6.8968115
6.7188883
6.9378138
6.779316
6.658261
6.90541
6.925018
6.746266
6.824758
6.851491
6.8422956
7.0558877
6.764371
6.8618994
6.8176937
6.936267
6.7160463
6.9345455
6.8192344
6.955831
6.898033
6.971198
6.9676924
6.903742
7.0596743
7.0230336
6.948044
7.0922146
7.0309772
7.1723976
7.288394
7.0069532
7.408155
7.3022814
7.2692046
7.2283173
7.324689
7.184551
7.2791924
7.1788073
7.3960514
7.378168
7.4543557
7.4154606
7.4337997
7.3434258
7.1625824
7.206652
7.1148577
7.3481407
7.3887115
7.4046226
7.2389154
7.146108
7.205427
7.3832464
7.1233144
7.1530113
7.141057
7.1039076
6.92734
6.9893394
6.987212
6.983072
7.000313
7.052446
6.9956903
7.156547
6.9201283
6.9336143
6.9256215
6.933285
7.0479164
6.968277
6.905565
6.9273887
6.9002323
6.9323487
6.9848256
6.932477
6.9935136
7.01225
6.9159446
6.877146
6.783889
6.9275036
7.021886
6.960068
6.8568187
6.8491516
6.873974
6.8059134
7.023214
6.976781
7.1620846
6.9855523
7.05943
7.172688
7.117074
7.084336
6.9840565
7.0516496
7.081856
7.133219
7.246179
7.2531333
7.4447136
7.2477016
7.385886
7.38811
7.348056
7.3549666
7.306961
7.2952213
7.4084363
7.407219
7.3240805
7.1349263
7.140264
7.348747
7.3269496
7.386066
7.3014207
7.3528337
7.167405
7.154195
7.3115263
7.2287064
7.327611
7.3202477
7.2325873
6.8604712
6.957321
7.0647845
6.9903274
7.0710015
7.042184
6.949784
6.856211
6.7020097
6.8624487
6.8348594
6.7967515
6.854108
6.842979
6.716636
6.9649367
6.8804054
6.7631817
6.8924365
6.9221582
6.867422
6.8756685
6.750001
7.0340586
6.8797755
6.842782
6.8998976
6.9315333
6.935755
7.0191703
6.7884626
7.026791
6.9332333
7.0574355
6.8728156
6.9653935
6.949018
7.072982
6.8139896
7.2045717
7.198939
6.8946376
7.1456637
7.285034
7.214945
7.18039
7.1903687
7.2219014
7.0842924
7.2787523
7.461212
7.2996225
7.3470774
7.334878
7.2516265
7.4111176
7.562929
7.238182
7.414886
7.379905
7.461579
7.1681685
7.387059
7.4742894
7.2105722
7.400641
7.0926943
7.2982903
7.2424746
7.1140566
7.238614
7.4234314
7.225811
6.9695287
7.27741
7.1752954
7.069743
7.024984
7.069898
6.848375
7.0679307
6.9176483
6.945851
6.91378
6.8493657
6.6752405
6.8352075
6.7847323
6.6673765
6.852968
6.908759
6.822324
6.8256955
6.6718616
6.895079
7.0389867
6.9423394
6.895693
6.9024115
6.7002788
6.9331427
6.9757576
6.8877254
6.933169
6.7963405
7.045502
6.905897
7.0414257
6.802535
7.034432
6.9754896
6.8580446
6.9868526
6.8923764
7.0447135
7.052372
7.0256968
7.0992293
6.929252
7.1801386
6.9961505
7.2298813
7.1912327
7.043307
7.12803
7.067063
7.081236
7.3984585
7.0413494
7.394638
7.085925
7.394379
7.3293343
7.369886
7.4510126
7.184352
7.3205814
7.29696
7.224059
7.314758
7.227781
7.147295
7.1639557
7.219093
7.1032495
7.0997725
7.137274
7.1497293
7.216674
7.2247286
7.150959
7.2114964
7.0298996
7.118914
6.9387836
7.1144223
6.9217253
7.051463
6.9409704
6.9824176
6.864597
6.8616996
6.8134427
6.645631
6.711896
6.7460012
6.8812957
6.91623
6.884622
6.7420306
6.8368616
7.0856943
6.868598
7.175079
7.16279
7.1122074
7.1094255
6.847866
6.5628257
6.4609733
6.637058
6.6050377
6.1914034
6.006914
5.75697
5.2556267
5.391477
4.853677
4.613301
4.528404
3.9671268
3.6541905
3.536306
3.1790993
3.465098
4.072127
3.9006248
3.7606475
3.8376389
3.4357827
3.9264498
2.924468
3.881789
3.9487715
3.911375
4.0640483
3.2254024
3.6721141
4.225394
4.501286
4.5454674
3.734821
4.1496897
4.114766
3.0095506
3.9625835
4.086253
3.4776683
4.29299
4.8606515
5.297111
5.8472967
5.577266
5.3780947
5.341996
5.6991453
5.8686037
6.561507
6.651979
6.9593163
6.783848
6.617468
6.9750133
6.9551697
6.789982
6.8561964
6.856794
6.805538
6.818391
7.0256686
6.9438624
6.9082108
7.1390805
7.255383
7.0769653
7.178083
6.9965954
7.099662
7.1805496
7.11889
7.1466107
7.095555
6.904507
7.143024
7.17434
6.8455524
7.0818405
6.990151
6.99514
7.1315255
7.082577
6.9573536
7.245422
7.351835
7.2218914
7.3919888
7.354896
7.373673
7.270898
7.154711
7.3798714
7.376354
7.45771
7.498905
7.590034
7.721806
7.5091925
7.511394
7.5801544
7.564149
7.630891
7.5571094
7.678909
7.52866
7.530485
7.5408897
7.499911
7.569428
7.5469017
7.525421
7.4347115
7.537586
7.4557953
7.548313
7.497625
7.2932835
7.458028
7.3863983
7.270399
7.278749
7.2919602
7.421563
7.391038
7.292405
7.4031615
7.318582
7.40052
7.5409207
7.4149194
7.5219154
7.334493
7.2973814
7.373599
7.494552
7.5488667
7.546195
7.4590793
7.579232
7.3667808
7.5505404
7.555646
7.56978
7.3393908
7.477616
7.553168
7.468974
7.443781
7.449886
7.4850454
7.648321
7.603066
7.550722
7.648045
7.7635965
7.7395797
7.7457523
7.8378897
7.811788
7.693833
7.780118
7.669682
7.680054
7.6310687
7.628256
7.3748474
7.338624
7.492304
7.6764455
7.356457
7.4494896
7.3212748
7.394534
7.4114113
7.5193796
7.21268
7.3969064
7.2466965
7.3095007
7.1679854
7.37116
7.2910743
7.1564555
7.4722996
7.4348283
7.46346
7.433807
7.3019295
7.382266
7.3593426
7.306868
7.33338
7.3392296
7.2877483
7.3216076
7.3353853
7.5111823
7.312482
7.464593
7.634334
7.425892
7.491196
7.56502
7.6654215
7.530361
7.532372
7.59253
7.753748
7.7656546
7.9537272
7.715442
7.8067737
7.816092
7.858329
7.8134565
7.7597523
7.945568
7.7127743
7.5955977
7.4989967
7.504985
7.488283
7.680911
7.6548367
7.604515
7.636633
7.585316
7.6244273
7.4877734
7.5171947
7.562232
7.2986016
7.3905244
7.484871
7.3682537
7.3767643
7.464122
7.4396496
7.4436913
7.445834
7.51153
7.6466284
7.308911
7.4462385
7.4664717
7.5647736
7.6192303
7.5954247
7.466342
7.6664076
7.774125
7.8339105
7.7994413
7.9205356
7.7496314
7.673917
7.7489953
7.744023
7.8557024
7.7544575
7.9924397
7.8020096
7.8464246
7.7926407
7.6545377
7.825306
7.659828
7.5836306
7.7200418
7.608707
7.776862
7.6560435
7.5357475
7.6269217
7.5897017
7.618558
7.5511837
7.3805485
7.500184
7.5799417
7.319048
7.567066
7.4117594
7.4242754
7.5527554
7.3007264
7.464403
7.424453
7.246938
7.368844
7.5091176
7.4454193
7.3663135
7.359788
7.70141
7.6071663
7.8377047
7.6678896
7.737234
7.75053
7.8681893
7.765615
7.8667493
7.7822733
7.9652147
7.814701
7.907111
7.709779
7.6756916
7.665666
7.926763
7.5384026
7.7786274
7.7699966
7.652993
7.6560946
7.537744
7.520984
7.5094523
7.488558
7.537469
7.483854
7.666734
7.3670926
7.528786
7.569461
7.3799505
7.2428513
7.3714914
7.4241905
7.4300084
7.28605
7.5190067
7.2916107
7.357683
7.4067335
7.5746593
7.675679
7.817959
7.5649114
7.612392
7.850948
7.909229
7.9668665
7.993144
7.9827924
7.888199
7.882375
7.823229
7.874648
7.9965935
7.8415313
7.9181232
7.71017
7.754066
7.6574216
7.691946
7.563057
7.4444685
7.4587927
7.452843
7.5088596
7.4103913
7.3195114
7.2559385
7.3067446
7.3493924
7.249731
7.364136
7.333127
7.5511184
7.335092
7.257437
7.4747376
7.4221945
7.275671
7.5068903
7.482061
7.5504365
7.642995
7.546297
7.576746
7.7732935
7.5624456
7.6143346
7.6881423
7.71334
7.5493836
7.7490926
7.622148
7.5459867
7.6581874
7.4319787
7.699597
7.5515084
7.4754014
7.3143654
7.2330275
7.10009
7.060802
7.0858583
6.9337645
7.115678
7.094471
7.2065
6.8091145
7.089416
7.295417
6.9957385
7.059225
7.334768
7.103753
7.3191643
7.3252254
7.4096556
7.373037
7.5036154
7.5904446
7.3204117
7.4871006
7.4301114
7.5549583
7.5946712
7.4791594
7.737931
7.760091
7.755083
7.6944084
7.6715555
7.658042
7.686732
7.5798645
7.5041537
7.3512807
7.1884246
7.3409343
7.1463733
7.0224814
7.3984985
7.1983824
6.878804
7.0196595
7.0133038
6.664791
7.0239615
6.781584
6.759365
7.0520906
7.1038113
6.939029
7.1863256
6.957277
7.154436
7.202442
7.151858
7.1336966
7.2746496
7.111605
7.1507044
7.5538044
7.3024707
7.635863
7.466517
7.500306
7.435268
7.5265675
7.104041
7.270832
7.4039316
7.367806
7.334041
7.4731507
6.991497
7.004381
6.9703565
7.067424
6.8787036
6.99853
7.2224054
7.143587
6.6952133
6.881112
7.0981283
7.0389166
6.8512363
6.807953
6.890437
6.8731112
6.8251023
7.153415
6.998587
7.255367
7.0510035
6.6746078
6.9321485
6.9476027
7.0520267
7.220212
7.362048
7.421092
7.292589
7.45345
7.3328443
7.274391
7.526101
7.2093854
7.143535
7.3956814
7.3705797
7.4698696
7.0813704
7.1805944
7.148581
7.269659
7.0750494
7.1041737
7.110632
6.867389
6.872796
6.594544
6.856519
6.6251273
6.8775826
6.816668
6.752004
6.834303
6.7285433
6.7848115
6.7943068
6.565444
6.787768
6.936627
6.946435
6.902814
7.0524554
7.188916
7.1215687
6.9223614
7.1239333
7.023218
7.037658
7.0948386
7.2836165
7.02057
6.7609124
6.7465477
6.7515936
6.876575
6.77987
6.787059
6.930307
6.606244
6.651885
6.4396057
6.642542
6.726104
6.334245
6.3790045
6.525044
6.561097
6.5222883
6.3687906
6.455222
6.6499805
6.458524
6.6847486
6.7615213
6.7091794
6.6252346
6.83616
6.9093065
6.8230867
6.9484434
6.9456406
6.588899
6.6515903
6.7003717
6.419915
6.588825
6.500063
6.768704
6.4246798
6.3910832
6.8318825
6.7571287
6.307905
6.411893
6.409603
6.4182587
6.2743707
6.2540884
6.228981
6.246589
6.1297436
6.064205
6.11079
6.3674426
6.2868776
6.0574393
6.2868886
6.310131
6.021371
6.2865515
6.037859
6.2795796
6.1108537
6.1221986
6.289112
6.2272024
6.055039
6.2472568
6.4020967
6.2333794
6.3439007
6.302632
6.4981136
6.0279045
6.186105
6.174106
6.0977373
6.1416187
6.3149586
6.1144314
6.240532
6.1414
6.328493
6.187819
6.2237215
6.336366
6.206948
6.155985
5.990506
6.178584
5.991412
5.9005423
6.054476
5.914935
5.8267546
5.9070864
6.0677166
5.991925
5.723669
5.8226676
5.8839407
5.866171
6.016595
5.7845135
5.741494
5.8641987
5.9552417
5.838001
6.0677032
6.3300147
6.062384
6.0549817
6.355029
6.029551
6.1576815
6.0897574
6.144363
6.04484
5.9598494
6.2429323
6.2120023
6.2386117
6.345032
6.438072
6.143423
6.339276
6.275033
6.306168
6.3952856
6.3819404
6.4850726
6.4900584
6.400988
6.501536
6.3793983
6.5246654
6.436261
6.318268
6.4031677
6.3880153
6.245022
6.55105
6.401212
6.4834256
6.3999357
6.2394543
6.5301776
6.385375
6.4661264
6.4825997
6.4580517
6.465871
6.4217014
6.581435
6.3922253
6.3402658
6.29729
6.215441
6.158261
6.14757
6.455002
6.4599447
6.5155435
6.408534
6.4889603
6.5633225
6.4415803
6.4504905
6.506419
6.696528
6.377723
6.5111217
6.351964
6.422504
6.576461
6.2825627
6.1772604
6.3525796
6.6660986
6.707394
6.4907074
6.7922297
6.800849
6.500981
6.531264
6.514496
6.618175
6.356439
6.6160326
6.643566
6.759088
6.733474
6.7348976
6.760776
6.5591044
6.617662
6.7668324
6.721497
6.5364957
6.3664064
6.6030254
6.3910675
6.4307866
6.300265
6.4499016
6.4866657
6.538036
6.386003
6.615214
6.437996
6.5608287
6.621172
6.501517
6.5785933
6.397679
6.746356
6.5159454
6.562587
6.8640447
6.8932695
6.6967998
6.831082
6.669911
6.7553544
6.9108434
6.8800154
6.942294
6.8989635
6.681402
6.8433704
6.760873
6.85353
6.862683
6.9030232
6.845963
6.778973
6.7729793
6.678772
6.635022
6.8026986
6.8620286
6.8207617
6.478952
6.798817
6.978929
6.9682455
7.0162606
6.9286175
7.0527544
6.7034316
6.6685348
6.673514
6.53127
6.8232365
6.802729
6.9917917
6.6314573
6.7633877
6.8448205
6.7766657
6.4751253
6.3719225
6.445627
6.6297097
6.7404547
6.5931177
6.7212434
6.6326485
6.5354524
6.576757
6.4130135
6.465539
6.3671083
6.0068293
5.984769
5.9722323
5.9445133
5.850995
6.2582297
6.278983
6.1003847
6.1413307
6.169388
5.9942737
6.0267506
6.0041976
5.8407545
6.0747485
5.9248743
6.0526376
5.937233
6.0645766
6.020907
6.0210342
5.967123
5.985186
6.124517
6.149167
6.1581326
6.053907
6.290481
6.011755
6.2308917
6.1149254
6.220645
6.1279817
6.17004
6.06199
6.044283
6.0665545
6.187906
6.129198
6.027039
5.9542313
6.0210752
5.8899746
5.935354
6.0646935
6.0091147
5.9302435
6.1336594
6.018969
5.9261236
5.96435
5.954143
5.853547
5.9270554
5.8060665
5.9093704
5.9056144
5.7409143
5.9005218
5.911403
5.7886543
5.7963905
5.944834
5.751005
5.848676
5.848616
5.6463647
5.9075527
5.775592
5.9683633
5.938658
5.9912443
5.6929674
5.636919
5.731029
5.8446274
5.8645163
5.776941
5.830114
5.8797836
5.813158
5.8481293
5.7252426
5.8280425
6.0718236
6.1321983
6.0833545
5.7711835
5.821803
5.9758325
6.1331463
5.881673
6.107788
6.057625
6.124673
6.047066
6.233201
5.891092
6.1251926
5.712539
5.9788647
5.885704
6.1227713
5.815365
6.182171
5.862391
6.096242
5.9747086
5.986327
6.088696
6.005137
5.801511
5.6705585
6.1117086
6.1552906
5.986224
6.0080314
6.141724
6.1593876
5.984167
5.9036775
5.853423
6.1171975
5.883662
5.878927
6.0034766
6.08455
5.9895973
6.0225606
5.829337
5.8919764
5.8567185
6.147935
6.1247473
5.7897663
5.8053193
5.61343
5.7708974
5.7450438
5.8978615
5.8988247
5.8203955
5.7674494
5.6894603
5.913305
5.8274612
5.92505
5.7467833
5.8105693
5.785019
5.941997
5.870096
5.880992
5.7238293
5.7909493
5.7917213
5.676194
5.696534
5.74802
5.7612705
5.6040874
5.716922
5.601056
5.7066035
5.218235
5.6741686
5.376709
5.584379
5.5277715
5.452222
5.3622174
5.2698064
5.603255
5.290044
5.4275937
5.3783855
5.561179
5.2973933
5.48708
5.368321
5.6581926
5.3346314
5.4840393
5.2884197
5.533285
5.5838437
5.3123
5.5732317
5.5591917
5.3862877
5.523262
5.50319
5.5417824
5.507324
5.5059576
5.65699
5.2711616
5.3976517
5.5753274
5.4182997
5.260792
5.418336
5.4692316
5.1302195
5.250386
5.305846
5.412035
5.3485203
5.048923
5.2512107
5.371337
5.2741375
5.147286
5.198034
5.117459
5.371814
5.23596
5.2327113
5.603546
5.4930058
5.23772
5.263123
5.4576283
5.500938
5.762461
5.5827255
5.498971
5.6850986
5.735901
5.4718614
5.45605
5.763409
5.7541304
5.4284425
5.484412
5.558173
5.7388372
5.4905376
5.291805
5.4278812
5.469548
5.3416266
5.636998
5.253319
5.2389193
5.474351
5.3919044
5.3421755
5.269096
5.219939
5.2293305
5.4001856
5.336116
5.1648927
5.222563
5.168976
5.1390257
5.1852746
5.327015
5.34472
5.23008
5.325994
5.3572993
5.2830353
5.448174
5.3250694
5.2237144
5.3524184
5.3968635
5.2812104
5.293419
5.345456
5.3710933
5.223976
5.253765
5.2777796
5.2108893
5.136674
5.271418
5.1118817
5.209062
5.09096
5.0564775
5.347793
5.221282
5.231699
