10000
8.855925
8.894522
8.842512
8.898587
8.876266
8.818639
8.897623
8.863003
8.824477
8.865965
9.019688
9.002464
9.009519
9.023256
9.070306
8.941676
8.815331
8.837641
8.878685
8.887012
8.89477
8.971702
9.032063
9.059419
9.0974
9.073157
9.134813
9.136303
9.157341
9.156444
9.135529
9.143045
9.054917
9.007448
8.942007
8.964034
8.935296
9.023968
9.00778
9.04377
9.060867
9.128103
9.135676
9.127192
9.068688
9.139687
9.132026
9.06319
9.007679
8.935916
8.90552
8.902407
8.962897
9.05513
9.091387
9.189315
9.191882
9.193496
9.202212
9.152608
9.094902
9.039874
8.9852295
8.968887
8.978762
9.048559
9.022432
9.0541525
9.029931
9.042386
9.002441
9.062552
9.02754
9.062149
9.04587
8.999342
8.993869
8.949216
8.966642
8.931801
8.784878
8.762955
8.7700615
8.805954
8.760654
8.783473
8.860563
8.82933
8.874748
8.789043
8.877847
8.873372
8.934473
8.881399
8.913094
8.911775
8.921003
8.942304
8.851841
8.837885
8.839083
8.810007
8.795844
8.819386
8.821524
8.81052
8.814131
8.868125
8.783412
8.867227
8.827831
8.930559
8.887432
8.870677
8.860879
8.851772
8.871677
8.858451
8.920183
8.942293
8.813359
8.876251
8.816049
8.839981
8.915874
8.827238
8.840492
8.835609
8.828819
8.899776
8.851951
8.9405365
8.922427
8.918554
8.873632
8.837209
8.853264
8.810194
8.868844
8.891921
8.970707
8.925608
8.89366
8.827148
8.850313
8.750453
8.778215
8.734157
8.719488
8.70932
8.698684
8.759759
8.669928
8.800426
8.712626
8.771016
8.724002
8.685224
8.606507
8.546899
8.493783
8.4119
8.416206
8.420818
8.610739
8.564964
8.521005
8.507247
8.448598
8.350358
8.282508
8.249126
8.124141
8.148713
8.001355
8.026135
7.896625
7.8699255
7.757572
7.6591473
7.3286214
7.1149373
6.784612
6.4439735
6.031232
5.4215617
4.9192905
4.508652
4.4674335
4.1085405
4.1928988
4.1444645
4.254839
4.1588206
4.017276
4.0623612
4.3733068
4.3321433
4.087154
4.6321735
4.4729023
4.519457
4.6777973
4.5718875
4.5693316
4.7129245
4.67396
4.695019
4.7035723
4.5184903
4.5007834
4.534343
4.726474
4.750839
4.7812257
4.7740827
4.566403
4.6035614
4.654521
4.55164
4.6669235
4.7092485
4.719303
4.828557
4.593304
4.794047
4.797274
4.6938214
4.696744
4.6869383
4.5342917
4.684239
4.638073
4.611707
4.631827
4.3330293
4.19122
4.0368013
4.178787
4.044366
4.137781
3.9868636
4.07722
4.1398563
4.0493546
3.6807642
3.8109229
3.6543636
3.9997315
4.0152874
4.096398
3.471789
4.0370708
3.981468
3.9946828
4.081398
3.267766
3.6926086
4.1125183
3.0806108
4.0512757
4.2270093
4.150377
4.1630206
4.2535915
4.274107
3.7992828
4.3005233
4.1917477
4.27134
4.0024033
4.23964
4.3981657
4.151514
4.12749
4.290932
4.212715
4.09663
4.245675
4.1251755
4.0883136
4.112153
4.3003697
4.233534
4.2945642
4.219716
4.24896
4.4068193
4.363065
4.3500414
4.4372582
4.1634808
4.4261785
3.5806706
4.3664865
4.580785
4.6059914
4.553196
4.566593
4.455338
4.6042314
4.590538
4.583958
4.5527935
4.316203
4.360302
4.3219857
4.5181046
4.529912
4.6250296
4.6261635
4.692112
4.5211163
4.5787907
4.8617606
4.659698
4.563114
4.6057224
4.592182
4.071098
4.2943373
4.29039
4.4810157
4.740868
4.529811
4.280506
4.1501784
4.0295386
3.9900787
4.246436
2.8911643
4.2884502
4.4591036
4.168459
4.3023624
3.9702542
3.321372
3.5727081
3.2990263
3.2782123
2.7646854
3.4563403
3.0239286
3.3896737
2.776035
2.6249008
2.6998644
2.927102
3.075322
3.2269788
4.6203895
4.6455784
4.6367626
4.639374
4.5054893
4.362091
4.373535
4.17434
4.2883563
4.206327
3.9663825
4.383811
4.2669907
4.161405
4.261284
4.185415
4.241385
4.3020372
4.3276386
4.4252067
4.3900604
4.3669796
4.272564
4.366397
4.3085613
4.307871
4.178708
4.298455
4.300085
4.290524
4.3181434
4.16077
4.208436
4.2628045
4.3643537
4.0924006
4.2847667
4.372642
4.2510524
4.256189
4.319385
4.301654
4.3003063
4.1695433
4.242315
4.2562804
4.2516594
4.2867737
4.3167396
4.2271585
4.310011
4.3700557
4.217021
4.2449584
4.341719
4.326255
4.2718644
4.281315
4.321465
4.288363
4.2175784
4.3054085
4.2443843
4.1842527
4.326401
4.2411966
4.194074
4.3075027
4.3170347
4.3618317
4.1771827
4.299259
4.3029194
4.3233833
4.2118382
4.2125125
4.2689257
4.247399
4.256561
4.247107
4.2754893
4.2966824
4.3552485
4.2540536
4.16097
4.4524055
4.1984863
4.3178535
4.3791275
4.2164893
4.3159556
4.288382
4.171535
4.2024574
4.2886243
4.3707027
4.28952
4.3418617
4.1267405
4.9371367
5.024164
4.568221
4.2834816
4.4438243
4.3909817
4.361832
4.4699683
4.148796
4.283499
4.471135
4.8222747
4.4161396
4.3164577
4.631471
4.3458924
4.427486
4.2605147
4.1924067
4.357487
4.272648
4.2289996
4.3548956
4.347989
4.3966904
4.381356
4.3860807
4.2514677
4.4347596
4.508228
4.820219
4.7269287
4.5631747
4.526097
4.4231052
4.4170427
4.4760303
4.2235694
4.445449
4.5688105
4.5788307
4.5050774
4.5921755
4.5646896
4.6235127
3.722846
2.6932054
4.6568494
4.681528
4.778843
4.5176344
4.704532
4.6233454
4.608531
4.6546664
4.713229
4.5930295
5.389922
6.1819563
5.954449
5.8382716
5.7497926
5.702277
5.606795
5.340669
5.144519
5.0306377
4.763442
4.783005
5.0391235
5.026899
4.8840156
4.518538
4.582731
4.7326
4.8246694
5.573277
5.380733
5.9157944
5.8724833
5.662156
5.8845186
5.2902226
4.8093653
5.0612345
5.603492
5.9669867
6.3747244
5.954196
5.2486205
5.1236434
4.6615314
4.7687078
5.540416
5.552034
6.2278743
5.2844205
4.434275
4.3046007
5.254987
4.9718795
5.0464487
5.6165257
5.965508
6.5451818
5.887783
6.519161
7.853568
7.814885
7.124529
6.2648573
4.9953218
4.756021
4.6594915
5.7358723
6.475452
8.257128
7.375606
7.0611115
6.831152
5.793011
5.7568693
6.1437287
7.1945925
7.1930842
7.13661
7.0795527
7.0860357
6.099219
6.205352
6.77935
7.449684
7.958634
7.7418513
7.556743
7.719224
7.3639693
6.0548735
7.271278
7.573755
7.589744
7.6397734
7.068521
6.841274
6.057827
4.6708975
3.9258165
4.2849617
3.709441
3.4318454
3.6549935
3.5244899
3.499298
3.3942633
3.4384422
3.6832304
3.5251193
3.5377977
3.622461
3.6073163
3.6272404
3.5160503
3.9449456
3.931285
4.049179
4.140593
4.2407675
4.194629
4.1170473
3.869334
3.7366562
3.8789642
3.6837838
3.7296033
3.6715384
3.6288562
3.6624105
3.6836514
3.6406841
3.674425
3.5487034
3.8052905
3.8082547
3.7594407
3.9470103
4.41307
4.0533543
4.0303164
3.9371974
3.9423175
3.768293
3.7429907
3.6410182
3.8710093
3.7778459
3.783713
3.7488503
3.7537653
3.7139785
3.7569125
3.7174177
3.7980921
3.5065784
3.6828542
3.787085
3.7135777
3.8355696
3.7642646
3.6770062
3.5609646
3.908525
3.811652
3.7923832
3.8384314
3.2460582
3.9603405
4.220472
3.8394952
3.7576835
3.7570498
3.765776
3.5822997
3.6886516
3.8188267
3.790132
3.7505703
3.5435903
4.23134
4.1412377
4.252937
4.1163764
4.1612015
4.292783
4.192854
4.313067
4.3280516
4.3989744
4.311537
4.3684554
4.4071593
4.178652
4.13751
4.1758556
4.0662766
3.9662702
3.898746
3.8672895
3.8032627
3.7711215
3.8509765
3.7316709
3.7312891
3.6664276
3.6586413
3.7859323
3.657575
3.7091126
3.5210505
3.636405
3.5578582
3.628708
3.6982133
3.7653933
3.7783768
4.071448
4.471346
4.38924
3.8621247
4.030752
4.124675
4.12645
4.883406
4.304356
4.194441
4.5287433
4.6886435
4.337833
4.2878375
4.4461517
4.326763
4.977496
4.6109333
4.3220773
4.2753367
4.111866
3.915514
3.8231153
4.0053954
4.294093
4.896379
4.7130566
4.6043262
4.3719287
4.543128
4.315775
3.9838839
3.970075
4.1501446
4.069336
4.4888897
4.366192
4.3801036
4.5587273
4.214578
4.266907
4.3352222
3.8308353
3.9803014
3.8885977
4.2299414
4.4532037
4.4650664
4.606173
4.459358
4.7339716
4.596435
4.683606
4.5066485
4.7589536
4.8232856
4.8616414
4.811342
4.82051
4.5879774
4.5513325
4.339616
4.391535
4.2853174
4.304743
4.296833
4.3129015
4.2143354
4.191813
4.248698
4.052522
4.133155
3.9319606
3.912126
3.9963548
4.111792
4.07009
3.9879253
4.0894876
4.0062323
4.0189147
4.047641
4.073222
3.97849
3.988573
3.9659193
3.9639683
3.9359922
4.0173483
3.9952567
4.0754566
3.9382613
4.058143
4.088728
4.0250616
4.068224
4.0810204
4.0343976
4.0083714
3.8687575
4.084318
3.9388154
4.1395392
4.1471624
4.156138
4.3011913
4.597002
4.529803
4.5533237
4.592889
4.446246
4.496934
4.518119
4.102297
4.1916323
4.0910854
3.9390733
4.0130095
3.961972
3.911198
3.9615653
3.9559278
3.9833186
3.9402966
4.028385
4.011416
3.9612367
3.969214
4.0377064
3.9704404
4.041838
3.97392
3.9096935
3.9635785
4.003633
3.9176533
4.030747
4.0313005
4.0708613
3.9460852
4.0580993
4.0849047
4.0817833
4.041587
4.0730596
4.0599947
3.9704332
3.9485936
3.9843764
3.9220839
3.9477887
3.9239023
3.8925016
3.8488925
3.8913002
3.9623857
3.848549
4.0171704
3.9272254
4.023179
3.9806113
3.8965774
3.9329443
3.9209154
3.948848
3.9176881
3.9142847
3.945437
3.919126
3.9778643
3.940371
3.9518783
4.0294356
3.9441314
3.993544
3.8830657
3.9583802
3.9546332
3.9231493
3.9812906
4.029915
4.003667
3.961769
3.9635663
3.9972157
3.9942355
4.0140567
4.0503917
3.9682937
3.9685876
3.956076
3.987301
4.0174274
4.0177884
4.028101
3.9771419
4.08603
4.2102904
4.0973883
4.061787
4.0052404
4.0719404
4.098418
4.040352
4.0533085
4.016244
4.127352
4.1210346
4.1546755
4.12541
3.9308739
3.9581478
4.0881095
4.1070642
4.0958576
4.219704
4.2566004
4.2841735
4.449695
4.5174494
4.622142
4.522713
4.5884566
4.5616
4.5436068
4.567765
4.295921
4.0851145
4.1669374
4.2184772
4.1172404
4.3804455
4.3630543
4.3936043
4.4342923
4.567168
4.5602417
4.529666
4.5757713
4.5267434
4.310709
4.429551
4.199051
4.318137
4.302684
4.2652817
3.8716156
4.1011124
3.9481707
4.394922
4.3688397
4.460146
4.548173
4.581239
4.490247
4.3709106
4.6592884
4.2185493
4.0886707
4.1863766
4.234976
4.6248493
4.863585
5.051065
5.133863
4.8343606
4.5630627
4.3461227
3.995507
4.1327024
4.170769
4.4332347
4.6588526
5.027911
5.1673927
5.4081903
5.412597
4.9900713
4.7331257
4.7180824
4.316677
4.2983274
4.6464233
5.125718
5.2676477
5.585612
5.5610986
5.4294863
5.329195
5.0922866
4.8551893
4.5698028
4.401013
4.3216515
4.27224
5.010817
5.0372505
5.2555513
5.186199
4.743994
4.716184
4.4588876
3.9061825
3.7525067
4.0445213
3.9449134
3.8903651
4.087168
4.0890284
4.2841845
4.089997
3.737656
3.655521
3.4550896
3.829148
3.646439
3.209396
3.1246502
3.1356254
3.351801
6.153431
6.081967
6.1541233
6.414233
6.4068356
6.5932546
6.614269
6.558434
6.4102874
6.399343
6.2401643
6.323499
6.0060225
6.0952888
5.9516335
5.7602873
5.5771384
5.534307
5.564288
5.611579
5.448811
5.344707
4.870576
4.673889
4.951627
4.5757895
4.402719
4.259399
4.039694
3.6926076
3.0621336
3.204762
4.2050714
3.1259031
2.8804603
3.001161
3.1372356
3.496895
3.8115573
5.323547
5.733831
5.543465
5.597882
5.596344
5.6411366
5.5856247
5.599921
5.581573
5.516817
5.6696215
5.6519394
5.8247576
5.9022927
5.9713683
5.956498
5.981542
6.138468
6.385079
6.2409134
6.135083
6.1820245
6.3380485
6.246153
6.247346
6.0630307
6.093756
6.0657086
6.0364256
6.077153
6.064511
6.150269
6.3125796
6.359948
6.329825
6.295168
6.180733
5.9613113
5.9057546
5.7887106
5.819069
5.8008156
5.8293047
5.850014
5.868415
5.867896
5.9185104
5.916938
5.94648
5.8571553
5.873993
5.813389
5.8285646
5.8171525
5.810133
5.8201504
5.761482
5.7995467
5.7814426
5.7720027
5.823163
5.8062515
5.8282666
5.8348556
5.842275
5.845916
5.831542
5.857171
5.823328
5.8733253
5.9414697
5.9588804
6.1376295
6.178777
5.9140882
5.99563
6.025558
6.0737305
6.1091647
6.235591
6.297079
6.3925357
6.397029
6.5227675
6.486586
6.674761
6.9089155
6.9770613
7.0469484
6.9621353
6.886163
6.8785677
6.9078217
7.1730456
7.1456428
6.96212
7.0359087
6.9505653
7.0491743
6.9433956
6.8897905
6.928302
6.9265723
6.925288
6.9216723
6.8812695
6.865131
6.9769745
6.8829684
6.9814005
6.861355
6.9935465
6.8657713
6.9509096
6.8258514
6.9740124
6.837952
6.9253387
6.8292394
6.9028587
6.899292
6.8975854
6.8383036
6.973639
6.8971624
6.952165
6.919416
6.927622
6.935838
6.829284
6.93964
6.8398457
6.8901935
6.826146
6.8462734
6.833159
6.943012
6.889659
6.9183183
6.881198
6.894919
6.9105105
6.96716
7.0382786
6.9567604
6.9601355
6.7621837
6.6860228
6.705698
6.7341948
6.667114
6.7777114
6.667842
6.765732
6.687243
6.7366714
6.7332096
6.9852586
6.8333693
7.004524
6.906212
7.01912
6.925069
7.054191
7.0246496
7.011963
6.897991
6.8915167
6.8313265
6.8267255
6.89159
6.9198766
6.3826485
6.210939
5.874926
5.342815
5.91402
6.3369236
5.829541
6.0911636
6.52596
5.246745
6.2303867
6.336781
6.3364315
6.458084
6.442448
6.0967336
6.2110114
6.628108
6.5345173
6.4241424
6.292674
6.3692284
6.338254
6.448496
6.5070047
6.601168
6.8037477
6.9397364
6.815922
6.8642445
6.7720838
6.7486467
6.7670803
6.693472
6.799377
6.8237553
6.754796
6.7651367
6.741884
6.698452
6.7493224
6.7733564
6.776119
6.7534747
6.812445
6.7542443
6.738621
6.6625366
6.632024
6.6247034
6.6803846
6.619057
6.352826
6.3503065
6.344752
6.504342
6.4347253
6.4986687
6.609959
6.6906137
6.6734834
6.5576935
6.55855
6.5478573
6.4952826
6.442256
6.389141
6.4262104
6.611951
6.5846214
6.600706
6.646619
6.680045
6.8303847
6.8986993
7.073167
6.653805
6.2644267
5.965904
5.1250987
3.7244065
3.3022058
3.4400394
3.7945936
3.2923865
3.3677154
2.660213
3.6482894
4.153455
3.337358
3.167549
4.188766
3.2254362
3.9699981
3.5806503
3.9610062
3.8047328
2.9343367
4.3300467
4.234786
4.217286
4.321249
4.3319793
4.441303
4.5525312
4.5552287
4.6629205
4.5959783
4.6155295
4.718947
4.65398
4.553959
4.813405
4.804056
4.9144154
4.8294296
4.8204436
4.8202477
4.832166
4.7969713
4.6847453
4.76436
4.6811504
4.8019357
4.821705
4.736869
4.7845936
4.8050857
4.740191
4.719461
4.713082
4.731106
4.750512
4.7684846
4.7680416
4.68996
4.8297305
4.69257
4.8070993
4.683698
4.817135
4.7327285
4.8023605
4.7911005
4.793015
4.7819786
4.7922106
4.8268394
4.8087945
4.8374805
4.7272854
4.797632
4.6401844
4.7768164
4.661949
4.744075
4.8161306
4.750109
4.751679
4.7666645
4.7436604
4.831497
4.8376026
4.732229
4.758261
4.734444
4.717464
4.750665
4.860718
4.7570753
4.784669
4.7724385
4.8633623
4.7710004
4.818041
4.805285
4.867405
4.756356
4.8562818
4.7868395
4.9075575
4.789956
4.837515
4.803791
4.9010043
4.792512
4.870984
4.835579
4.8619924
4.833016
4.7831626
4.9130297
4.837415
4.812827
4.815747
4.894044
4.7353277
4.7703834
4.8080654
4.845168
4.816176
4.7683487
4.720494
4.79702
4.745914
4.753911
4.746321
4.8328195
4.8044143
4.787551
4.737012
4.8252425
4.740937
4.8051357
4.798763
4.7790413
4.877529
4.850268
4.9076743
4.8729253
4.9270473
4.9035807
5.009942
4.905649
5.0333
4.890937
4.9947314
4.9498897
4.965149
4.906786
5.0021343
4.9669614
4.8756237
4.9291897
4.8345103
4.927
4.855022
4.9183297
4.8599343
4.910535
4.83319
4.976208
5.360789
5.334211
5.5389366
5.538179
5.4776287
5.6132765
5.5795803
5.710148
5.64698
5.6878304
5.716741
5.7247553
5.712969
5.769566
5.740649
5.723042
5.7066746
5.694683
5.738044
5.6663513
5.737838
5.7158356
5.687125
5.595511
5.6015096
5.5292387
5.6068244
5.495448
5.568992
5.488737
5.542163
5.5017166
5.5634537
5.534252
5.5158153
5.5557394
5.545347
5.5381064
5.541383
5.5600553
5.582453
5.568915
5.563738
5.566846
5.63036
5.621491
5.724928
5.724905
5.7239122
5.6128354
5.74364
5.725196
5.8259344
5.877057
5.9303436
5.9077272
5.912778
5.867956
5.7491903
5.9294586
5.8096857
5.8991494
5.8273582
5.9232464
5.842043
5.982953
5.6963634
5.8180046
5.668056
5.755538
5.8734274
5.725353
5.724038
5.790377
5.644001
5.758309
5.758038
5.776111
5.7836146
5.9384665
5.82876
5.7003145
5.7151594
5.7308292
5.7284303
5.763939
5.7187195
5.813271
5.767467
5.8437552
5.7682204
5.8464622
5.8176994
5.8307343
5.8504677
5.838328
5.85727
5.8523474
5.8252335
5.815088
5.7070208
5.702039
5.752635
5.823107
5.6633816
5.644111
5.569545
5.591156
5.40632
5.089897
5.1664987
5.5264883
5.056841
4.6106544
2.979655
4.9543457
4.707951
5.3977747
5.5567126
5.8411665
6.2101884
6.4845085
6.4577603
6.2822304
6.3686976
6.476411
6.547964
6.494314
6.5241737
6.5280614
6.424356
6.2898517
6.281325
6.1433105
6.054726
6.310545
6.800968
6.5562086
6.3909693
6.683524
6.4112935
6.5348725
6.654701
6.843102
6.6588717
6.1926384
6.4074473
6.0312777
6.152396
6.654797
6.778395
6.754743
6.328336
6.3721642
5.866758
6.269567
5.6147685
5.5772266
5.153489
5.295854
6.1261396
5.984148
5.978172
6.2661877
6.1797876
5.4218583
5.7419586
6.240102
6.2617574
6.728288
6.549131
6.0130644
5.589525
5.808088
6.0343857
5.7345486
5.553034
