10000
5.1389556
5.139011
5.02818
5.2145824
5.151083
5.1871276
5.124645
5.1697946
5.173108
5.1061816
5.089721
5.1032467
5.155025
5.1046586
5.155289
5.140472
5.148159
5.2429047
5.2666445
5.2171073
5.1449237
5.0918493
5.268745
5.1767178
5.204055
5.261315
5.1942954
5.1827507
5.2407737
5.2120004
5.2830243
5.1913176
5.2131286
5.2388344
5.142761
5.244183
5.276556
5.170318
5.231492
5.1707354
5.1801414
5.190693
5.180417
5.2144866
5.1760674
5.190421
5.2544975
5.2149644
5.152479
5.2304506
5.218476
5.2346826
5.004692
4.9120617
4.8330007
4.7444777
4.906389
4.8945107
4.8713427
4.758808
4.9440603
4.8026743
4.701488
4.8115144
4.6389985
4.817724
4.7970915
4.8018217
4.8736258
4.8982058
4.823668
4.900008
4.76398
4.762514
4.7193484
4.7071056
4.652469
4.7328744
4.6753554
4.6451178
4.7622914
4.7531805
4.5894275
4.67192
4.637241
4.6863422
4.700204
4.6508446
4.657378
4.5705748
4.574928
4.552369
4.592049
4.6410847
4.7108464
4.758093
4.6024194
4.5902777
4.667924
4.6283965
4.5823994
4.5491047
4.655458
4.5597453
4.6019115
4.5726657
4.6414933
4.6293116
4.672712
4.6235824
4.6885986
4.6294
4.5077066
4.543788
4.4281354
4.409758
4.5281553
4.5370684
3.2599015
4.3509026
4.1704097
4.236558
4.0875707
4.061942
4.044267
4.0367255
3.9450762
3.9282954
3.9086432
3.8968668
3.8239646
3.6904652
3.7631536
3.6988044
3.7150624
3.567998
3.6435084
3.5457902
3.6593919
3.5451884
3.5477586
3.3559163
3.400408
3.5473986
3.5235677
3.4643216
3.4373584
3.371579
3.326178
3.3526628
3.3003702
3.3816004
3.3420486
3.3334475
3.2701817
3.2261052
3.2865443
2.998301
3.1856384
2.979968
3.631416
3.1489656
3.189369
3.9070127
3.0566692
3.2344987
3.1555223
3.1637816
3.040309
3.1134758
3.645857
3.2666402
3.214847
3.733046
3.1898987
3.1808953
3.2461138
3.208461
3.160341
3.226401
3.2637494
3.2874298
3.331072
3.297765
3.2071633
3.1715472
3.2645464
3.2738528
3.1952033
3.1521997
3.2495623
3.2866352
3.2281895
3.2754855
3.870345
3.8274295
3.269743
3.2624984
3.2599795
3.8065343
3.2984262
3.3153586
3.2768998
3.2467124
3.264589
3.2658427
3.2590923
3.2910326
3.3042188
3.329835
3.2983308
3.3267093
3.219937
3.2853236
3.5568006
3.2746477
3.2317681
3.25535
3.1826205
3.2994556
3.2307332
3.5566282
3.512651
3.3103008
3.3148773
3.2758803
3.2243948
3.229899
3.288748
3.297748
3.321734
3.288312
3.319404
3.3335621
3.4156647
3.3708253
3.3343651
3.2517447
3.2562985
3.2758331
3.3171475
3.2411838
3.2215567
3.2454724
3.251975
3.2625184
3.2210426
3.2651806
4.074984
3.3421593
3.2505424
4.370701
3.2560165
3.3016324
3.2571177
4.45726
3.2021508
3.2360547
3.2567153
4.3527594
3.252071
3.2200239
3.216475
3.2747178
3.267409
3.2735023
3.2106524
3.2286267
3.3353696
3.2747755
3.1962097
3.6266732
3.2699199
3.2364922
3.2458067
3.2992353
3.2823744
3.2554195
3.7192056
4.463266
3.5127485
3.2248702
3.3224096
3.2637239
3.223862
3.2603283
3.1980448
3.2142587
3.2508965
3.3320198
3.2222872
3.225016
4.577478
4.642152
4.6815352
4.6339417
4.5363674
4.558446
4.5397596
4.5961866
4.6370335
4.6371403
4.555222
4.5151157
4.656581
4.5355144
4.534883
4.6301346
4.51696
4.5807953
4.508091
4.5863895
4.521163
4.550946
4.5480742
3.4025378
4.370859
4.5621924
4.505074
4.6163144
4.582502
4.706685
4.7426124
4.69641
4.619156
4.5867753
4.5867167
4.608982
4.578683
4.6278305
4.675814
4.649591
4.6057034
4.6042795
4.5962214
4.654998
4.637222
4.6373696
4.5692043
4.3595133
3.941736
3.5985591
3.6424553
3.5523
3.5551226
3.640099
3.605677
3.528697
3.4832501
3.3998044
3.516069
3.4433908
3.5218983
3.6555023
3.597474
3.5260324
3.663675
3.526909
3.4489417
3.4782248
3.5716486
3.6110952
3.5660145
3.5391757
3.6359584
3.6271305
3.6558323
3.5438464
3.6302114
3.6042924
3.6691704
3.6465201
3.668394
3.597271
3.6080365
3.604896
3.193887
3.143998
3.1744413
3.236939
3.253042
3.2785769
3.355176
3.2373168
3.2174585
3.2453604
3.153542
3.6961455
3.5952556
4.171839
3.587187
3.5070572
3.5140605
3.5188892
3.2279167
3.118427
3.1556897
3.1740632
3.0871022
3.2038922
3.4812887
3.2337365
3.7781415
3.2140346
3.1928272
3.2461607
3.1769624
3.1535773
3.2082222
3.1666722
3.1351964
3.1559606
3.1740015
3.549814
3.2315323
3.5327697
3.4287453
3.4150367
3.2535956
3.187403
3.2624047
3.3377614
4.091066
4.1107917
4.2677402
3.4260852
4.089988
2.5097675
4.258369
4.144802
4.3292117
4.2588434
4.1898475
3.0440965
3.123572
3.0272286
3.1425974
3.2693765
3.188881
2.7662413
3.0962205
4.2152166
3.2468557
3.965573
3.1041336
2.7280772
3.234126
3.2104077
3.1915896
3.2206743
3.2125144
3.185144
3.8126626
3.3278494
3.4675672
3.5954204
3.5188828
3.6199913
3.523382
3.656414
3.650219
3.990848
4.052388
4.099287
4.0928893
4.2524347
4.3161445
4.3385725
4.4247456
4.5245385
4.5775466
4.5137143
4.5368056
4.5679245
4.585427
4.5824285
4.622797
4.7149315
4.790415
4.7266912
4.794622
4.732048
4.7826715
4.730418
4.742876
4.711718
4.7073555
4.6617684
4.668009
4.705028
4.610981
4.7212343
4.662698
4.7382374
4.627303
4.6185985
4.56712
4.651141
4.5491967
4.6129313
4.612685
4.643156
4.5990067
4.6736326
4.584914
4.6329455
4.529325
4.5771194
4.545166
4.644272
4.545127
4.56516
4.5737514
4.53999
4.575034
4.5911365
4.564961
4.428382
2.2907667
4.4297557
4.3445916
4.138316
4.1034975
3.9592812
3.7566612
3.7059188
3.4809017
3.4483063
3.807512
3.9258552
3.720072
4.39985
4.4381194
4.5147266
4.5548544
4.6580405
4.624092
4.6084123
4.834177
4.989481
4.8949757
4.6601562
4.591495
4.597054
4.606876
4.6218033
4.6354566
4.7093005
4.479
3.297628
4.1986675
4.1646795
3.9554882
3.919261
3.9693847
4.034878
4.037102
4.2821236
4.2032447
4.490842
4.5014925
4.5799456
4.606756
4.5251064
4.523242
4.5852165
4.5485744
4.5292177
4.625648
4.542298
4.5890417
4.593576
4.5845137
4.557127
4.613049
4.660737
4.5507865
4.602405
4.5688696
4.5761127
4.6581216
4.586727
4.6126165
4.559497
4.6253805
4.5682006
4.5863233
4.5647087
4.5674024
4.5222363
4.568501
4.5636873
4.574195
4.5401077
4.5558543
4.573528
4.568091
4.5198565
4.6125307
4.5582213
4.5013094
4.458976
3.017114
4.4396663
3.5793808
4.656934
4.598586
4.527056
4.4354477
4.2974586
4.3857493
4.3552823
4.406312
4.5005646
4.4245453
4.3406496
4.3544717
4.2248564
4.1043177
3.9653664
3.8371959
3.8006735
3.626279
3.8459575
4.1095104
4.203453
4.026067
4.0320067
4.095415
4.0606833
4.1549788
4.104625
4.091678
4.234819
4.119895
4.0917563
3.9610329
3.7063503
3.6096926
3.817953
4.029233
4.1613517
3.9630923
3.7864182
3.7813575
3.9543004
3.8725505
3.608632
3.3717444
3.535429
3.5368965
3.6177893
3.2266493
3.07005
2.9391646
2.9708242
3.3290603
3.313357
3.3721418
3.360218
3.3575807
3.3847616
3.3271995
3.368519
3.3445323
3.3125148
3.3576782
3.3582025
3.3141778
3.3209996
3.3526134
2.5306342
3.2650836
3.3230512
2.9648733
3.3684855
3.404577
3.311743
3.402195
3.382084
3.4169474
3.3111973
3.376646
2.5713146
3.4041042
2.6512022
3.3576386
3.2502966
3.406096
3.2189393
3.298196
2.7056892
2.4816835
2.6620226
3.4320033
2.8010688
3.5723386
3.3409386
3.3227654
3.3336282
3.4055266
3.748088
3.7244596
3.8057704
3.9487007
4.172903
3.859008
3.8527203
3.7503324
3.8759987
3.8914003
3.987232
4.0051866
3.927872
3.652143
3.5230665
3.5797145
3.3641849
3.1659553
3.4226432
3.485411
3.4048972
3.759036
4.0712266
3.8198984
3.53664
3.130431
3.2673242
3.214028
3.1467862
2.8715084
3.0381248
3.2295444
3.1761096
2.8807988
3.2024753
3.435923
3.4709742
3.638587
3.2929206
3.408098
3.4132123
3.6393385
3.7099147
3.8775117
3.8853977
3.8018055
3.6801574
3.4603329
3.5140047
3.3529007
2.9638848
2.9922218
2.9260979
3.0326657
2.98944
3.2278602
3.2508116
3.283536
3.0998306
2.8288796
2.581752
2.3991704
2.4400668
2.5135427
2.3967865
2.3738391
2.3674283
2.4255602
2.3279748
2.4705296
2.5417743
2.478674
2.4282348
2.4841042
2.6875048
3.0106053
2.9115043
2.8940272
2.7124343
2.6982365
2.8384795
2.8295999
2.665873
2.837121
2.9213922
2.894056
3.0547526
3.2575603
3.1373713
3.0576777
3.1666098
3.1656775
2.6573124
2.6706448
2.5574794
2.6911337
2.9670253
3.0298474
3.1711164
3.3963888
3.1998339
3.1562042
2.944867
2.8492703
2.6493475
2.4639473
2.6207705
2.7895644
2.7041862
3.054146
3.1926284
3.2450883
3.2859387
3.3545485
3.3092005
3.1269403
2.8735101
2.787089
2.4059415
2.4797342
2.4403112
2.4698
2.9827058
3.0481076
3.2087336
3.3376758
3.3457842
3.3050869
2.851787
2.4997914
2.317519
2.3394177
2.155112
2.1327832
2.1978323
2.3940582
2.6212168
2.957895
2.99202
3.0429816
3.0723832
2.8896532
2.555435
2.1468225
2.1234386
2.1971781
2.2413187
2.1389668
2.1691504
2.5363784
2.6148
2.5597386
2.7991602
2.9125779
2.9382446
2.6176443
2.5481234
2.680304
2.482938
2.6353803
2.8064249
2.657032
2.59469
2.734
2.7929523
2.8118882
2.6308322
2.9616172
2.9460404
2.645741
2.664897
2.514291
2.3236637
2.4363618
2.3608098
2.6418228
3.0908327
3.2488525
3.1796975
3.2580483
3.0476851
2.9899433
3.0003858
2.8215153
2.7807486
2.8213463
2.7205229
2.7288349
2.7848132
2.8116007
3.0758438
3.01268
3.1417618
3.2335863
3.3448415
3.1212096
2.882748
2.825365
2.7348137
2.6782374
2.892836
2.8648288
2.9691741
2.807527
2.9382274
3.2159562
3.2518835
3.3212643
3.5773413
3.1254897
2.848505
2.8216646
2.6297555
2.893757
2.8305397
2.9359124
2.89787
2.8778794
3.11005
3.2845685
2.9675038
3.022105
2.745979
2.5469813
2.78311
2.7753587
2.7195263
2.7064097
2.8961422
2.7142334
2.7531693
2.8766477
3.025994
2.7977338
2.925033
2.916543
2.5692701
2.8816402
2.4553423
2.4290886
2.5497508
2.8605273
2.693772
2.7374456
2.745841
2.8697538
2.834008
2.754961
2.597488
2.4425206
2.522368
2.434721
2.5408995
2.556151
2.4030068
2.5475147
2.6053457
2.9952624
2.8869193
3.0135756
2.8613806
2.826663
2.4425235
2.6174343
2.502931
2.6637976
2.6600113
2.6610866
2.554609
2.715909
2.729302
2.8183897
3.035818
2.8145394
2.5402153
2.579872
2.6054785
2.559602
2.7498379
2.7210956
2.7878556
2.6091986
2.6050303
2.6989155
2.9173203
2.9745455
2.930325
2.6776266
2.6299145
2.5919695
2.615447
2.551507
2.4841726
2.7174401
2.8961918
3.069836
3.1616335
3.426539
3.6857233
3.3297997
3.281468
3.1332717
2.9079692
2.6147656
2.2299306
2.8163972
2.4615648
2.9742234
2.7095065
2.7701354
2.6670337
2.4507127
2.7076783
3.3849218
3.3521094
2.6166952
2.4604897
2.621611
2.667305
3.6856213
2.5883646
2.575038
2.7051492
3.6026237
2.9571707
3.1351902
3.3096128
2.887756
3.5391955
3.5748527
3.6246326
3.493177
3.6015453
3.5406313
3.557067
3.6290464
3.5838583
3.570045
3.6127334
3.629326
3.4966893
3.459934
3.5891938
3.656445
3.585404
3.6066473
3.5369296
3.5699081
3.441097
3.415904
3.1397803
3.2191565
3.2662196
3.1177602
2.794496
3.2648196
3.3182938
3.3373098
3.4793744
3.4912093
3.5867004
3.6550765
3.5655117
3.4770603
3.5813322
3.4838402
3.5634613
2.8486412
3.595826
3.5769062
3.598641
3.5322356
3.5727625
3.5173688
3.6012838
3.4599202
3.480527
3.5588198
3.6353517
3.19996
3.2279303
3.1680346
3.1624236
3.6101265
3.1810026
3.515439
3.6277409
3.1716373
3.210693
3.1729894
3.246768
3.4709148
3.1772175
3.2227864
3.2004352
3.633113
3.2007036
3.1509273
3.2173471
3.1280675
3.0490944
3.0005674
3.0750847
2.8764563
2.8649702
2.755166
2.7705164
2.8970146
2.6460962
2.8128
3.0495276
3.090169
3.0126069
3.110709
3.203137
3.1646118
3.1370854
3.2175007
3.1430407
3.2529612
3.2260933
3.1531937
3.2442424
3.242704
3.2425194
3.281879
3.301866
3.182531
3.2857351
3.2625363
3.231382
3.23065
3.2493796
3.2618763
3.1156693
3.29478
3.2913847
3.30276
3.327107
3.3032002
3.191782
3.2641668
3.1688313
3.1906362
3.1611285
3.129837
3.1363592
3.0912504
2.8384578
3.1339836
3.1630754
3.263254
3.2044797
3.1722813
3.2741532
3.2395246
3.1872697
3.4870617
3.0108624
3.5105593
3.0389516
3.02075
3.0232804
3.0977
3.1256695
3.1020098
3.5797005
3.1592927
3.529433
3.173825
3.5666506
3.5366628
3.5462894
3.5500274
3.2767644
3.3443837
3.5447364
3.520866
3.5903378
3.5266485
3.5264416
3.6003435
3.2082584
3.4454837
3.5650156
3.5100746
3.4699218
3.606544
3.6339793
3.4249792
3.3988023
3.2446623
3.1971383
3.3174999
3.550955
3.7609804
3.7502382
3.675981
3.7154875
3.578087
3.3816972
3.5602655
3.5406117
3.5540328
3.543091
3.5803561
3.5445032
3.549634
3.5943813
3.5747733
3.544716
3.5802283
3.5448399
3.5575938
3.6094584
3.5614922
3.6032085
3.6094403
3.5769756
3.5565224
3.5144086
3.5217247
3.4426546
3.4210024
3.345329
3.4481692
3.6196625
3.469867
3.4543726
3.6860485
3.4270043
3.4417014
3.3445606
2.401207
2.8414214
2.7334323
2.831922
3.1898632
3.6443338
3.7370644
3.9829304
3.947982
3.641015
3.6144629
3.6039107
3.3711247
3.1687534
3.3188908
3.4798968
3.4897332
3.571426
3.5859952
3.7224321
3.5487895
2.6777549
2.7401671
2.6510828
2.7339668
3.3286073
3.6526046
2.639734
2.6017933
3.6342468
2.6503544
3.157534
2.7170157
2.6580217
2.717016
2.682973
2.846741
2.6678414
2.7199016
2.753778
2.7531335
2.6890817
2.6731088
2.6890435
2.5916877
2.6037455
2.7041636
2.6963305
2.727567
2.68071
2.7419138
2.6835904
2.689146
2.7506008
2.7440298
2.7469816
2.7782278
2.762339
2.7363296
2.7727861
2.720345
2.7657802
2.7726822
2.815419
2.7474136
2.7509089
2.7123725
2.8071895
2.823851
2.7302325
2.7464075
2.730698
2.7221766
2.7483816
2.7839592
2.848319
2.7393196
2.7300804
2.7563972
2.7007532
2.7757814
2.6848352
2.732157
2.7505171
2.7700443
2.6317034
2.732358
2.8009336
2.8118434
2.7306318
2.7159896
2.7094355
2.670256
2.684843
2.4081345
2.7052464
2.7236295
3.0637364
2.5402408
2.7525525
2.7356975
2.7796748
2.7730465
2.7790287
2.8202662
2.7719705
2.7230134
2.7081351
2.7013292
2.6560595
2.6584806
2.6209164
2.6221113
2.3267393
2.6977656
2.322634
2.6846118
2.5426164
2.6879723
2.703265
2.4874527
2.488685
2.504851
2.5951018
2.5411518
2.6000133
2.553553
2.6461859
2.4254613
2.6694825
2.4308527
2.5640113
2.487232
2.543497
2.4623058
2.6571004
2.5202677
2.5329056
2.6310472
2.556173
2.6854534
2.5790896
2.4812932
2.5609765
2.6670969
2.575219
2.5092928
2.4729645
2.453855
2.382827
2.4321477
2.3789456
2.6297607
2.6450934
2.4259763
2.4015646
2.5556912
2.38938
2.674417
2.422159
2.6555967
2.5595183
2.350165
2.6485844
2.6833982
2.3370934
2.4416275
2.6110616
2.312115
2.4153047
2.6539588
2.6062236
2.5995085
2.6904545
2.6769414
2.4656196
2.5388608
2.5741558
2.6225748
2.504955
2.7491531
2.385627
2.3923874
2.6608753
2.7238693
2.3428535
2.4530027
2.490784
2.569022
2.443293
2.5957186
2.946526
2.659037
2.5712981
2.6883264
2.5241516
2.2021868
2.705587
2.6640842
2.5235634
2.5851803
2.6331909
2.6652143
2.4066443
2.5826094
2.5601385
2.3593562
2.2517705
2.496109
2.3977532
2.5668006
2.578756
2.6261036
2.438263
2.5122802
2.661179
2.6841774
2.4857655
2.614427
2.401136
2.3081985
2.6813803
2.4451625
2.5520754
2.438791
2.4479766
2.5960326
2.569457
2.441354
2.4090047
1.9999233
2.547645
2.3381548
2.3720145
2.4108891
2.599136
2.504251
2.4870238
2.5916374
2.5031037
2.533507
2.3110232
2.5606303
2.5562043
2.4943707
2.4447303
2.6021948
2.5806873
2.4804585
2.330791
2.511832
2.5766888
2.4501147
2.4331088
2.5079846
2.537845
2.5593839
2.5852075
2.587663
2.5069046
2.8242593
2.5186841
2.49864
2.6524467
2.5000703
