10000
4.6285686
3.9881687
3.946495
4.357026
4.221946
4.574101
4.6094537
10.263424
10.13927
10.07703
9.950259
10.108908
9.949022
10.0887
10.04439
10.064671
9.975866
9.948048
9.981448
9.865583
9.903801
10.055765
10.035625
9.881906
9.990878
9.938323
9.990359
10.009891
10.133249
10.224968
10.008636
9.85366
9.84826
9.9982815
10.064311
10.0992565
10.062949
9.93776
9.763362
9.732541
9.396134
9.150436
8.911911
8.668956
8.236707
7.439171
6.6828594
5.9643617
5.4976053
3.612604
3.6868758
4.535994
4.5752225
4.7120886
4.6055727
4.6513157
4.5667467
4.68576
4.5930414
4.320377
4.5738206
4.5819855
4.6660156
5.14738
5.0450234
4.910129
4.937418
4.5281396
4.6427875
4.2007766
4.547572
4.750067
4.8420234
4.8584986
4.877404
3.9055054
4.2186365
4.0473785
3.9983454
3.8867025
3.8388734
3.9076054
4.463033
4.040887
4.150385
3.8692057
3.9907565
4.0596495
3.9581647
4.020405
4.1423187
4.160375
4.559008
4.5214334
4.810792
4.6679296
5.348777
4.7270885
5.730849
5.143793
4.4708166
3.854637
4.626595
4.6950855
5.0952396
5.1885486
5.5569444
5.4747553
4.8484354
5.649109
5.2919445
5.7957625
5.9386253
5.52398
5.7233763
5.3475237
5.128731
5.678955
5.3323436
5.147345
4.233971
4.023096
5.212886
5.6347427
5.209079
4.8200555
4.6326327
5.3838167
5.653535
4.91406
3.33604
4.134625
4.7341285
4.5937214
4.6078577
4.824625
3.7999287
5.019289
4.726262
5.0369115
5.3966446
4.8303356
4.2159686
4.5219083
4.7188907
4.9125013
4.431612
3.905116
4.154334
3.292811
3.5258107
4.0157485
3.764256
3.6291208
4.4288483
4.983353
6.0822296
7.615364
6.935625
5.5831094
4.6965356
4.7338185
5.2474184
5.7335196
6.443796
6.2896585
5.0766845
4.3592005
4.2412467
4.242904
4.0653687
3.8624632
4.151951
4.1246576
3.8278382
5.1419373
6.2999215
4.94737
5.066024
4.8451943
4.65521
4.639941
4.7248087
4.806998
5.1568203
4.984193
5.457185
5.4475956
5.2437444
5.1316705
5.1464834
5.2211866
5.152945
5.3575144
5.2024374
5.2253137
5.176148
5.0127697
5.285262
5.041181
5.3694043
4.924358
5.273558
4.1751227
4.255387
4.783794
5.131227
4.1443105
3.5276713
3.8980873
4.3974943
3.8292077
3.6726382
3.5391247
3.6995845
3.9289286
4.0878296
3.4715424
3.7746742
3.6175632
3.8455868
3.9396825
4.110406
3.6879897
3.9419694
3.187978
3.541507
3.9086897
3.7422042
3.298319
3.6832004
3.7736018
3.9521716
4.142311
3.9488947
4.6758237
3.4260683
4.1744747
4.293909
4.4983706
5.021038
5.601088
5.616031
5.651186
5.586811
5.4123135
3.916582
5.379056
5.352485
4.8366594
4.565613
4.6733274
5.0488677
5.397944
4.88927
4.6442976
4.098538
4.0475483
3.4832673
4.3124704
4.3584313
3.8357506
3.512557
3.541118
3.0812335
3.5696967
3.4239306
3.0464416
3.0363111
3.3345902
3.5137806
5.067529
4.2842884
4.1264486
4.7197256
4.5993648
4.4291787
3.3574657
4.3369074
3.4025335
3.1455863
3.749174
4.4758577
4.5192003
4.69762
4.63389
4.4222503
4.0522995
3.6030831
3.6290941
4.8077087
4.738391
4.3616886
4.73611
5.1090455
4.1686454
4.4585285
5.068543
3.1668544
4.6282086
4.7713804
2.7344666
4.0195827
3.8726087
3.713365
2.9081113
3.1327205
3.5342374
3.315158
3.754373
3.8149424
4.661292
5.1366043
5.462632
5.2343407
5.125472
4.922471
4.8217244
4.7310085
5.5562124
6.2588525
6.220429
6.289337
6.1008396
6.1498356
6.687147
6.7374597
6.8119655
6.839734
6.9004126
6.5844293
6.4099607
6.5218153
6.1582975
5.698736
5.47752
5.2307324
5.4044175
5.792535
5.951616
5.8157415
5.6445026
5.505861
5.4537416
6.057126
6.0593777
5.3965344
5.176915
4.8151374
4.5166535
4.5405283
4.7717447
4.868044
5.2842445
5.4948626
5.6301627
5.440812
5.3538685
5.043275
5.1325436
5.027489
5.1651616
4.869846
4.5804777
4.8178506
5.186824
4.968674
4.881819
5.1736255
5.5448713
5.3959656
4.7998166
4.9131303
5.565406
5.5939364
5.4209547
5.1572933
5.504518
6.2552457
6.7411757
6.300328
6.016589
6.0352044
5.698686
5.930434
5.8599586
5.9357247
6.0980234
6.325923
6.342819
6.5398607
6.5423307
6.353444
6.477111
6.642328
6.6475134
7.0290074
6.6334305
5.960615
5.5099134
5.280001
5.1314173
5.3913145
6.012302
6.2167783
6.6296787
6.488742
6.5556664
6.60188
6.6471214
6.85878
6.2210937
3.669503
3.2492244
4.106009
2.8316038
4.399664
4.4660683
3.7565763
5.072464
5.4819956
5.4837317
5.303237
5.425084
5.5011888
6.168355
6.930388
6.6503835
5.269164
4.243889
3.4895232
3.4193206
3.188612
3.2874992
3.9206035
2.9963982
4.5479116
4.480674
4.0689406
4.480006
4.4662743
6.330203
6.3133817
5.9329863
6.065775
6.2275815
6.141073
5.6812773
5.390139
5.154499
4.9235716
5.0121837
4.7227244
4.609438
4.700917
4.9937234
4.5920396
5.177653
5.5159626
5.490251
5.0756855
4.9721427
5.1727076
5.2072697
4.980336
4.673422
5.5487466
3.3670733
3.6837044
4.1315293
3.5776064
3.2033882
3.4399884
3.4403737
4.692313
4.6621995
4.6285677
3.6476426
4.3240323
3.6132267
4.4137936
4.0844154
4.617582
4.5015
4.2333155
4.732526
4.763629
4.8245378
4.7030306
5.316393
5.2906303
5.066817
5.1059036
5.5303564
5.4962234
5.61534
5.5652533
5.597784
5.4294252
5.5349574
5.5287466
5.206828
5.5814967
5.2088113
5.0755067
4.9911046
4.396899
4.4942026
2.630932
4.0181293
2.8899424
2.618088
3.0805871
2.786169
4.3081293
4.500355
4.2976747
3.3410983
2.3110535
2.9230525
3.6128814
4.758756
4.501539
3.9767823
2.0916924
4.657354
4.579264
5.3379955
5.634291
4.928158
4.555696
4.707094
4.4215
4.7320204
5.539999
6.316276
5.6384516
4.807082
4.2525434
3.7700405
3.7162724
3.9570146
4.545333
4.6232896
4.666019
4.794315
4.957582
4.754031
4.451669
3.868734
4.4694304
2.422419
3.779532
3.3089094
4.2507277
3.8113961
4.617563
4.7268963
5.0905156
5.4242916
5.55597
5.711634
5.0162196
4.7389812
4.575017
4.6510468
4.8159623
3.8109
2.033816
1.7397997
2.0985603
2.0383556
1.9648952
1.7290463
1.818014
1.5042173
2.0919771
3.042483
2.1172297
1.4947144
2.0431402
3.4692578
3.3006148
3.4637544
3.4864736
2.505104
2.4030886
2.6284943
3.7202046
3.8145027
3.70764
3.826232
2.322563
4.1124964
2.0405757
4.0328317
3.660005
3.7834806
3.7462795
5.0991964
5.0907307
5.2367163
1.3977997
5.766219
5.792205
5.870493
5.5219345
5.2851377
4.9830546
5.154641
5.292075
4.9887533
4.8269606
4.3057323
4.251017
3.8911965
4.074088
4.2185884
4.790583
4.970661
4.701306
4.903732
4.879216
5.022565
4.7793436
4.5125065
4.388872
4.8099065
5.6947055
6.1614423
5.85204
5.9895496
5.730377
5.295557
5.20123
5.2484922
5.383709
5.2305427
5.464034
5.5748067
5.799865
5.7996216
5.7620435
5.7201824
5.7206087
5.8254657
5.8226986
5.964219
5.848977
5.9262776
5.820446
5.8010387
5.630495
5.790713
5.7771764
5.6396775
5.5098815
5.7283487
5.528123
5.384257
5.115403
5.056142
4.9741855
4.967594
5.526737
6.311926
5.478202
5.680117
5.8899064
5.8685336
5.333023
5.7639446
5.7441087
5.41597
4.8921328
4.57673
3.8729353
3.28204
4.0322714
3.2239137
4.8590083
3.8744345
4.8331814
4.572825
3.9498339
5.7337513
6.1563997
5.691243
4.9009504
3.5470164
4.385951
4.161997
4.4359365
4.474679
5.123545
4.9388037
4.969936
4.885731
5.1200943
4.788014
5.0681314
4.7292614
4.969557
4.6992993
4.6868916
4.6894546
4.9655113
4.8821597
4.806883
4.9475894
4.9069343
5.022503
5.040482
4.953019
5.0271835
5.0673213
5.1400423
5.0235147
5.004957
5.0993304
5.0457487
5.1762495
5.133713
4.811512
4.846725
4.897709
4.719943
4.9529953
4.940965
5.469313
4.3144727
3.9314203
4.398677
4.137185
4.385032
4.401895
3.3745852
4.2762136
2.860816
3.4124494
3.3267217
4.341236
4.3524117
3.9092336
4.0583982
3.381318
4.314651
3.6437192
3.5486255
3.8724844
2.657782
3.6346798
2.7690296
2.862237
3.2195752
3.2397428
4.4323425
3.029879
3.4489563
4.392805
3.6518774
3.914185
3.7310977
3.7494476
5.256616
4.2618446
4.2034397
5.568199
5.632798
5.8786206
5.904331
6.118419
6.2674685
6.18083
6.3247223
6.3909254
6.38542
6.3605585
6.346087
6.4290514
6.3790226
6.3303165
6.129594
6.079631
6.2455616
6.109627
6.156156
6.1464415
6.193244
6.2619214
6.1281614
6.070735
5.990925
5.8747497
5.8240175
5.701468
5.7069073
5.928266
5.8775234
5.7362657
5.786253
5.870301
5.6327147
5.834118
5.829838
5.832555
5.7788343
5.752466
5.844591
5.682742
5.7609134
5.82351
5.736782
5.7803297
5.8813176
5.900836
5.8370237
5.9808908
5.7698073
5.693403
5.761396
5.752235
5.7128277
5.6683054
5.8066072
5.6614766
5.6783695
5.6941
5.542601
5.6270866
5.6860933
5.662161
5.7931366
5.631133
5.5578713
5.792426
5.628691
5.7855043
5.695979
5.543036
5.714722
5.541245
5.6072764
5.6880054
5.569973
5.6032596
5.6488156
5.5893364
5.6660595
5.553998
5.269491
5.295535
5.518277
5.241099
5.0849113
4.9609785
5.1896977
5.222396
5.068668
5.1378846
5.5431886
5.587948
5.5943995
5.76268
5.710126
5.684971
5.8474717
5.893467
5.6723704
5.596326
5.747962
5.74251
5.883771
5.8380184
5.820613
5.839441
5.9255733
5.983216
5.888881
6.0021124
6.0441527
5.8154345
5.7121086
5.444892
3.8302147
4.7422953
4.760334
4.790594
4.696071
4.5995083
4.7937694
4.9496098
4.8089647
4.9664097
4.862324
4.9041443
4.718073
4.9255624
4.768935
4.8404965
4.900261
4.684344
4.68862
4.8618846
4.757023
4.556982
4.7578745
4.847356
4.7286487
4.7280827
4.602861
4.707046
4.7214904
4.770006
4.5436254
4.599502
4.704586
4.802715
3.7321205
4.5487185
4.141456
2.87985
4.4958577
4.745677
4.687479
4.9175096
4.852884
4.542778
4.5644574
4.99502
4.5108385
4.8426027
5.03857
4.9372478
5.153015
5.0920963
4.912797
4.7729893
4.7209673
4.6991796
4.638665
4.1705904
4.5049453
3.0239034
4.398006
4.4522605
4.5711656
4.524192
4.500189
2.388152
4.1082807
4.223857
4.0377903
3.7195802
3.717373
3.8891454
2.19627
2.4688876
4.007057
4.526163
4.4711266
2.97649
4.316206
4.0216312
3.0892744
4.2938104
4.204159
4.0908995
4.159143
4.531237
4.0002594
3.4137294
3.9605007
3.1107438
3.7683105
3.498145
3.7415423
3.9315083
2.9147625
3.5809884
3.6649108
4.0426493
3.903605
3.8024547
3.508904
3.175083
3.0393155
3.3447783
4.107686
4.016989
3.212688
4.015448
3.9432006
3.638061
4.1609325
4.1454597
2.8563576
4.5391927
4.1399794
4.2671547
3.5640862
4.6164923
3.3357291
4.0047674
2.37183
3.4415097
4.192237
4.2200427
4.235592
4.1512747
4.166295
4.040479
3.9790096
3.1872594
3.918967
4.040553
4.1090803
4.0745897
4.0394235
3.7148626
3.2422523
3.642611
3.7603238
3.7246208
3.7697556
4.053236
3.8767767
3.5438163
3.7179317
3.9449
3.7805357
3.9689097
3.7959597
3.8895733
3.664597
4.057047
3.9855242
3.7672489
3.747938
3.7305958
3.62167
3.7291615
3.7891707
3.6763835
3.8974524
3.6206105
3.836515
3.5158188
3.3651643
3.632032
3.646623
3.8727212
3.5674796
3.639167
3.5502415
3.6607175
3.650601
3.4937859
3.5390778
3.672707
3.834783
3.540288
3.4196422
3.6097054
3.6189566
3.8355978
3.851225
3.7529194
3.7335835
3.4811294
3.741218
3.6268137
3.7445319
3.5093675
3.7636583
3.8596485
3.813569
3.7370703
3.8358862
3.597569
3.660559
3.6519938
3.6498303
3.6064403
3.7875571
3.768765
3.5348682
3.5298288
3.613345
3.5474825
3.611798
3.6350534
3.552637
3.6421883
3.4541647
3.5213692
3.4573412
3.5433142
3.5829725
3.6054196
3.665256
3.929926
3.6768966
4.0591745
3.946424
4.033339
4.0984244
4.024547
3.3963084
4.1469803
4.145822
4.0448275
3.9771647
4.135562
4.1306276
3.889029
4.065696
4.016367
3.872279
4.136269
4.1420927
4.132274
4.0888166
4.071644
4.1364765
4.2993484
4.3076777
4.2526927
3.945567
4.244676
4.3649197
4.3319426
4.276729
4.0438504
4.088446
4.075699
3.8219242
4.2340813
4.4558706
4.431263
4.4314184
4.1324186
4.4089627
4.493315
3.9060771
4.1261153
4.030861
3.5032
3.7908711
3.891586
4.4084783
4.4843326
4.3693113
4.400737
4.5393224
3.825436
4.1771894
3.4334757
4.4291472
2.2661483
4.2148952
4.086092
4.1602397
4.238914
4.450828
4.0471315
4.040373
4.1287227
3.9867275
3.9702764
4.0683165
3.7727516
3.7563336
4.000258
5.0551205
4.4183955
3.9623754
4.488288
4.2922926
4.1475334
3.616275
3.3524942
3.3974504
3.7855248
4.107496
4.0643506
5.050666
4.275634
3.24956
4.021237
3.484471
3.0370932
4.2786813
4.362191
3.2660627
4.4060698
4.449637
3.8690112
3.735307
4.174595
5.4371185
5.2994924
4.678126
5.640553
3.915379
3.6718955
4.2185516
2.5375736
4.287533
3.5550609
3.6846685
4.424227
4.1026845
4.264718
4.214442
4.397725
4.928627
5.6355896
5.4010143
4.7325835
3.6798387
4.0595455
3.7386909
4.9870424
4.5778003
4.1462216
4.329028
3.6943016
5.4511237
5.0431337
4.623647
3.8667076
3.133628
4.102898
2.3016315
3.1634183
2.7858279
2.9799683
2.8884082
1.9357129
2.9653277
3.2144976
2.9985216
3.6630478
2.913383
3.9034429
4.9158335
4.2254915
4.111487
2.9955068
3.583352
4.1291904
4.3050623
4.1801205
4.3693576
4.4470463
4.9715314
5.0561023
4.982147
3.9811947
3.8584998
4.0448036
4.346199
4.5801535
4.551436
4.3035383
4.1705184
4.0291963
3.911452
4.4289894
4.631596
5.2499886
5.4360085
5.1039543
4.5105414
4.8203316
4.960196
4.3981743
5.043407
4.6421003
4.9314423
5.1030064
4.8333287
3.7184606
4.2298055
3.0396984
4.6441436
4.7201204
3.7188957
3.9583335
3.8959866
3.9334166
4.0238237
4.559303
4.104415
4.04012
4.098669
4.4424653
4.717885
5.0445595
4.917833
5.2378373
5.5850945
5.4250464
5.0259795
4.6074967
4.4839964
5.00801
5.1457243
5.350189
5.369367
5.277787
5.0886054
4.620965
3.9027462
3.9402292
4.200484
1.4280468
3.9186947
4.27365
5.075285
5.1652455
5.1984944
5.517649
5.4577184
5.372715
5.4654455
5.284807
5.3992324
5.4992213
5.2776623
5.3264995
5.070629
4.761736
4.7333307
5.0906754
5.4419518
5.411871
5.5027337
5.957304
6.125238
6.2273593
6.3259315
6.256745
6.3234816
6.377677
6.1965413
5.953321
5.6829047
5.58993
5.625368
5.6660285
5.8610153
5.428957
4.8917527
4.3628945
4.3812957
4.644548
5.090855
4.9594135
4.442858
4.44483
3.5806794
4.0214667
3.6553586
3.3666315
3.2028153
3.4047823
3.7080972
3.611669
3.4988484
2.6857307
2.540697
3.5260322
3.5016847
3.4371953
3.5458963
3.3718045
3.1999178
3.2057524
3.2620952
3.3290935
3.3566518
3.466357
3.4720907
3.6120353
3.4278078
3.3216982
3.8144011
3.319945
3.2605023
3.7156994
3.8066614
3.835021
3.879899
3.2009296
3.307402
3.8271484
5.0988073
3.9249816
2.4452116
2.9178514
3.4599452
2.9944994
3.1935115
4.9249825
4.784625
4.6210027
4.6960454
4.5201454
4.5375485
4.588036
4.534145
4.4685435
4.7152476
4.479501
4.503742
4.819302
4.4776807
4.512688
4.441867
4.467707
4.38455
4.6019535
3.378221
4.3421855
4.580764
3.601513
4.444451
3.8664424
3.226603
4.6061373
4.733725
4.542368
4.569399
4.667289
4.67633
4.850681
5.0961633
5.106626
5.2147794
5.184387
5.464876
5.5965023
5.6510367
5.818049
6.33128
6.811981
6.6512866
5.8656096
4.648762
4.123569
4.079482
4.1404915
5.488081
5.171026
4.7298627
3.974522
3.1940572
4.516367
4.859227
5.1010814
5.133648
4.5794773
3.8789392
4.778595
5.02521
5.0669317
4.9053364
4.544776
4.2299266
4.1221466
4.700192
4.811063
3.4756489
4.017534
4.58939
4.2563424
3.619034
3.6154947
4.7462254
4.989805
4.9664755
4.87123
4.859486
4.85744
4.966074
4.9272165
4.9277616
4.861965
4.840929
5.0307636
5.33264
4.046527
2.7048156
3.2106662
3.724553
3.4198756
4.488751
3.5075164
4.0545464
3.7993455
5.1736226
5.185074
3.7011364
4.0464396
4.4572244
4.953532
4.8627224
4.9167857
4.8830075
4.9021006
4.904487
4.8807044
5.0063434
4.7978745
4.6551256
4.7169137
4.6384196
4.9728413
5.509238
5.6167436
5.6267076
5.7763557
5.9647365
5.9896717
5.8525743
5.922736
5.966413
6.013696
5.7788706
5.483814
5.212007
4.703706
4.5756526
5.146818
5.539138
4.8940353
4.8235044
3.62576
4.7405868
4.618697
4.732374
4.876565
4.9948797
5.0758
5.0349174
4.9387493
4.7870164
4.9612985
4.789277
4.745946
4.802941
4.8855405
4.923694
4.982138
5.432708
5.4942017
5.411119
5.3615313
5.361008
5.361149
5.4053445
5.538653
5.686181
5.5703583
5.571531
5.408204
5.4288692
5.37916
5.5929995
5.6327367
5.5436983
5.5766215
5.5208635
5.5169115
5.3752255
5.5515256
5.583294
5.3566785
5.5832424
4.8624706
4.8474836
4.7743287
4.6145716
4.966645
4.554243
4.5981836
4.442095
4.3563046
4.403528
4.127623
3.7864947
4.0539713
4.163561
4.2720065
4.5641274
5.224959
5.199048
4.9320774
4.147901
4.242795
3.9195716
3.8504531
3.9410348
4.501869
3.420729
5.312095
5.6762652
5.3077
4.7791243
4.9182615
4.00661
3.6359591
4.756175
4.5791535
4.6466875
4.595895
4.7523985
4.7059755
4.566545
4.5135126
4.6379747
3.9420228
4.447898
3.1015248
3.1468778
3.349038
3.2151947
3.8208928
3.5797443
3.8247547
3.5257618
3.593066
3.6020272
4.020563
4.418241
4.037713
3.0260503
3.4630845
3.4253771
4.250601
3.4126027
3.4869816
4.1742196
3.8122978
3.7114315
3.291603
3.270376
3.7743368
3.789088
4.5356226
4.5555687
4.64931
4.2668433
4.18289
4.1604757
3.929178
3.551899
3.9375398
3.393428
4.56365
4.3031626
4.0354376
4.849323
4.5311446
4.4756393
3.8802736
6.0011396
5.5731926
5.8500705
6.1135564
5.8119903
4.176339
4.202554
2.9418015
3.724753
2.9842474
2.9718568
3.331141
3.286087
2.8775258
2.954519
2.9759817
3.6974738
3.3009655
5.2678137
5.737816
2.7325494
2.6988168
2.8449821
3.0715652
3.6081817
3.4370553
3.5329854
2.9172397
3.010748
3.15036
3.307569
3.6077034
2.8713844
3.571228
3.44942
3.7940364
4.267089
4.5132327
4.6073346
4.5099554
4.185034
4.4244227
4.071844
2.8195767
3.8270085
3.2244184
3.0561166
3.3605685
3.561579
3.7537985
3.5562613
3.328184
3.4690924
3.1611307
3.1539636
3.0762842
3.5322967
3.4022884
3.3016694
3.4655359
4.0590343
4.063069
4.333706
4.021619
3.3972511
3.5527422
3.5340624
4.1206284
3.6315928
3.5950928
3.4734683
4.5673523
4.5379
3.588695
3.3266687
3.5517435
3.4564137
3.4262452
3.6411924
3.2023585
3.911415
3.718553
3.3154142
3.3816426
3.3740456
3.5516913
3.8239474
3.7257771
3.5271792
3.4004729
3.8118036
3.3632827
4.222146
4.270992
3.6777484
3.5433722
3.4596715
2.8990455
2.8666983
3.21778
5.035977
5.508705
4.8646
5.391372
6.2641506
6.0985823
6.5285993
6.5539265
5.735426
5.337429
5.250554
4.9892597
5.0686674
5.022072
4.8905067
3.662641
4.160607
3.825611
3.5754573
3.7832992
3.190558
3.9388647
3.7827792
3.7135935
3.8945823
3.7717195
4.070512
4.11941
3.863482
4.0014606
3.7470634
3.6944253
3.5088277
3.5841136
3.6266122
3.6929827
3.5694156
3.3971376
3.742866
3.7638357
3.5397148
3.8178744
4.074652
3.8941712
3.678576
3.9168828
3.9175072
3.8480768
3.9902518
3.4142058
5.341115
4.8965597
4.8013124
4.6036806
4.673878
4.879623
4.925005
4.9537716
4.8461666
4.260492
