10000
8.919317
8.741138
8.694152
8.777174
8.732111
8.571748
8.620195
8.563767
8.480483
8.240599
8.051714
7.8981967
7.900304
7.940799
7.8351707
8.066313
7.9563794
7.6529937
7.232832
7.001443
7.255721
7.1560616
7.2969656
7.6460233
7.6825657
8.074755
8.171352
8.330762
8.183048
8.180929
8.275825
8.119679
8.048762
7.9246
7.9458666
8.243692
8.281985
8.063126
8.148238
8.103991
8.138811
8.104423
7.995796
7.990137
7.724699
7.5770907
7.626673
7.8753076
8.397505
8.346785
8.237949
7.9100256
8.014564
8.338594
8.485193
8.658161
8.541215
8.289915
8.367202
8.187275
8.089966
8.309844
8.061505
8.105091
7.7771606
7.791418
7.7986174
7.723024
7.8186884
8.046481
8.219713
8.310103
8.240259
8.213731
8.006525
8.271828
8.645971
8.694494
8.508467
8.275465
8.357212
8.322695
8.258344
8.2494135
7.923211
8.156443
8.142757
7.649228
7.683873
7.5571756
7.7433605
8.001654
8.308804
8.219284
8.289342
8.227827
7.669929
8.368767
8.13159
7.752971
7.723896
7.614866
7.5071836
6.9785204
6.549667
6.1974993
6.402103
5.861292
5.2388897
5.7475452
6.0146465
5.677333
5.470715
4.896712
4.7057686
4.9356503
4.7795253
4.944264
5.033109
4.9370713
4.983823
4.928656
4.9814
5.038246
4.9316983
5.065313
5.124585
4.962186
4.921463
4.969264
4.9110866
4.7828164
4.922484
4.987698
4.682045
4.9148808
5.066755
4.8634048
4.8136272
4.814926
4.989089
5.0289035
4.897727
5.038109
4.7249537
4.780123
4.930493
4.831008
4.9565954
4.725669
4.985661
4.8530726
4.6827006
4.7760363
4.802906
4.672509
4.8111095
4.8996167
4.7840323
4.5882454
4.726788
4.7393603
4.8201475
4.670662
4.7039065
4.6464624
4.6607924
4.7401476
4.726585
4.7832565
4.6013966
4.6695266
4.675574
4.741539
4.6312113
4.8075175
4.604927
4.5857816
4.582939
4.7185664
4.552449
4.6216865
4.667301
4.6210394
4.519486
4.7648015
4.618354
4.803651
4.6609073
4.593656
4.5718412
4.572689
4.782856
4.503508
4.922921
4.766683
4.690176
4.69689
4.5767784
4.561982
4.5122514
4.201588
3.5130994
4.4094124
4.5828857
7.189988
7.384159
7.4712634
7.616575
7.7067127
7.79303
7.6295595
7.461385
7.12098
6.908112
7.1259713
7.3809223
7.3467603
7.6727734
7.994659
7.889973
7.6076612
7.446775
7.5085087
7.2771177
7.3459525
7.2239265
7.39997
7.769499
7.893001
7.9023247
7.8134747
8.01639
7.9539814
7.996799
7.7377095
7.407723
7.3573422
7.5918055
7.6890645
7.69943
7.8635955
7.8320355
7.974286
7.675357
7.4477005
7.646413
7.5958867
7.782999
7.510501
7.658046
7.51626
7.6590204
7.519763
7.502184
7.4919286
7.6431265
7.751169
7.4978333
7.5680847
7.663011
7.7114983
7.7200556
7.8538237
7.6966662
7.6274676
7.5038714
7.507496
7.4001603
7.563471
7.5114884
7.4984136
7.697018
7.6596165
7.6650367
7.358357
7.267627
7.534732
7.5448394
7.687259
7.699847
7.553001
7.5811963
7.6657734
7.722546
7.8716364
7.9545665
7.8961544
7.9144793
7.6382565
7.7284946
7.6786456
7.440421
7.606818
7.4606733
7.512719
7.7577114
7.828019
7.7843366
7.642953
7.4442787
7.406607
7.416199
7.6405153
7.5171785
7.6531777
7.700365
7.8950267
8.101408
7.938273
7.918545
7.703656
7.54508
7.587686
7.8753157
7.8560605
7.717759
7.7589455
7.5734587
7.6623
7.7297792
7.719117
7.529874
7.7042933
7.6065636
7.8081427
7.8075933
7.6954947
7.925845
7.6482935
7.8087697
7.700574
7.8417783
7.760551
7.4024677
7.2208967
7.144968
7.1536703
7.4072247
7.295753
7.530217
7.309662
7.2758007
7.3647575
7.377822
7.440433
7.5702295
7.534525
7.35766
7.593227
7.4637456
7.469303
7.593737
7.5565357
7.5366926
7.4518704
7.478146
7.3949485
7.119461
7.1113276
7.331785
7.537001
7.6038494
7.714775
7.582055
7.5809293
7.5337405
7.5198483
7.638905
7.457987
7.3094215
7.189044
7.334198
7.670659
7.575814
7.5623326
7.601932
7.5487676
7.6156273
7.632374
7.6859145
7.464681
7.332536
7.487985
7.7594986
7.7409306
7.654882
7.5465364
7.53661
7.5665584
7.6749716
7.6024785
7.538387
7.3747864
7.3309836
7.4699183
7.7482905
7.852848
7.627271
7.651222
7.691194
7.7199035
7.8148665
7.8047314
7.525835
7.0412736
7.257638
7.3438735
7.400155
7.4899063
7.426258
7.459877
7.4689717
7.4777246
7.68097
7.368873
7.357108
7.3560176
7.4185734
7.738903
7.8759017
7.8576326
7.6240053
7.7466745
7.752995
7.5389104
7.5161066
7.4731784
7.3291306
7.467538
7.543768
7.428781
7.450031
7.5718822
7.564605
7.545089
7.621529
7.636595
7.4879136
7.4349213
7.270143
7.514324
7.8053904
7.889973
7.655558
7.750621
7.8098593
7.8418164
7.8388915
7.4858932
7.3041077
7.2624016
7.3375907
7.604724
7.561784
7.483091
7.473515
7.562093
7.4661393
7.5204597
7.6134157
7.353004
7.3509636
7.5527344
7.3820953
7.563359
7.791774
7.5633497
7.6685925
7.6081734
7.413916
7.5251584
7.3747196
7.4469743
7.26472
7.4260917
7.552372
7.707042
7.8966784
7.616768
7.5490417
7.4547987
7.4471974
7.381814
7.4482503
7.349266
7.4224176
7.279698
7.2167025
7.537322
7.5429797
7.4837174
7.3586144
7.4725575
7.3190374
7.226907
7.348297
7.1521297
7.2687197
6.955901
7.358321
7.3876677
7.519634
7.3920403
7.258523
7.4421062
7.6143374
7.4253154
7.492321
7.5507383
7.544955
7.416862
7.718698
7.9549117
7.642763
7.6682982
7.5333624
7.7437763
7.6842666
7.8433447
7.6921105
7.6345906
7.4406834
7.087128
7.352288
7.4898324
7.242696
7.300389
7.370652
7.2967353
7.113258
7.180018
7.179966
6.978276
7.098867
7.124305
7.1407275
7.1304207
7.245322
7.2202163
6.9539075
7.1365976
7.1245337
7.3359346
7.3143587
7.3567057
7.06644
7.036931
7.347826
7.4042635
7.407212
7.498544
7.4449487
7.240652
7.658969
7.575777
7.4362183
7.1860986
7.012841
7.203198
7.1838355
7.17339
7.098949
7.136423
7.3313875
7.239946
7.320539
7.18819
7.045265
6.953951
6.7127066
7.138442
7.245887
7.204931
7.3060575
7.420921
7.5219007
7.606521
7.581994
7.508162
7.417712
7.2453756
7.3385425
7.440959
7.710121
7.696322
7.829854
7.5815144
7.3030524
7.2606564
7.2033114
7.1740174
6.7456393
6.659993
6.9664745
7.1572084
7.14775
7.434332
7.4527497
7.4904995
7.465975
7.447535
7.4989157
7.3520126
7.3910336
7.090234
7.2912717
7.576605
7.524999
7.6904974
7.739267
7.4862685
7.566497
7.651628
7.698364
7.741637
7.3509693
7.252125
7.2208962
7.5300164
7.7046976
7.5561404
7.410164
7.386314
7.3496842
7.480425
7.391144
7.425826
7.0893354
6.8598633
7.2713823
7.3639255
7.649858
7.8458204
7.670799
7.4951787
7.560502
7.6598473
7.7295475
7.7264495
7.2612543
7.0804048
7.3532147
7.751319
7.4295115
7.5581465
7.3442917
7.3432755
7.4386744
7.5984178
7.6367264
7.1983542
7.3102894
7.414533
7.6555357
7.7978134
8.012576
7.854131
7.7627397
7.7644672
7.6005635
7.8442645
7.6257057
7.4600234
7.5049067
7.315407
7.550198
7.5762525
7.71148
7.481848
7.6407757
7.614371
7.636958
7.6164875
7.5395637
7.37904
7.2393217
7.367088
7.794027
8.158282
8.199763
8.131398
8.07886
8.023866
8.044925
7.8505707
7.713523
7.4416037
7.3685803
7.577629
7.7555113
7.6738873
7.5713587
7.5185256
7.608651
7.63235
7.808815
7.983305
7.9309583
7.4637527
7.3628454
7.7914767
8.007143
8.179993
8.210808
8.008173
8.055108
8.090578
8.143713
7.6717243
7.5556955
7.5159917
7.8796306
7.970097
7.8302517
7.726665
7.6874743
7.6397605
7.778981
7.86242
7.9661007
7.8475633
7.742335
7.8560047
8.128162
8.400873
8.25008
8.26205
8.167617
8.4355135
8.356206
8.160391
8.010093
7.9547834
7.7119784
7.824714
7.716891
7.73883
7.4692817
7.401527
7.729232
7.7254705
7.7886057
7.844952
7.644869
7.494843
7.9686384
8.146113
8.034859
8.016787
8.049266
8.0334215
8.077068
8.164026
8.198315
8.029646
7.719168
7.8316727
8.01445
7.763583
7.768492
7.7975454
7.8205132
7.6611953
7.716794
7.7977533
7.94952
8.019427
8.039189
7.8708687
7.909088
8.120224
8.265291
7.969506
7.8497944
7.899606
8.061587
8.173936
8.385251
7.939665
7.886585
7.6858773
7.7245507
7.604028
7.5473795
7.5058885
7.6885962
7.680486
7.6916823
7.7147455
7.8016734
7.551821
7.430803
7.671274
7.907869
7.720955
7.9796968
7.7975726
7.7627096
8.080574
8.252707
8.062555
7.772846
7.6859856
8.031995
8.243091
8.102194
7.9656897
7.85154
7.923288
7.8715844
7.8482904
7.909238
8.003286
8.141049
8.023679
7.88235
7.9904203
8.218504
8.288326
8.117487
7.92418
7.9490333
8.081951
8.065961
7.9878764
7.8043876
7.8882914
7.759941
7.6956105
7.8196173
7.942136
7.837555
7.8717422
7.932131
7.9723616
7.9864745
8.080912
8.01259
8.026628
7.8676972
8.037761
8.109328
8.281673
8.201377
8.101971
8.308215
8.0250635
8.314919
7.9721932
7.878072
7.924351
8.402174
8.039253
8.229344
8.059218
8.065891
7.9782114
8.181471
8.265427
8.308352
8.056927
7.972446
7.893948
7.9016623
7.8753366
7.846879
7.902549
7.9359684
8.096622
8.06073
7.9452577
7.985148
7.899388
8.310952
7.879898
8.142424
7.931011
7.6035433
7.641587
7.555209
7.566882
7.912595
7.876788
8.05174
7.920077
7.9221573
7.6652813
7.938131
8.004909
8.041318
7.8932652
7.7789173
7.7394223
7.6305146
7.768245
7.774872
7.6697564
7.243067
7.5315046
7.6445227
7.2537117
7.2167735
7.346992
7.3268747
7.429748
7.4923916
7.339972
7.5544004
7.5597587
7.2295303
6.9787455
6.909958
7.2352967
6.7013016
7.054316
7.152343
7.175705
7.2528453
7.2437944
7.128793
7.21229
7.509155
7.278865
7.5917053
7.510473
7.667168
7.678582
7.705285
7.5576115
7.334897
6.9392915
6.9556837
7.3134937
7.153642
7.2970953
7.2257094
7.3406897
7.437457
7.45346
7.265555
7.026696
7.0540447
7.2356877
7.3452263
7.167789
7.213828
7.428736
7.471322
7.4599166
7.1204834
6.9391613
7.359704
7.376254
7.679535
7.915492
7.8529634
7.8361006
7.715469
7.5542827
7.814581
7.541002
7.782004
7.8499537
7.3367896
7.3555264
7.183493
7.123637
7.030262
7.2796955
7.249255
6.998236
6.971216
7.015829
7.1254816
7.3314147
7.1473627
7.289447
7.2870383
7.317362
7.077581
7.0284605
6.9133725
7.139652
7.378022
7.19412
7.3785014
7.4442043
7.308951
7.512595
7.501894
7.558329
7.423247
7.0056453
6.665126
7.142974
7.5181265
7.3037076
7.3887835
7.3315573
7.2587495
7.1536727
7.2531867
7.235165
7.35141
7.3791127
6.8652787
7.321086
7.268709
7.401141
7.483528
7.395227
7.26091
7.160301
6.672464
6.8680806
7.2204304
7.34364
7.4033375
7.671864
7.5367384
7.601741
7.586914
7.683975
7.3933153
7.3830724
7.299214
7.2817845
7.0005674
7.3060293
7.3424287
7.4397235
7.406788
7.494821
7.3204427
7.0704694
7.0627494
6.9052286
6.768437
6.869276
7.4251957
7.436223
7.5469923
7.324856
7.211408
7.0704117
7.094386
6.960821
7.0730906
6.8687153
6.7945566
6.7679267
7.0184546
7.1517377
7.1377954
7.1472964
7.043353
6.9691033
6.914599
6.912435
7.051652
6.754351
6.9766846
7.076412
6.988713
7.1426573
6.7207565
6.7778378
6.6924024
6.776026
6.815679
6.990589
7.3803124
7.32718
7.322088
6.8725295
7.1701784
7.0852118
7.0363145
6.942065
6.937386
7.1907225
7.3819256
7.630947
7.3585343
6.80377
6.311827
6.3320374
6.6542096
6.8917756
7.2523665
7.3893757
7.56137
7.499055
7.6254644
7.936356
7.8755074
7.764273
7.7931595
7.577147
7.1596684
7.189722
7.0782537
7.2349873
7.0299172
7.078333
7.3665075
7.3443813
7.9734025
7.817309
7.4391003
7.5134325
7.5382633
7.3509912
7.112573
7.120972
7.0697765
7.252121
7.195613
7.5093703
7.7368236
7.5882673
7.515772
7.2509956
6.749495
6.663093
6.779125
6.7773123
6.5800343
6.8036594
6.6884527
6.9298544
7.1499395
7.2558193
7.3911586
7.2388005
7.2036667
7.232728
7.0975084
7.158615
7.187579
7.009733
7.367326
7.6099334
7.5899806
7.457443
7.2269354
7.099463
6.7255745
6.7365375
6.5515804
6.19924
6.2723174
6.47456
6.590804
6.6540623
6.964643
7.004513
7.0438194
7.1882753
7.356689
6.987158
6.820384
6.6905046
6.898712
7.1063027
7.243438
7.3145514
7.0918307
6.760206
6.760037
6.624132
6.7099915
6.2485466
5.722313
5.830783
5.932649
6.0228977
6.2393603
6.6944976
6.788641
6.386893
6.5834618
6.946617
6.711996
6.554317
6.382214
6.4281316
6.638744
6.828982
7.1702423
6.9124837
6.756693
6.7711587
6.4501715
6.2271433
6.3083425
6.1086903
5.9101124
5.6411247
5.6448827
5.9010015
6.028192
6.5382423
7.0502734
6.7172604
6.7512445
7.10909
7.010123
6.9180164
6.4156404
6.5448523
6.805279
7.2670116
7.1306996
6.934869
6.8920784
6.553707
6.5252175
6.381778
6.5668554
6.3120503
5.8466225
5.7191653
6.330836
6.240027
6.571416
6.6839504
6.5628233
6.4334254
6.451731
7.271534
7.0592375
7.1421223
6.5931916
6.947148
7.222664
7.3442574
7.3552666
7.087855
6.636381
6.158414
6.1882086
6.5125823
6.469334
6.0658717
6.197978
6.2823
6.421744
6.55064
6.5380983
6.387424
6.343108
6.183328
7.255735
7.0940704
7.144125
7.0342956
7.0591617
7.0790367
7.20293
7.0555058
6.9737563
7.0246787
6.0705895
6.4134016
6.4374104
6.326376
6.044463
6.015381
6.2376227
6.567808
6.823866
6.7532973
6.343723
6.1512265
6.328038
6.839696
6.8379717
6.557158
6.599462
6.515193
6.719814
6.773697
7.1194243
6.780695
6.3869734
5.987884
5.8745847
5.8335085
6.0966206
5.9024487
5.3218184
5.2116003
5.5498185
5.7917705
5.7835994
6.19989
6.0892277
5.938245
6.0141425
6.0200863
6.272536
6.2759013
6.45642
6.3050547
6.2004147
6.6385036
6.820956
7.2820854
7.146055
6.8563027
6.2050457
5.7619324
5.6374207
6.075678
6.040243
5.9771643
5.9223304
6.263985
6.45181
6.6548243
6.5311923
6.397928
6.140473
6.3293586
6.380354
6.525384
6.9842567
7.1245217
7.1069937
7.127061
7.4137864
7.4501457
7.08411
6.375833
5.9451146
5.4588666
5.2238126
5.6920147
5.8008823
5.8048506
5.909352
6.119265
6.283179
6.4954267
6.397122
6.008846
5.9696717
6.483288
6.878786
7.1496816
7.282079
7.308394
6.875258
6.869946
7.1300488
7.1246834
6.8993845
6.1633124
5.798908
5.548408
5.6893625
6.068642
6.164082
6.200716
6.3242555
6.412724
6.093512
5.6089272
5.6165347
5.869822
5.8466487
6.295454
6.8173604
7.2105856
7.276662
7.238069
6.9305434
6.802804
6.59773
6.133751
5.9232697
5.6462593
5.938544
5.654997
5.7996807
5.817935
6.114971
6.35675
6.375154
6.3400702
6.131378
6.1026583
6.5592475
6.158484
6.5863132
6.648358
6.8341265
6.5401134
6.7040124
6.8505664
6.678217
6.4848924
5.975433
6.1100416
6.073788
6.3849955
6.5438175
6.5415154
6.3915944
6.620966
7.040071
6.9584484
7.0189147
6.9475718
6.9676275
6.7422404
6.976917
7.2553596
7.096197
7.00907
7.1361737
7.2432566
7.3198996
6.922124
6.916548
7.0552087
7.088606
7.0964346
6.8871965
6.838606
6.5836096
6.804163
7.172498
7.596095
7.6978416
7.2906556
6.8465643
6.6764536
7.0725365
7.0280056
6.987755
7.08076
7.0011353
7.153704
7.1289124
7.0942597
6.8581266
6.3285875
6.230718
6.0564923
6.1805043
6.306542
6.455276
6.632024
6.567719
6.5981455
6.741843
6.809377
6.5226564
6.202391
6.145628
6.10482
6.17381
6.330359
6.0738144
5.832354
5.8373294
6.4321294
6.4448504
6.327202
6.4593987
6.065
6.027531
6.471013
6.4889784
6.74107
6.586993
6.4527636
6.560741
6.676328
6.538275
6.474206
6.3717995
6.6485624
6.5211086
6.8020425
6.811579
6.22563
5.9400935
6.200513
6.4039683
6.5515137
6.541419
6.5875835
6.5935545
6.5248847
6.5198827
6.618239
6.500392
6.4174366
6.1447573
6.3939323
6.3856716
6.72401
6.861835
6.517681
6.2275143
6.4577913
6.631606
6.5728364
6.6755104
6.3148427
6.305316
6.5814166
6.793242
7.1408515
7.1914616
6.9404335
6.858693
6.572937
6.851833
6.5164557
6.722246
6.639016
6.6284704
6.810024
6.954489
7.274073
7.038462
6.766154
6.97118
7.141597
7.20162
7.0677447
6.820197
6.692362
6.680588
6.948601
7.206715
7.4383144
7.3965163
7.1172843
7.2855196
7.0971184
6.6298804
6.6458297
6.7655945
6.9108067
6.900325
7.0864034
7.330303
7.0226955
6.872084
7.0977273
7.1959023
7.2765565
7.378301
7.4176946
7.0427284
6.8134813
7.176121
7.2669964
7.502905
7.487838
7.25388
7.1255836
6.9425316
6.8059406
6.66012
6.9766836
7.1113653
7.340098
7.214705
7.206457
6.972043
6.599122
6.9978685
6.853485
6.881161
7.315241
7.424842
6.9453077
6.6967616
6.9616947
7.021443
7.3192563
7.1136723
7.0567446
6.8706923
6.7180047
6.9035454
7.033664
7.261606
7.324233
7.125448
7.040605
6.9005656
6.518588
6.749296
7.043667
6.9257774
6.9808598
7.3527713
7.2788944
6.905607
6.6308713
6.86956
7.2382593
7.4734783
7.28537
6.8840604
6.9244804
6.7780666
6.3461194
6.8904095
6.8886213
7.01652
6.8178387
6.749321
6.4008517
6.3156004
6.834061
7.1191444
7.1535506
7.3552384
7.306354
7.1369143
6.7761254
6.727514
6.6802373
7.10269
7.383364
7.1068854
7.017222
6.988415
6.5975
6.966059
7.292491
7.096971
7.2561088
7.0273213
6.691277
6.364794
6.7549963
7.410913
7.3807983
7.4568105
7.5256805
7.0940404
6.8589907
6.7290916
6.5477047
6.739278
6.9406295
6.9430065
6.862964
7.1342463
6.9490147
6.6255064
6.585849
7.082635
7.3129697
6.8410206
6.5762467
6.4540467
6.8125315
7.1268578
7.212036
7.3090625
7.267513
7.2153263
6.8041644
6.67473
6.5361705
6.728073
6.577285
6.6884713
6.799794
6.8696117
6.907366
6.901218
6.5430202
6.810872
6.929822
6.7678623
6.5973268
6.1858964
6.104346
6.3806863
6.763025
7.084654
6.953478
7.0213737
6.854551
6.5741267
6.605617
6.396783
6.39737
6.407606
6.5892816
6.9039326
6.7628665
6.6766872
6.376075
6.1129203
6.7120876
6.6058507
6.82898
6.391088
6.215003
6.0688653
6.3840666
7.020664
7.1903477
7.217171
7.1086173
7.248255
6.8037043
6.8126698
6.6030335
6.586555
6.581017
6.893548
6.9126
6.9385734
6.8399663
7.2620897
6.5660825
6.7359495
6.867857
6.6465135
6.75371
6.681679
6.778269
6.649725
6.968726
7.061995
7.2864037
7.252345
7.1651783
7.030678
7.036542
6.906136
6.8067303
6.7574215
6.7618895
6.929735
7.1777287
6.8924437
6.887772
6.8971596
6.383058
6.686082
6.7283993
6.591368
6.183103
6.42706
6.978879
7.128698
7.3582463
7.2035937
7.1393213
7.118051
6.9467077
6.96531
6.963205
6.786076
6.780122
6.98301
7.298933
7.224951
7.155255
7.2735887
7.057796
6.8551073
6.8547206
6.683564
6.3823996
6.441263
6.3756
6.7697268
6.875285
7.0742936
7.103836
7.0226755
6.9413476
6.8633995
6.9141583
6.9401674
6.6553106
6.613223
6.725114
6.920237
7.038493
7.051952
7.10876
6.864031
6.6875095
6.644303
6.757938
6.598717
6.535301
6.6902895
6.8842115
7.058586
7.1931486
7.322493
7.18948
7.0824914
7.0454483
6.9259586
6.9930854
6.955652
6.9322195
6.905307
7.0613685
7.126529
6.855592
6.9303966
6.912487
6.8969693
6.8520646
6.710553
6.8097982
6.587476
6.257414
6.586875
6.8404427
7.0186462
7.1044526
7.0761275
7.132268
6.98764
6.97221
7.05488
7.0315228
6.792236
6.837451
6.917412
6.8706245
7.0249586
6.6334777
6.76714
6.7911882
6.373047
6.462507
6.2470675
6.0962906
5.9679384
6.21293
6.514223
6.6790543
7.1627088
6.98699
7.0234594
7.0331306
6.888095
6.8682723
6.6610327
6.807889
6.9794846
6.822167
6.8362303
6.7784324
6.6241617
6.280799
6.4925904
6.3757496
6.22024
6.2242374
6.1589684
6.1318026
5.9101667
5.93299
6.3850646
6.5595684
6.893281
6.7271285
6.844185
6.914176
6.6954064
6.579963
6.601327
6.522691
6.5191956
6.5887895
6.6577244
6.3575554
5.804591
5.628603
5.498802
5.4077005
5.6671543
5.8147626
5.949846
5.985617
5.938645
5.663624
5.5119185
5.9521956
6.2670794
6.627927
7.121448
7.2881947
7.176933
7.3528557
7.435088
7.41741
7.068886
7.045556
6.9436226
6.988371
7.114668
6.875782
6.8854194
7.1237774
7.5054054
7.5845394
7.4898386
7.5507793
7.4734726
7.5314784
7.273534
7.2385244
7.1187763
7.2494507
7.466318
7.518208
7.3951864
7.338193
7.183298
6.7735295
6.878401
6.6076303
6.843587
6.814536
6.6667843
6.4800262
6.48895
6.406216
6.474175
6.358808
6.7208796
6.799365
7.1107106
6.9838405
7.1772356
7.564005
7.0051785
6.8717003
6.6812806
6.532575
6.6151104
6.505544
6.40279
6.3008323
6.287524
6.4330597
6.578017
7.043241
7.173121
7.2035847
6.9717565
6.565253
6.1286793
5.562501
5.727252
5.6785965
5.484567
5.601694
5.5666213
5.743369
5.522266
5.6337414
5.579916
5.74372
5.7863235
5.780373
6.2365713
6.147562
5.7612357
5.298126
5.190394
4.979904
5.1772804
5.442919
5.501342
5.7249775
5.5361404
5.095775
4.853897
4.6880093
5.0196776
5.2374716
4.9619427
4.6501493
4.292995
3.6684842
5.1056175
5.573501
5.8844132
5.8051677
5.83323
5.7958775
5.7307534
5.6962166
5.540107
5.1237707
5.2111616
5.3847313
5.967195
6.526185
6.0878315
5.722936
5.04951
4.9350586
5.771578
5.8021107
5.3416414
5.2254725
5.1617384
5.1866055
5.581021
5.7751226
5.9483004
6.035361
6.0828876
5.9775586
5.8248563
6.0185537
5.6871104
5.4764147
5.316335
5.3645453
5.4595513
5.7041473
5.646578
5.139589
4.9193025
4.6440506
5.229382
6.042192
6.0675135
5.919681
5.2977996
5.3269715
5.48404
5.576284
5.4042997
5.79762
5.47912
5.416722
6.3208666
7.0570874
6.760307
6.0789003
5.9111643
5.7451415
5.912341
6.3736353
6.1702876
6.392215
5.690385
5.104167
5.5032287
6.034745
6.0870714
5.466083
5.171068
5.318607
5.345812
5.906096
6.0033917
5.501689
5.3387856
5.587295
6.630736
6.697306
5.8880835
5.7979727
5.7834897
5.7825603
6.2528043
6.5379267
6.350366
6.161873
5.456945
5.0705204
5.805312
6.242505
5.9076023
5.643863
5.4882984
5.872476
6.0291424
5.940744
6.124561
5.57382
5.725955
5.868125
6.8658934
6.7412024
5.929754
5.5637574
5.475182
5.388237
5.5005116
6.130516
6.463372
5.777422
5.7309384
5.593655
5.1562853
5.0995197
5.9464
5.950025
5.8365183
5.4222255
5.167015
5.3285766
5.5315986
5.79259
6.5397224
6.4129705
5.945617
5.523835
6.0749364
6.5705895
6.6939273
6.3792896
6.038428
5.7509727
5.3061833
5.7004647
6.0429792
6.1344786
6.1471395
5.796157
5.912122
5.6084437
5.278398
5.2322893
4.728076
5.446518
5.8838744
5.6788397
5.5055404
5.386633
5.465679
5.2488947
5.337492
5.8123565
6.174479
6.1106005
5.897468
5.341138
5.2053204
6.1616035
6.607307
6.2518997
6.1194715
6.2485094
6.1954565
6.1432195
6.2754183
6.1748214
6.262987
6.4187803
6.342682
6.1822824
5.921088
5.947023
5.9801583
6.017607
5.826465
5.6772103
5.534123
5.7238455
6.219213
6.4255037
6.407831
6.527279
6.2366753
6.496742
6.799521
6.8967876
6.4970903
6.551878
6.489539
6.477645
6.720571
6.797587
6.992979
6.804206
6.6418304
7.1671267
7.228938
6.849159
6.875536
6.843964
6.805005
6.6745806
6.689191
6.520612
6.848691
7.0225315
6.962406
7.0599995
7.235905
7.1252036
7.3544855
7.419779
7.2743416
7.1507616
7.244627
7.188366
7.298832
7.1665993
7.4101667
7.13472
7.1103296
6.9771223
6.8037195
7.0045776
6.9832473
7.124851
7.4183464
7.684147
7.474301
7.57274
7.645005
7.6647816
7.4689436
7.1483145
7.2164273
7.281957
7.2007785
7.2160845
7.096275
7.167616
7.299844
7.242931
6.818606
6.5844917
6.481705
6.4673977
6.301051
6.449611
6.703536
7.043414
7.1169295
7.1900177
7.1882396
7.074358
7.207857
7.196334
6.9819317
6.9637794
6.7199364
6.6538906
6.8474445
7.0164905
7.215859
7.004403
7.21951
7.226269
6.7246876
6.891302
6.971058
7.0075426
6.788718
6.5972567
6.9426317
7.175705
7.3050094
7.6866355
7.373748
7.3990602
7.4872155
7.5332665
7.49484
7.609627
7.3086605
7.184767
7.1003466
7.0947037
7.141418
7.6118555
7.7903514
7.977528
7.395893
7.4784055
7.7332478
7.775914
7.4617796
7.295337
7.5981646
7.9039855
7.9563317
7.7984686
7.439763
7.2972703
7.6001616
7.3300276
7.313964
6.978734
6.953226
7.109659
7.239068
7.1040483
7.60822
7.783626
7.9646063
7.5162935
7.1589365
7.288719
7.3703346
7.3688297
6.9843283
7.2384644
7.4056873
7.7863536
8.112921
7.8723903
7.4343176
7.4408474
7.491462
7.8140883
7.794339
7.513979
7.211663
7.24424
6.8089733
6.8560863
7.194834
7.438308
7.542959
7.2829504
7.3230457
7.4621987
7.473194
7.1806045
6.656647
6.9292607
7.233618
7.6497216
7.5585065
7.2255545
7.104366
6.9533715
7.380667
7.9195023
7.6540737
7.517217
7.416836
7.220128
7.2775
7.2984004
7.6823764
7.942023
7.592714
7.504082
7.3659706
7.3160605
7.0008926
6.8466163
7.206383
7.432055
7.52655
7.960736
7.764749
7.8310175
7.6305456
8.0834875
8.344122
8.051234
7.8500266
7.690113
7.654791
7.8659163
7.6405716
8.071877
8.226682
7.930081
7.395197
7.5543685
7.4958677
7.174901
6.9584103
7.2032228
7.303769
7.56007
7.7580814
7.1851606
7.1476893
7.125964
8.068427
7.994218
7.725097
7.5912466
7.5459676
7.4893217
7.6148906
7.756491
7.73729
7.8779917
7.635602
7.2435474
6.9762974
6.9014406
6.9640117
6.971448
6.67288
6.847651
6.8948436
7.0643826
6.617732
6.796052
7.0385394
7.376052
7.167251
7.0989313
7.211684
7.267869
7.0606203
7.0227275
7.411372
7.3810625
7.5180345
7.7568893
7.3212895
7.279705
7.2368174
7.1337147
7.1197987
6.946353
6.920489
7.0932064
6.9877734
6.760338
6.7765584
7.1499023
7.9368105
8.039564
8.070122
8.036473
7.939157
7.8666706
7.760139
7.6634064
7.8023405
7.494096
7.6734743
7.3293686
7.2898865
7.7088203
7.578575
7.4037323
7.584057
7.5155945
7.3757553
7.6792097
7.609812
7.3944793
7.2456493
7.383932
7.4836774
7.970948
8.253674
8.145193
7.9974875
7.9777217
8.069145
7.8779473
7.8478
7.7440457
7.8788085
7.795064
7.67234
7.3293486
7.4949946
7.4591618
7.2265434
7.249173
7.187497
7.27387
7.3495884
7.1324887
6.776841
6.813434
7.0812583
7.6347203
7.9342465
7.878004
7.92007
7.9859858
7.814477
7.9641156
7.8670764
7.9954567
8.106305
7.754515
6.9898314
7.323015
7.5160103
7.3707657
7.1979423
7.1709466
6.96347
7.1081758
6.940109
6.8537493
6.549314
6.9958234
7.4460278
7.715303
7.7882695
7.7323666
7.774885
7.831045
7.7823505
8.110684
7.9024158
7.834521
7.705576
7.5343924
6.8825655
6.99431
7.4713087
7.504114
7.615534
7.6040926
7.272306
7.287423
7.246625
6.844406
6.4902005
6.986944
7.2541795
7.781262
7.7360077
7.671442
7.441502
7.491102
7.5400734
7.615216
7.635358
7.675206
7.475653
7.257202
6.4914136
6.769362
7.299886
7.094048
7.3757663
7.4604936
7.1974535
7.268361
7.0761123
6.842617
6.815313
7.0672755
7.5795193
7.672914
7.805918
7.5902023
7.717814
7.619756
7.609725
7.54104
7.447872
7.5167317
7.405416
6.850453
6.6924567
7.184242
7.170934
7.1745925
7.319374
7.287588
7.221165
7.3850923
6.8367505
6.985962
7.307093
7.4426775
7.7480907
7.7747173
7.82387
7.808134
8.019373
8.016505
7.8260403
7.6298394
7.610003
7.6183214
7.455408
6.986878
7.2463303
7.3063455
7.4151936
7.4126024
7.3245215
7.285788
7.265118
7.1170034
6.740596
6.6633177
6.8680925
6.984772
7.0756497
6.940932
6.6277494
6.8322783
6.901332
7.001763
6.8422313
6.497877
6.601506
6.738186
6.4953456
5.6132393
6.2910976
6.5645294
6.5742674
6.6044703
6.5431695
6.3890224
6.1056137
5.855149
5.532815
6.1622334
6.5758953
6.8896093
7.331808
7.405207
7.097266
7.41151
7.6061654
7.1207952
7.2152295
6.8774004
6.9274073
6.7195683
6.213437
6.05357
6.134013
6.2556705
6.304171
5.8945837
5.8618436
5.716364
6.000374
6.509614
6.3858705
6.5479846
6.836287
7.0704184
6.8489943
6.8929296
6.927166
6.8077397
6.5460744
6.359072
6.3356953
6.300909
6.2561245
6.4281454
5.9866967
6.0576863
6.538915
6.6990833
7.078224
7.060062
6.92326
6.846195
6.595614
6.377263
6.485747
6.86088
6.9661336
7.1983156
7.328547
7.205147
7.6581297
7.6809416
7.525849
7.767256
7.5852795
7.1861343
7.2621903
7.221874
6.5976744
6.540167
6.3919997
6.8903694
6.8570824
7.1255903
6.9077272
6.8978925
6.741098
6.7480483
6.3538547
6.610126
7.0803423
7.5014997
7.341157
7.1495857
7.274182
7.4772716
7.4837017
7.6384716
7.5929184
7.397233
7.202971
7.188325
7.242856
7.0748296
6.9025483
6.7767396
6.990663
7.319505
7.2087755
7.20444
7.2305946
7.17305
7.068765
6.9524465
7.0847106
6.94031
6.7765203
6.7681503
7.170318
7.006407
7.1379595
7.0592556
6.7808933
6.55892
6.691376
6.6523943
6.645795
6.5431576
6.41936
6.577362
6.590342
6.521963
6.697497
7.087601
6.809621
6.7981143
6.7876663
6.950453
6.9797297
7.187733
7.0605555
6.712654
6.682816
6.654915
6.4345784
5.9897323
6.239241
6.6314144
6.421673
6.5483866
6.246899
6.1620636
6.4174285
6.583074
6.6338105
6.586772
6.701543
6.6157064
6.7210026
6.743113
6.9156785
7.22653
6.9358253
6.3338337
6.30289
6.223908
6.3938947
6.3524904
6.299949
6.2120585
6.0990725
5.86426
5.522188
5.7101192
5.415493
5.4932556
5.8371663
5.8011127
5.4759583
4.744745
5.1276217
5.423316
5.8792086
6.0989323
5.8792777
5.8050323
5.8669996
6.1489444
6.091054
6.3570967
5.8935056
4.9494724
4.5746374
4.858245
5.932045
6.1190615
5.9480495
5.8484564
5.585365
5.375293
5.5050554
5.5102315
6.214643
6.0101957
5.8162327
5.517028
5.8275995
5.735673
5.3024693
5.461313
5.3364196
5.698275
6.11312
6.4182525
6.1949224
6.6068873
6.1286073
5.5602446
4.897072
4.6938705
5.1264696
5.6171694
5.229322
4.9327664
4.6503925
4.5408316
4.630954
4.7566423
4.8298063
4.67942
3.9454207
4.721576
3.5275254
5.03776
4.74477
4.538457
4.7497754
4.789383
4.691534
4.6353283
4.549864
4.5629344
4.667976
4.6686816
4.7287126
4.6562376
4.788543
4.623081
4.6569843
4.6169763
4.596637
4.541566
4.564641
4.7529917
4.6772385
4.577614
4.6521688
4.5371065
4.5470195
4.652566
4.661862
4.5813546
3.1312308
4.911835
4.8990717
5.5285387
5.44234
5.5012374
5.5220184
5.433583
5.462242
5.404221
5.45238
5.7519493
5.9053965
5.610629
5.823859
5.820342
5.8924627
5.8276095
5.9046288
5.8175287
5.9206886
5.762002
5.6765375
5.7088337
5.6253133
5.6487236
5.541665
5.707513
5.5201473
5.7179003
5.6933346
5.5741963
5.6482472
5.603894
5.636339
5.7854853
5.5587564
5.7176332
5.498123
5.514106
5.5805044
5.536806
5.464719
5.646117
