10000
8.673188
8.520367
8.483446
8.587831
8.517721
8.541435
8.608698
8.5401745
8.565314
8.623653
8.622695
8.63973
8.599859
8.726891
8.628058
8.673777
8.620036
8.605519
8.68622
8.729243
8.692417
8.707618
8.6737
8.750459
8.661453
8.790031
8.681685
8.760952
8.731811
8.727757
8.774389
8.726486
8.632935
8.627204
8.602902
8.600979
8.570168
8.671711
8.570494
8.614901
8.488901
8.429523
8.441035
8.401623
8.319706
8.163049
7.985461
7.6871657
7.6284847
7.690148
7.442156
7.5292726
7.5210714
7.604938
7.5040264
7.4186134
7.3443384
7.4730906
7.5444098
7.707355
7.827707
8.066319
7.930831
8.026825
7.9032693
7.7441974
7.26025
6.801057
6.8199654
6.4489884
6.144822
6.000479
5.943228
5.889348
6.08055
6.0934258
5.9822187
5.720558
5.694007
5.296066
4.914789
4.7324133
4.8154707
4.8606043
4.8232007
4.7958035
4.8099813
4.7933855
4.7795277
4.7182584
4.751294
4.88585
4.822421
4.871682
4.7961326
4.887993
4.9268694
4.212666
3.8450298
4.0183654
4.5443487
4.508991
4.579217
4.658093
4.7341957
4.7630186
4.506759
4.6310067
4.5849433
4.612952
4.555927
4.7059317
4.574952
4.699247
4.6201863
4.5482864
4.7254367
4.6333213
4.706139
4.575569
4.734478
4.7002087
4.648399
4.6465526
4.6358104
4.670747
4.668994
4.5830297
4.8331227
4.852022
4.7184415
4.7608476
4.8123975
4.9486256
4.823575
4.9747844
4.9087467
4.95677
4.8749614
4.055738
4.740766
4.848337
4.8364305
5.0841904
4.9175797
4.927506
4.8580666
4.854724
4.8691072
4.845252
4.8890104
4.8463597
4.872875
4.8650966
4.917957
4.8743744
4.94631
4.8623805
4.889108
4.8388705
4.8875766
4.82236
4.897318
4.838782
4.9083934
4.8032827
4.8935966
4.794713
4.8752546
4.7891197
4.846285
4.800266
4.901261
4.845136
4.9217734
4.9122796
4.8394547
4.9097686
4.889085
4.9301105
4.8659387
4.8701105
4.8301764
4.828969
4.8197346
4.8416076
4.8243003
4.9135504
4.907871
4.873698
4.935598
4.9559116
5.0191793
4.9531617
4.9711523
4.996809
5.0428104
5.0366855
5.08412
4.968811
5.0582814
4.972106
4.9861393
5.0402756
5.045145
5.0222774
5.0752254
4.927225
5.0229445
4.9660563
5.0531545
4.9960384
5.0487404
4.9514203
5.026317
4.9981327
5.011523
4.9582615
4.946606
4.9582844
4.982162
4.9970293
5.020808
4.9747553
5.0639677
4.981885
4.99971
4.9803863
4.9951987
4.934635
4.9878583
4.9517994
4.960482
4.943474
4.965961
4.940073
4.9522047
4.931294
4.953619
4.927235
4.947013
4.9103665
4.912789
4.8909965
4.9086733
4.891234
4.904413
4.892701
4.928636
3.6303568
3.5815625
4.031343
3.4440424
3.338068
3.3898697
6.7724915
6.9693274
7.0682178
7.103211
7.043928
7.089311
7.239917
7.209561
7.233814
7.199148
7.244688
7.2085466
7.3052177
7.318996
7.334272
7.222791
7.2285237
7.3053117
7.270047
7.286569
7.3237433
7.311591
7.2377367
7.230567
7.2764587
7.239734
7.275341
7.2730427
7.311056
5.043265
5.1482043
4.993459
5.075408
5.227877
5.214396
5.374435
5.4518137
5.3707027
5.3628097
5.3687506
5.271482
5.281516
4.5030336
4.5386133
4.5353723
4.633283
4.525746
4.5161033
4.5791636
4.66883
4.6540456
4.7136364
4.7237206
4.6514025
4.7489567
4.800324
4.6895843
4.7150526
4.7841144
4.6521916
4.614777
4.836073
4.786654
4.754811
4.853809
4.853076
4.66057
4.6997986
4.8424582
4.847939
4.873345
4.9240065
4.960888
4.8035765
4.761949
5.075241
5.0131545
5.0197287
4.7928376
4.9108353
4.8391547
4.8630133
4.8066964
4.757814
4.8406463
4.760271
4.64334
4.645035
4.515253
4.833194
4.8335557
4.9511104
4.819769
4.863524
4.838276
4.8641505
4.918941
4.8532333
4.858981
4.8670855
4.826739
4.8904233
4.975864
4.93835
4.944684
4.888562
4.9583116
4.9260354
4.993383
4.925543
4.947181
4.9290442
4.9451556
4.8548193
4.905833
4.9076114
4.895119
4.8932085
4.9004884
4.8526845
4.9273586
4.904507
4.887915
4.858126
5.007084
4.9183235
4.9710355
4.8599095
4.84949
4.849742
4.8300185
4.759086
3.931127
3.3337867
3.5832944
3.562833
3.5545297
3.6103365
3.610054
3.6642816
3.6855726
3.9293518
6.4269485
6.4141164
6.528195
6.4222813
6.3595653
6.4070125
6.403747
6.4428988
6.509035
6.6436167
6.7357464
6.7348003
6.7346067
6.9511766
6.877555
7.0965195
6.9536295
7.0174303
7.0382414
7.101496
7.1948776
7.2172475
7.143485
4.66994
4.6909566
4.743875
4.594386
4.8166485
5.08579
4.923622
4.871791
4.7571573
4.952612
4.7949967
4.5529294
4.656012
4.612801
4.609476
4.7730904
4.7736244
4.8014774
4.8352065
4.7433195
4.704634
4.685835
4.65963
4.7579474
4.7975087
4.6621094
4.789432
4.665325
4.666123
4.6736307
4.761097
4.7657366
4.6681376
4.7880373
4.726556
4.693578
4.719691
4.7011695
4.7688985
4.7599964
4.886161
4.8079658
4.838986
4.7882257
4.793504
4.8243723
4.86948
4.8130956
4.8245687
4.9023514
4.8840137
4.840044
4.8372974
4.887666
4.9634213
4.9455094
4.8337455
4.866541
4.822394
4.956319
4.822102
4.997571
4.8429666
4.9007235
4.902012
5.010221
4.958755
4.9955177
4.804677
5.0978956
5.2449694
5.237567
5.129092
5.116329
5.3053102
5.2440567
5.216495
5.2602787
5.2455773
5.285534
5.3690815
5.3891287
5.4837484
5.439451
5.3180265
5.3494587
5.0845494
4.8293204
4.9350743
4.8924446
4.7762756
4.7499037
4.643718
4.6689467
4.6090174
4.616556
4.4893727
4.409781
4.2711015
4.2604237
4.188489
4.3337474
3.9450226
4.0600653
4.129711
4.1767683
4.2612324
4.2498093
4.194039
4.1870427
4.4428425
6.917828
6.85555
6.9174843
6.920275
6.827068
6.875789
6.8872457
6.859244
6.8646927
6.9254575
6.8510585
6.8916006
6.820691
6.932426
6.8427334
6.8888187
6.862089
7.06292
6.8690996
6.9508624
6.811938
7.1075783
6.8547034
6.944001
6.849643
6.882564
6.8703275
7.01424
7.0955176
6.978069
6.9612565
6.8367944
6.802045
6.535595
6.4661555
6.3824434
6.2699165
6.4007654
6.20703
5.970675
5.816257
5.9502077
5.865735
5.9017725
5.849867
5.761694
5.5163403
5.678603
5.5314727
5.2954054
5.105475
4.791317
4.9045835
4.6333675
4.5542955
4.7567806
4.8806863
4.87449
4.8925533
4.8696785
4.8290625
4.6634316
4.7027917
4.576232
4.565327
4.6065254
4.330938
4.3848753
4.5025268
4.2896957
4.119091
4.496822
4.4891605
4.2878747
4.3184023
4.1347146
4.2842927
4.261843
3.6381257
4.390078
4.404607
4.315553
4.2097526
4.3096447
4.0598392
4.482675
4.5866947
4.567428
4.6694674
5.075621
5.271561
5.3200083
5.240467
5.4228177
5.4650736
5.537332
5.4035316
5.301455
5.2251306
5.237966
4.745843
3.7002149
4.544358
4.0132422
4.0592475
3.862214
4.5718355
4.6452374
4.3571672
4.4791164
4.256795
4.080617
4.1538467
4.194825
4.2544627
4.086399
4.7154818
4.7372246
4.8151174
4.840791
4.959344
4.7520747
4.7224784
4.347195
4.226929
4.529829
4.6058965
4.8433585
4.725397
4.4766545
4.2506084
4.2459235
3.913353
4.4411006
4.5142527
4.834796
4.7976804
4.803512
4.693663
4.3032026
4.74545
4.7398176
4.6364465
4.666375
4.496915
4.8124714
4.8734827
5.30403
5.7097716
5.3773255
5.607752
5.471448
4.7371664
4.4870844
4.429177
4.8299856
4.815835
4.795992
4.6650105
4.671917
4.691422
4.768228
4.6723943
4.748014
4.7027197
4.7600217
4.6510377
4.5897436
4.5823507
4.5835757
4.518485
4.6673875
4.515773
4.731212
4.7309537
4.5821357
5.0978923
4.913899
4.625876
4.303091
4.2472653
4.290557
4.3944926
3.5931947
4.373333
4.2886186
4.2717514
4.4313993
4.7519155
4.8166924
4.7132616
4.6010275
4.6928654
4.7127905
4.734274
4.72469
4.725293
4.646356
3.7928789
4.6845007
4.582105
4.650511
4.687174
4.6227074
4.5229425
4.4551897
4.3095956
4.930228
5.230188
5.7061806
5.2334447
5.2511907
5.1976438
4.990941
4.837804
5.1015472
5.1164446
5.072723
5.159989
5.186791
5.1979227
5.1943765
5.161647
5.117747
5.1474886
4.8191714
4.7549486
4.7104073
3.4698372
4.3440022
4.4677305
4.441461
4.534668
4.4794073
3.5595994
5.0559497
5.1230636
5.125784
5.109635
4.9516535
4.965606
5.196289
5.0158844
4.878609
4.775305
5.0558233
4.8523602
4.868087
4.8872175
5.084381
4.8701773
5.0319376
4.8504195
4.837724
4.8594694
4.8170137
4.8044395
4.821
4.7735543
4.848664
4.8235507
4.8187013
5.010897
4.7946987
4.8859878
4.9673533
4.941619
4.892521
5.023459
4.945775
4.9481072
4.8962855
4.8583965
4.915977
4.848036
4.8621345
4.8594875
4.978502
4.817622
5.0505166
4.840147
5.038005
4.90098
5.0607915
4.9048347
4.917616
4.977555
5.207538
5.080154
5.016623
5.0274377
4.9279637
5.176394
4.8473473
4.9724636
4.9220567
4.8403087
4.9644027
4.7924304
4.9588513
4.8090396
4.9597325
4.823211
4.7806673
4.741987
4.8620253
4.815971
5.119107
4.89266
4.905173
4.9955745
5.0112925
4.9944654
5.0994473
5.075446
4.961627
4.811915
5.0110936
4.897155
5.0203238
5.128584
5.2034836
4.9712095
5.155633
5.1284056
5.1550164
5.2556677
5.427279
5.0571365
4.566655
4.7848353
4.6821465
4.7698
4.8115263
4.8856683
4.983463
4.92717
5.0048428
5.020106
4.8739696
5.0432405
4.8578854
5.0014606
5.074267
4.9316273
5.0663524
4.9925947
5.093968
5.0400805
5.2657237
5.2365394
5.2205505
5.1794
5.2029185
5.144552
5.008858
5.123042
4.896248
4.974701
4.820649
4.723946
4.830554
4.701844
4.84245
4.8435845
4.713344
4.704086
4.7429852
4.537317
4.5197144
4.8616266
4.8446693
5.15575
5.1640162
5.171333
5.3080816
5.161466
5.2807355
5.1059403
4.9410257
4.9462457
4.935668
4.8867784
4.7719483
4.8186593
4.8182287
4.8753242
4.825976
4.812677
4.8082585
4.6595125
4.821616
4.762118
4.685058
4.6887474
4.6768327
4.702852
4.6722417
4.7864223
4.818156
4.7423916
4.7994194
4.7240214
4.699498
4.7924995
4.694599
4.6815767
4.7122045
4.7193522
4.596038
4.5320144
4.6069307
4.57793
4.6264515
4.695671
4.599296
4.601098
4.6664357
4.555299
4.5041213
4.5043516
4.546953
3.8963442
4.4500375
5.2105474
5.2915134
5.0610743
5.0765505
4.816283
5.0221677
5.022647
5.0281243
4.8984184
4.99328
5.043718
4.987995
4.9706273
4.9006553
4.9945126
4.999554
5.0041046
5.0091004
4.9139113
5.006261
5.15833
5.09126
5.093512
5.0923905
5.2797484
5.329193
5.137378
5.216962
5.363594
5.349126
5.275677
5.2946353
5.199252
5.0915394
5.108439
5.049404
5.2486777
5.142362
5.251704
5.279476
5.2796464
5.4854145
5.4794574
5.3639956
5.437691
5.5548077
5.4706893
5.5664463
5.4398212
5.517892
5.3466916
5.5507636
5.5997233
5.445514
5.432768
5.593093
5.492194
5.347984
5.580826
5.3625464
5.3698545
5.398526
5.281077
5.3622494
5.320977
5.2608767
5.1806445
5.220668
5.304968
5.2840405
5.1655154
5.0263977
5.049616
5.2102895
5.136375
5.0665975
5.09266
5.1052628
4.9002223
4.884004
4.7293797
4.7880054
4.786581
6.0549436
5.9674788
6.0070543
6.129395
5.9578347
5.919132
5.8812275
5.9848275
6.0362577
6.1134567
6.087228
6.0288057
6.136676
6.151539
6.047533
6.270699
6.4059744
6.2148294
5.875443
5.9693365
5.480862
4.923031
4.5531397
4.0295143
4.100751
4.232544
4.4471645
3.9342926
4.4682026
4.553125
4.5803866
3.9760418
4.44302
4.365459
4.2494116
4.547397
4.690276
4.8624854
5.076398
4.950177
5.3962603
5.453968
5.6518593
5.8004417
5.8392396
5.8460608
5.9920173
6.1993723
6.0625443
6.0675564
6.1190658
6.303298
6.2811594
6.0405903
6.064951
6.048724
5.9830227
5.8533726
5.8611407
5.845565
5.932401
5.890007
5.6437254
5.6996193
5.663059
5.7124996
5.768812
5.7980385
5.816913
5.6602035
5.732115
5.6877913
5.776137
5.7386694
5.6733055
5.755823
5.7367635
5.797274
5.713401
5.6792345
5.615232
5.6814985
5.549942
5.461295
5.545602
5.4966793
5.3379188
5.223214
5.2128077
5.1705656
5.050182
4.9204974
5.0609865
4.983294
4.9099503
4.9684815
4.9690113
4.9175224
4.871856
4.8798656
4.896275
4.8533993
4.9834
5.016818
4.9934998
5.1033564
5.240645
5.1691446
5.2917185
5.2864256
5.278224
5.4157095
5.5042744
5.7165246
5.6946816
5.787507
5.9621234
6.0210342
5.916647
5.911455
5.995017
6.056963
5.9953804
6.0246143
6.006614
6.070841
5.840331
5.8978057
5.86702
5.8053174
5.9669375
5.914834
5.8671923
5.9885874
5.963274
6.007525
6.048173
5.9451923
5.937022
5.831944
5.7510047
5.699401
5.763915
5.8189387
5.993935
5.751867
5.7324376
5.7955837
5.917369
5.7347827
5.786891
5.7619925
5.8615246
5.840811
5.859685
5.8828526
6.00374
5.8909554
6.190409
6.1117387
6.097173
6.174726
6.2507772
6.144146
6.280877
6.1185327
6.335084
6.1740522
6.082195
6.1001897
6.002057
5.8046455
5.926748
5.869804
5.9021764
5.8195324
5.7870097
5.752928
5.853346
5.7467427
5.6981688
5.7584486
5.93102
5.884359
5.9880185
5.988508
5.9332857
5.8245273
5.8588343
5.8497214
5.8677607
6.0291357
6.0863295
5.983224
6.0623674
6.1003623
5.997959
6.0840836
6.060283
6.127393
5.9987755
6.0635476
6.010752
5.9609337
6.018165
6.0222425
5.956468
5.9409847
5.8591666
6.0709524
5.8270926
5.96017
5.9945536
5.9064946
6.030591
5.8082356
5.8565235
5.7527037
5.706934
5.7082496
5.6777773
5.6981897
5.833792
5.847767
5.8564167
5.8659043
5.8361535
5.858497
5.8459854
5.8186445
5.833142
5.798183
5.8018656
5.847039
5.9451056
5.829505
5.838304
5.854277
5.9582667
5.88491
5.8889084
5.953089
5.9906645
5.9800406
6.0104084
6.025803
6.0841646
6.09482
5.9302564
6.0136867
6.0103455
6.1140804
6.1216173
6.086404
6.14142
6.082671
6.0574265
6.1368904
6.1970563
6.1337223
6.155362
6.030877
6.0146065
5.986009
6.003282
5.887537
6.0845895
5.9410253
5.8828235
5.9300213
5.932727
5.9335866
5.771351
5.8689632
5.962648
5.762494
5.911569
5.7880745
6.046118
5.9870853
5.979198
6.0222692
6.081987
6.016879
5.9563994
6.0200243
5.9883537
5.9197283
6.132258
5.950394
6.090141
6.025291
6.0036283
6.127385
5.9457626
5.97829
5.9081116
5.870728
6.0084333
5.9340954
6.103136
5.868995
5.9087605
6.0631404
5.979191
6.0221024
6.0195117
5.9741883
6.1571302
6.093994
6.1768556
6.039569
6.143257
6.253925
6.298756
6.147518
6.130064
6.066377
6.139068
6.132527
6.175243
6.164545
6.1995783
6.305818
6.207239
6.284286
6.051998
5.9709616
6.03832
5.932514
5.993498
5.919254
5.870528
5.9346952
5.9037876
6.0178313
5.9755745
5.943459
5.772029
5.744442
5.637206
5.6244926
5.492455
5.4888086
5.5730877
5.4176717
5.4238315
5.6616855
5.78553
5.8524156
5.8246975
5.9237556
5.836586
5.7847238
5.7591844
5.8490214
5.9522595
6.308096
6.2490153
6.2418118
6.3057423
6.198569
6.1990705
6.0435047
6.057429
5.9555535
5.936386
5.982499
6.151966
6.0617537
6.165464
6.2048974
6.174296
6.02676
6.067196
6.039544
5.9912763
6.0340304
6.1203127
5.994828
5.8865943
5.5708
5.638096
5.500011
5.49951
5.4703746
5.430949
5.460773
5.508739
5.483282
5.597075
5.610594
5.915516
6.095768
6.3652525
6.1683273
6.196402
6.1399527
6.3088408
6.2203517
6.284421
6.109521
6.2078342
6.391258
6.4479327
6.3874435
6.3956804
6.3907633
6.3985615
6.338085
6.3834615
6.2413306
6.1814866
6.197095
6.3102384
6.245573
6.370593
5.7833652
5.739968
5.683377
5.6179767
5.615144
5.67679
5.8078575
5.9308124
6.145837
5.8962173
5.9197717
5.8540783
5.7990737
6.0593367
5.9142585
5.770732
5.8247337
5.987267
6.2265296
6.4174566
6.1769342
6.190731
6.156951
5.9227934
5.5783653
5.304837
5.1688943
5.1635723
5.1903524
5.1919117
5.2831306
5.4756355
5.5141306
5.7346582
5.88476
5.5671945
5.1588254
5.1791267
5.304076
5.419204
5.258283
5.2275486
5.2851553
5.33646
5.5129924
5.653591
5.6277246
5.71187
5.7908077
5.8807316
5.6587224
5.6405067
5.5618863
5.4699306
5.5785794
5.6095667
5.5193615
5.582129
5.523437
5.7046328
5.7212353
5.858948
6.03186
6.005563
6.079316
6.009756
5.799339
5.6627455
5.310756
5.362501
5.220134
5.210431
5.1715775
5.3288116
5.237021
5.365423
5.3349705
5.2680755
5.335104
5.444401
5.338168
5.117559
5.22131
5.0638328
5.0796485
5.2253036
5.235749
5.2139764
5.211196
5.231288
5.155957
4.9065065
4.869088
4.873608
4.813744
4.939171
4.8052697
4.8254504
4.847039
4.650745
4.8367143
4.6096306
4.730887
4.5567017
4.5808945
4.5355268
4.6188893
4.6422524
4.5845475
4.703849
4.800537
4.619281
4.5304894
4.467132
4.6864033
4.7223105
4.7201357
4.738119
4.8250394
4.9347677
4.8679996
4.8284225
4.853462
4.8358183
4.8678713
4.79603
4.810209
4.7820444
4.7909737
4.819969
4.8786454
4.877382
4.8157105
4.8428483
4.78389
4.756341
4.7338595
4.795983
4.8055296
4.9535108
4.956901
4.889615
4.921333
4.901659
4.762422
4.7054715
4.7310743
4.9012003
4.821143
4.9523063
4.9184504
4.8624663
4.8681436
4.837841
4.732345
4.6907887
4.6927347
4.636041
4.6835246
4.808668
4.6153345
4.7532125
4.6818795
4.6430798
4.6371765
4.663112
4.83699
4.818625
4.850708
4.840445
4.85917
4.8946686
4.7021284
4.8668723
4.6823463
4.833053
4.8425093
4.8410892
4.7096863
4.8463674
4.845214
4.928656
4.8251033
4.8920827
4.931421
4.9589853
4.976352
4.8966074
4.92506
4.8787565
4.8991604
4.848447
4.858496
4.815461
4.828637
4.9446144
4.9491224
4.981195
4.9668474
4.927173
4.9122972
5.0095744
5.0047646
5.075284
4.983938
5.0127015
5.020251
5.021972
5.0261383
5.0476437
5.069259
5.048323
5.073257
5.0989127
5.0654325
5.040131
5.0887804
5.0649176
5.131222
5.012801
5.0645123
5.063751
5.081753
5.0536237
5.06615
4.9789743
5.053706
5.081275
5.004526
5.0291505
5.0730615
5.0828934
5.109116
5.0969276
5.0048738
5.0066714
4.956445
4.9672523
5.0091233
5.656689
5.7587495
5.740287
5.819922
5.9083233
5.9076643
5.8589892
5.7937717
5.8153267
5.8321133
5.859006
5.9556413
5.8446674
5.8733225
5.8925757
5.8673325
5.8648643
5.970625
5.8125787
5.910094
5.7632957
5.913906
5.786514
5.772545
5.9678216
5.919143
5.8768263
5.797574
5.901637
5.8346868
5.9019427
5.9335084
6.022369
5.9885473
6.149228
5.9746194
6.029746
6.0538416
6.0544634
6.0113473
6.033477
6.0320635
6.027217
6.014291
6.0402336
6.0125504
6.0188093
6.062072
5.888764
5.922839
5.923087
5.928022
5.9088945
5.8992014
5.9462295
5.9636817
5.963766
6.0328074
5.9941216
6.023331
6.003012
6.0733495
6.019987
6.0755014
6.0688
5.980891
6.0854783
6.095382
6.159092
6.2022967
6.2308297
6.152509
6.204089
6.2132516
6.179587
6.253796
6.265953
6.2540708
6.391105
6.351663
6.3714294
6.3241796
6.258061
6.2905264
6.255107
6.264361
6.206586
6.188922
6.1820207
6.2060256
6.2944117
6.1860127
6.175765
6.037304
6.1092854
6.0426292
6.0776777
6.03444
6.0384917
5.9857154
6.0101886
6.0716443
6.0774326
6.194527
6.1622767
6.390643
6.2199097
6.3038416
6.044551
6.0288525
5.9378586
5.9096837
5.93253
5.9817
5.9019566
5.9525805
5.975926
5.7908473
5.8863435
5.585514
5.5525427
5.345221
5.3451257
5.218241
5.348249
5.312682
5.2170525
5.416173
5.276744
5.4563007
5.42582
5.471889
5.4670835
5.6437
5.341868
5.6941733
5.8519835
5.6494145
5.854357
6.1631737
6.2369547
6.330744
6.290984
6.306984
6.148746
6.149758
6.146679
6.1869955
5.1170816
5.3045545
5.1603165
5.102377
5.050627
4.9285007
4.821654
4.8016896
4.87678
4.8332033
4.8481226
4.795999
4.825171
4.900285
4.7975316
4.931162
4.9489493
4.8685822
4.873638
4.768984
4.8307633
4.745087
4.8680573
4.934626
4.9860697
4.962677
5.0224175
4.933935
4.8918004
4.844007
4.899227
4.81004
4.8608804
4.8087926
4.8067575
4.7238975
4.736353
4.776129
4.8324013
4.821982
4.8678327
4.8944154
4.8865967
4.873659
4.877313
4.8229313
4.7918596
4.7221017
4.7746825
4.6512504
4.7307653
4.5986423
4.8468657
5.0621443
5.06009
5.159928
5.2157445
5.2954025
5.2047725
5.2119603
5.187903
5.265283
5.18824
5.304834
5.24778
5.2370825
5.240117
5.214278
5.185598
5.2002974
5.171053
5.173575
5.215374
5.1075644
5.129666
5.206867
5.1504803
5.2189016
5.1599345
5.2361994
5.179967
5.2081547
5.2138906
5.188182
5.1627736
5.249185
5.168468
5.2619452
5.181959
5.2549
5.1619515
5.247467
5.0943975
5.2159925
5.1092196
5.161324
5.1384335
5.2320285
5.1525927
5.221053
5.157967
5.2157807
5.168134
5.293522
5.1953144
5.2222996
5.1670933
5.2081666
5.148348
5.203604
5.108096
5.229066
5.15528
5.2440777
5.152586
5.174484
5.1777163
5.3293123
5.1785765
5.1030483
5.128105
5.218664
5.229149
5.1756763
5.1549306
5.155266
5.1882715
5.2255673
5.135419
5.1619663
5.1267643
5.116189
5.1515207
5.187205
5.1941614
5.2146473
5.1143675
5.137332
5.1951094
5.21283
5.196894
5.2001815
5.14588
5.1672864
5.152793
5.156782
5.2052646
5.2144065
5.10751
5.222154
5.1992955
5.2238665
5.075629
5.258793
5.1411653
5.2281823
5.174295
5.2551727
5.1351957
5.1845303
5.1666994
5.2063713
5.196493
5.1819468
5.15369
5.169543
5.209343
5.1857357
5.1548896
5.2115936
5.175598
6.0973988
6.111346
6.1969633
6.2981524
6.172058
6.3853574
6.327121
6.3443766
6.3453193
6.3292866
6.399601
6.3709183
6.4443274
6.338672
6.404792
6.434677
6.338747
6.3212523
6.3492513
6.371396
6.308402
6.370612
6.2922916
6.3258076
6.2905173
6.2703424
6.2636786
6.2557297
6.296096
6.180393
6.2848177
6.0872097
6.4487762
6.4289694
6.4775743
6.543418
6.5247684
6.4612937
6.5204043
6.3582664
6.4512124
6.358466
6.484909
6.449901
6.554487
6.370968
6.391231
6.2421474
6.2446375
6.360159
6.588209
6.527796
6.6439567
6.6402135
6.6669526
6.587036
6.644959
6.4680314
6.4112005
6.5251446
6.391983
6.384415
6.187512
6.256785
6.232708
6.2260923
6.139323
5.935939
5.958022
5.741046
5.9338536
5.985079
6.1062956
6.04351
6.2780194
4.064478
4.130853
4.188142
4.1698375
4.2833295
4.181466
4.251264
4.2711678
4.2346745
4.2717304
4.1378775
3.3229885
4.3112626
4.2649403
4.378061
4.2427597
4.0991254
4.4749784
4.247143
4.245771
4.2676783
4.5698605
4.5674148
4.6493454
5.0984006
5.296815
5.426137
5.6728263
5.601662
5.81328
5.746019
5.8158875
5.7849565
5.7338753
5.8235292
5.655901
5.50142
5.4865537
5.4587984
5.4142084
5.386042
5.379809
5.43798
5.4432178
5.422343
5.4043283
5.4246173
5.3820033
5.4232883
5.5165215
5.390124
5.2116966
5.172266
5.0737324
5.1026707
4.974251
4.8815255
4.923924
4.795403
4.786239
4.8966393
4.875533
5.014426
4.966765
4.9484115
5.0332737
5.0210485
4.966547
5.0140324
5.0258913
5.0485253
5.0504227
5.1011357
5.0987716
5.0114117
5.0767584
5.147031
5.2180724
5.2186093
5.201715
5.1575475
5.186363
5.1619616
5.169865
5.216221
5.30816
5.3488426
5.3598065
5.35555
5.347103
5.3956947
5.4024806
5.287211
5.293716
5.3258185
5.302163
5.3998795
5.2942686
5.385728
5.32868
5.3207874
5.298609
5.352609
5.3092737
5.3423133
5.318709
5.2607727
5.3487463
5.3016405
5.3211064
5.2678213
5.3085155
5.3096824
5.1679854
5.201364
5.1792793
5.31231
5.3926644
5.412327
5.351944
5.336185
5.317629
5.3333282
5.4560676
5.311913
5.315713
5.3013244
5.326308
5.3062067
5.3923764
5.4052033
5.444166
5.4713454
5.5297556
5.5033817
5.535415
5.5573297
5.5877304
5.5817075
5.594347
5.6426516
5.6506944
5.620392
5.6408367
5.6580243
5.660781
5.7137756
5.7282386
5.662545
5.68376
5.610257
5.621642
5.6825113
5.6490088
5.6570334
5.702775
5.5903673
5.6330237
5.652795
5.6082625
5.6228056
5.7113557
5.6349173
5.733317
5.726716
5.706933
5.699859
5.5803976
5.621997
5.610304
5.419321
5.355096
5.361458
5.3410788
5.324313
5.2975054
5.256832
5.3176913
5.1727834
5.3591633
5.2589664
5.3539844
5.3016987
5.372218
5.410937
5.6135244
5.710282
5.667352
5.681933
5.66271
5.649265
5.69451
5.5542827
5.6499996
5.668154
5.6047993
5.60607
5.6547155
5.6385865
5.743062
5.7728243
5.7149625
5.73433
5.649966
5.6814075
5.6256895
5.6460047
5.6243525
5.643258
5.604933
5.6610255
5.613881
5.6287727
5.644192
5.6358356
5.737318
5.612784
5.5853925
5.577366
5.5943937
5.511781
5.6680264
5.6545796
5.67649
5.6115866
5.687267
5.5781646
5.6055856
5.5975313
5.62483
5.657845
5.6335464
5.711544
5.667132
5.7148447
5.7175274
5.718369
5.720657
5.768761
5.728154
5.7612896
5.7730813
5.768446
5.734548
5.821519
6.049811
6.1958327
6.263872
6.2605963
6.226045
6.231198
6.166896
6.1540713
6.0644164
6.1979775
6.088904
6.241105
6.046286
6.1396832
6.0905232
6.292315
6.100134
6.360189
6.099719
6.363431
6.0921254
6.3518405
6.1135807
6.407218
6.137889
6.43724
6.196175
6.2583327
6.323753
6.284602
6.3847737
6.2802463
6.3264284
6.254146
6.3059344
6.1648936
6.3182616
6.3197393
6.1842556
6.2871084
6.201435
6.330045
6.2446437
6.3409176
6.2522316
6.265242
6.3834605
6.24779
6.263907
6.22033
6.3257008
6.252815
6.256292
6.245313
6.293583
6.186313
6.2944217
6.2050138
6.2415395
6.2029095
6.2837043
6.2200246
6.386839
6.2726254
6.3831086
6.209095
6.3133283
6.2035227
6.2497196
6.259142
6.250634
6.2604184
6.12558
6.1868696
6.125014
6.1914096
6.095154
6.1803403
6.0548477
6.1936326
5.965804
6.124908
6.0798516
6.2476015
6.1470127
6.25149
6.1800365
5.9569654
5.955499
5.8352103
5.797927
5.6138783
5.6142683
5.5503445
5.414587
5.433177
5.2264137
5.101679
5.1474295
5.0670943
4.922933
4.837241
4.9386673
4.9402227
5.0333023
4.8934684
4.837536
4.778378
4.8264694
4.9016056
4.8152814
4.9743886
4.9094734
4.9342127
4.937277
4.898142
4.8889785
4.8840528
4.9125032
4.8925285
4.8660407
4.9373903
4.8699026
4.909703
4.9265304
4.9751067
4.9544797
5.0722227
4.933989
5.0473866
4.984846
5.057026
4.932812
4.9934807
4.9831333
4.9730864
4.9506536
5.001779
4.9327674
5.0007286
4.939115
5.0055404
4.9749656
5.064519
4.985476
5.045413
4.953532
5.018071
4.9996667
4.9964175
4.994507
4.970685
5.0349326
4.9629326
5.0196247
4.961196
5.0303917
4.996812
5.0311933
4.981683
5.0253286
4.94334
5.0296454
4.9530096
5.034526
4.9411798
4.959831
4.916168
5.0180974
4.9211016
5.003866
4.861423
4.955469
4.904063
4.9659705
4.901951
4.8843575
4.944853
4.9436455
4.901351
4.942416
4.915745
4.9351435
4.911823
4.930623
5.014919
5.226138
5.256788
5.236304
5.3386426
5.292717
5.3126926
5.2573786
5.2892175
5.166731
5.0839005
5.1293797
5.185065
5.2838736
5.221161
5.2391214
5.2483034
5.187134
5.201628
5.1689157
5.27669
6.416153
6.428966
6.5542483
6.371855
6.2784867
6.2184987
6.2159576
6.2181635
6.2263527
6.083567
6.139489
6.006309
6.0867968
6.021072
5.989237
5.9862714
5.925887
5.940737
5.8557105
6.0115876
5.886912
5.9142585
5.929818
5.9474087
5.8637667
5.964601
5.8844833
6.0065002
5.860607
6.0129595
5.868792
5.9662538
5.8540783
5.990522
5.810302
5.982794
5.843589
5.945035
5.866202
5.9510126
5.8552303
5.968566
5.846571
5.9517603
5.8698273
5.980923
4.95901
4.9434385
4.9541025
4.999784
4.9634438
4.978165
5.0447745
5.11502
5.1578016
5.040191
5.2067466
5.0674767
5.220293
5.095845
5.236105
5.169509
5.158517
5.187743
5.124737
5.268307
5.05969
5.2745934
5.1192584
5.31487
5.136018
5.3321276
5.1014824
5.330434
5.182425
5.3341103
5.0706453
5.273256
5.125261
5.261549
5.087325
5.2838016
5.082635
5.3127356
5.081755
5.290469
5.1019
5.363207
5.095423
5.343382
5.122219
5.294256
5.1168647
5.322507
5.0617867
5.336176
5.1015844
5.3026905
5.1140585
5.285346
5.110479
5.276347
5.0734897
5.330348
5.069823
5.355855
5.1515794
5.3474655
5.1781573
5.3322077
5.135097
5.3783116
5.1765184
5.3274646
5.186497
5.359521
5.1629844
5.3676715
5.1839876
5.329897
5.1917343
5.3674335
5.210474
5.3973193
5.2124104
5.2984424
5.1250606
5.330119
5.123156
5.29659
5.0852823
5.3188
5.069822
5.298092
5.0824327
5.274146
5.1498985
5.181841
5.1114044
5.267021
5.1164536
5.2713375
5.16943
5.3065777
5.1792173
5.2792697
5.201148
5.2799478
5.2391996
5.3177447
5.232872
5.329093
5.18779
5.1977925
5.1997185
5.320412
5.18819
5.28045
5.21488
5.2696643
5.2625775
5.3604627
5.1781664
5.258172
5.2348633
5.2691307
5.21111
5.252587
5.233318
5.249693
5.2148037
5.2055187
5.159825
5.2075596
5.15907
5.1871843
5.1631856
5.2186003
5.158627
5.2100344
5.188198
5.174683
5.18086
5.175527
5.1753354
5.12536
5.174472
5.1123633
5.1462326
5.122842
5.149627
5.1150312
5.1667204
5.1235027
5.15033
5.127225
5.1728888
5.1666455
5.206723
5.3012967
5.2187147
5.2818823
5.184015
5.2458324
5.183645
5.2491245
5.2102776
5.2714868
5.2089386
5.2796
5.17292
5.2771444
5.1987915
5.2650895
5.201314
5.268451
5.1635313
5.248849
5.1919055
5.2934427
5.182593
5.250396
5.1415415
5.2479553
5.1380424
5.2464085
5.1275997
5.18577
5.189617
5.207437
5.1335783
5.280451
5.132963
5.204522
5.1386514
5.1956463
5.159641
5.2060027
5.1360865
5.196265
5.123888
5.2109494
5.1552052
5.2132044
5.156497
5.1912036
5.170558
5.2058454
5.1620393
5.2205505
5.158071
5.213105
5.1373506
5.2662315
5.1581874
5.2111597
5.1884637
5.295431
5.182615
5.303464
5.2099557
5.2729425
5.222704
5.908807
5.995038
5.904536
5.929367
6.0634713
5.9464936
6.036037
5.972131
6.046072
5.955249
6.060419
5.992588
6.0704412
6.008627
6.0549955
5.9967537
6.0519347
6.014159
6.0762444
6.0067625
6.0468307
5.9987144
6.021748
5.9766903
6.036192
4.7569804
4.703558
4.65293
4.6289983
4.6386795
4.5871334
4.5835485
4.591113
4.608185
4.592156
4.6035976
4.5631304
4.546817
4.5248823
4.5850277
4.561214
4.559922
4.5499454
4.645139
4.5510564
4.60528
4.54924
4.576673
4.5429587
4.66068
4.6009145
4.584219
4.6209736
4.587144
4.6286674
4.563423
4.637423
4.5511937
4.615614
4.5262957
4.611158
4.5392427
4.6250086
4.5370374
4.6179914
4.520713
4.644303
4.7506514
4.771715
4.69598
4.731193
4.706409
4.6698885
4.6315775
4.684111
4.7470546
4.7258496
4.7483892
4.6606727
4.704916
4.616248
4.571227
4.708581
4.520851
4.544085
4.555219
4.563559
4.645435
4.631552
4.596555
4.690965
4.703164
4.364968
4.6625605
4.693866
4.3714247
4.3317013
4.6573334
4.675062
4.671019
4.5697308
4.643097
4.585483
4.57256
4.657089
4.6212544
4.672601
4.5640607
4.6920776
4.632763
4.746883
4.80042
4.9453597
4.82876
4.9700565
5.015354
4.976563
5.1423516
5.16364
5.1925735
5.2573285
5.367618
5.4444656
5.4419556
5.4565597
5.6005898
5.5515614
5.6951275
5.5051794
5.7625976
5.5871396
5.781107
5.6531196
5.6669583
5.6493654
5.6599245
5.6789417
5.679501
5.7397485
5.6781507
5.7865777
5.7585936
5.7748537
5.795243
5.9372644
5.811338
5.9421196
5.785755
5.895138
5.8523116
5.959122
5.8119817
5.9172373
5.8812156
5.9419723
5.855187
5.9885263
5.8959208
5.920905
5.907923
5.9645896
5.9682493
6.0139384
6.030722
6.029764
6.0771046
6.067663
6.0845914
6.1214795
6.103013
6.0874305
6.151928
6.0813046
6.1073136
6.13128
6.222173
6.116097
6.116577
6.067839
6.0772405
6.054573
6.0464954
5.970741
6.030214
5.795906
5.846426
5.725991
5.7004814
5.6167307
5.5782924
5.5106754
5.4000154
5.510323
5.5518365
5.511872
5.611444
5.601578
5.642941
5.6404333
5.6214952
5.5431504
5.6639614
5.652922
5.629375
5.6855125
5.640507
5.5885625
5.638552
5.5855565
5.607455
5.5759497
5.592119
5.611598
5.593609
5.63912
5.5831122
5.6512876
5.574861
5.7044907
5.5673723
5.641805
5.506012
5.6596923
5.4842663
5.58854
5.4622006
5.553498
5.5124936
5.5085883
5.5057335
5.457163
5.4122543
5.3834195
5.398579
5.4125104
5.3781867
5.435854
5.3599033
5.34541
5.465656
5.454096
5.4356904
5.363816
5.3552995
5.3777304
5.4084163
5.389305
5.414336
5.334628
5.3503065
5.328044
5.203102
5.2369065
5.2256103
5.2317195
5.2381973
5.2292166
4.9955554
5.1468954
5.044099
5.091368
4.9173183
5.120826
4.875209
5.007948
4.8784647
4.941335
4.885285
4.850359
5.0965433
4.871891
5.040657
4.866467
5.005349
4.8267045
4.8885717
4.7901773
4.9233246
4.89914
4.811548
4.9584394
4.813777
4.9019895
4.7721887
4.839143
4.7678304
4.848463
4.7788343
4.8438888
4.7370152
4.832667
4.7478476
4.837476
4.7528615
4.8949523
4.740496
4.795773
4.721377
4.757669
4.7828517
4.7417746
4.7269735
4.713126
4.7641335
4.7481194
4.746811
4.709184
4.761034
4.7227917
4.7770615
4.7090373
4.7710576
4.672588
4.6528397
4.723665
4.744918
4.765891
4.8293605
4.8316393
4.797901
4.8188033
4.7588577
4.813892
4.746428
4.8508053
4.734605
4.8282113
4.745792
4.8344507
4.7769737
4.950532
4.857001
4.918689
4.9019756
4.9251413
4.9387045
4.938283
4.854178
4.883648
4.894281
4.8555455
4.8742075
4.886777
4.84369
4.86927
4.80735
4.8727
4.772379
4.938881
4.7635036
4.925719
4.798284
4.9122243
4.7390428
4.898521
4.7805667
4.954254
4.7488704
4.9021673
4.7605515
4.8352947
4.6821303
4.8531666
4.691836
4.828426
4.666782
4.827625
4.6675773
4.795439
4.688775
4.8388724
4.7028227
4.8487496
4.7009187
4.8202286
4.7101426
4.8064365
4.7062025
4.80253
4.718651
4.8192434
4.742093
4.807102
4.7761254
5.8526187
5.881282
5.7717915
5.8667955
5.7838345
5.865799
5.7746515
5.8945246
5.7183175
5.8335695
5.739449
5.854627
5.7568974
5.8963647
5.7744703
5.905465
5.7948017
5.9509397
5.8498363
5.944748
5.8515897
5.9708114
5.8946342
5.998172
5.8924456
6.0088887
5.8914385
6.001479
5.8944597
5.9841633
5.8035107
5.972535
5.886493
5.992823
5.8891506
6.0334053
5.875463
6.018779
5.8981543
6.055561
5.9252315
6.0596
5.9534764
6.098946
5.9252615
6.080203
5.9177437
5.118367
5.119563
5.243058
5.0497494
5.063058
5.053193
4.9463067
4.969553
4.9680066
4.905572
4.978788
4.995549
4.9826097
4.986929
4.98735
4.915586
4.9146414
4.91776
5.0363674
4.9442554
4.9418945
5.0913925
4.945948
5.0958076
5.0874457
4.9723287
4.8955555
5.0797467
5.095411
5.0583034
4.943912
4.951709
4.9171267
5.0056176
4.96366
4.942102
4.961508
4.9476995
4.987961
4.9477706
4.9253283
4.9700575
4.9573994
4.997328
5.051259
5.004503
5.0406694
5.0003324
4.996425
4.7870917
4.8470902
4.873568
4.8537683
4.8613153
4.8820925
4.816284
4.9602776
4.9318585
4.9673104
4.899622
4.9135733
4.9423804
5.020314
5.049457
5.131682
5.0407085
5.0512905
5.0064163
4.9927254
5.026824
5.093284
4.99481
5.05943
5.107426
5.1238337
5.000069
5.0543733
5.033929
6.1184993
6.1375093
6.170265
6.2770944
6.1298428
6.2430186
6.1261244
6.2311783
6.161422
6.289472
6.1190133
6.241514
6.167799
6.2179565
6.208665
6.2798047
6.185906
6.267757
6.275279
6.294955
6.284554
6.281534
6.3039303
6.3188276
6.2374125
6.287157
6.25447
6.244857
6.181213
6.158293
6.244432
6.5095468
6.838436
6.974294
6.891207
6.9266014
6.927504
6.680433
6.4657044
6.506439
6.364981
6.365794
6.201382
6.197686
6.1429358
6.225623
6.1069665
6.0265436
6.001303
5.994569
5.965571
5.892563
6.0124583
5.931107
5.986848
5.941521
6.0329337
5.958808
6.076786
6.0240955
6.23906
6.2618546
6.28044
6.2924848
6.3257785
6.3048906
6.446477
6.463083
6.4714637
6.5519733
6.570686
6.63916
5.3763328
5.2992725
5.327234
5.399847
5.263888
5.449746
5.2233133
5.3831115
5.3199263
5.3848767
5.27652
5.343507
5.303304
5.386811
5.3238254
5.4422593
5.3490953
5.419365
5.338798
5.3595777
5.393316
5.4284344
5.395981
5.3954043
5.393012
5.4906836
5.3977575
5.446638
5.3752255
5.5090594
5.347986
5.4853783
5.3643503
5.4684563
5.398167
5.4811172
5.446744
5.452883
5.394788
5.44214
5.4179606
5.4743776
5.450307
5.4868655
5.489122
5.4803514
5.5055647
5.5044303
5.496277
5.5749226
5.522859
5.512329
5.5440354
5.5405903
5.5927696
5.6337986
5.679264
5.6740203
5.7182355
5.7146993
5.7324305
5.73448
5.708694
5.733104
5.7567396
5.772563
5.837704
5.783501
5.8302393
5.7576265
5.748283
5.7168326
5.7605524
5.7245936
5.7647405
5.6720643
5.768997
5.787117
5.7972097
5.765661
5.773362
5.8217554
5.782653
5.6772413
5.7840466
5.8067064
5.768368
5.7986536
5.71884
5.676418
5.6400166
5.721608
5.700795
5.696672
5.622897
5.691908
5.585292
5.659566
5.596612
5.6759424
5.643477
5.7398562
5.7261553
5.742631
5.7357345
5.7660275
5.7652526
5.7880445
5.7888956
5.7391524
5.762581
5.711742
5.778677
5.6619887
5.787196
5.6361003
5.7791305
5.68386
5.7923098
5.698755
5.817488
5.691642
5.807086
5.685664
5.767048
5.653236
5.7850137
5.6827917
5.7946877
5.652239
5.8065557
5.680757
5.7588243
5.680954
5.7415504
5.6509
5.7033634
5.62057
5.704959
5.630896
5.7407665
5.6252804
5.718172
5.672719
5.7026343
5.652484
5.693199
5.6689386
5.7141757
5.6977015
5.7047257
5.631904
5.671921
5.598773
5.5522857
5.5776587
5.5647936
5.5940986
5.6321054
5.5110817
5.573757
5.5069656
5.579224
5.5219965
5.5773516
5.51977
5.5071425
5.4862337
5.520501
5.45809
5.4889326
5.4768114
5.5156097
5.4734545
5.464984
5.5238643
5.5312443
5.575368
5.528433
5.5652704
5.472678
5.534403
5.515332
5.491772
5.4848084
5.467398
5.464193
5.4640884
5.510445
5.444
5.378688
5.446718
5.3827915
5.402132
5.3665447
5.406843
5.357415
5.3949814
5.402587
5.424308
5.329129
5.4350204
5.3348856
5.4286284
5.337174
5.3201423
5.441384
5.4263234
5.412427
5.394659
5.380578
5.3678484
5.331457
5.3314686
5.3478665
5.3690233
5.392252
5.3695326
5.395742
5.3817673
5.3497934
5.350635
5.3801527
5.3795767
5.381195
5.3813357
5.427153
5.3746667
5.3522596
5.353361
5.3390756
5.364869
5.3451586
5.3455067
5.31971
5.2938585
5.364908
5.3442426
5.3603015
5.3545876
5.374964
5.3509884
5.3925195
5.3872476
5.362815
5.402551
5.4263067
5.442942
5.416918
5.4036274
5.4481997
5.486476
5.437054
5.460367
5.5231624
5.5139694
5.470091
5.423344
5.4013085
5.395267
5.376217
5.386233
5.4079556
5.418715
5.429679
5.467945
5.458455
5.467804
5.5155373
5.5167007
5.5552635
5.496805
5.614146
5.5590825
5.61426
5.640904
5.6489425
5.5719724
5.667913
5.5714207
5.618531
5.620982
5.689749
5.7275567
5.736199
5.707891
5.743414
5.7094936
5.7201633
5.7072926
5.665284
5.661984
5.693556
5.6526556
5.6813016
5.656184
5.6622386
5.69066
5.7018185
5.7089343
5.6939497
5.7084703
5.762917
5.7465763
5.817882
5.86071
5.754148
5.858474
5.76991
5.7208266
5.6951776
5.632452
5.7702413
5.620889
5.685685
5.6056533
5.592217
5.595723
5.6589885
5.632597
5.627206
5.604748
5.63233
5.5860734
5.585696
5.5433536
5.503852
5.546286
5.390445
5.588498
5.4075136
5.5903616
5.3651786
5.5576406
5.495171
5.467057
5.4821014
5.427151
5.5067983
5.4366283
5.5552835
5.4610634
5.6080403
5.51127
5.5279393
5.6316795
5.6437593
5.616479
5.7158117
5.689797
5.7712393
5.6689625
5.7752476
5.7896996
5.895531
5.799224
5.751967
5.846584
5.6808085
5.6561074
5.7180786
5.7009883
5.850337
5.7661514
5.8184857
5.7714005
5.90956
5.7509365
5.942049
5.7586207
5.8536515
5.752316
5.8235917
5.822265
5.824985
5.9210353
5.860353
5.9673557
5.970827
5.9740133
5.902256
5.986796
5.92352
5.935232
5.957837
5.89906
5.889474
6.0504513
5.909834
6.052611
5.7020416
5.952404
5.7612987
5.9590206
5.8269033
5.8370767
5.7813034
5.9419656
5.814868
5.806303
5.854282
5.894939
5.876155
5.7934947
6.0053377
5.7958302
5.8751965
5.764222
5.8356605
5.7863426
5.8488417
5.744926
5.8187323
5.65572
5.745367
5.7304754
5.8942184
5.7180576
5.875492
5.752625
5.871739
5.769924
5.8147054
5.7335377
5.840788
5.801486
5.787857
5.8108416
5.816756
5.7342343
5.852399
5.785712
5.859378
5.824847
5.703832
5.822809
5.7731667
5.769198
5.8090916
5.7348022
5.6822567
5.690973
5.679088
5.712221
5.849515
5.791641
5.8583694
5.8208227
5.873221
5.8961363
5.839736
5.9612894
5.826571
5.851682
5.7592807
5.7693353
5.721679
5.6921926
5.602414
5.735669
5.664712
5.580868
5.5369763
5.5771284
5.4806814
5.4762654
5.5348506
5.500799
5.5001945
5.4637976
5.4615774
5.5273924
5.4604516
5.4664135
5.5397344
5.44678
5.6364503
5.544746
6.2309837
6.286202
6.180872
6.2375865
6.2428107
6.38148
6.4499993
6.5204225
6.46432
6.4769125
6.5714498
6.659198
6.5971093
6.59921
6.6626835
6.710525
6.737212
6.9067106
6.7796807
6.889326
6.7327127
6.676279
6.565845
6.6033487
6.4613657
6.388999
6.351828
6.231019
6.3709016
6.206562
6.330035
6.354164
6.401762
6.3363895
6.390519
6.3784637
