10000
7.7511663
7.7336383
7.474722
7.2912226
7.1894417
6.899267
6.5796313
6.5403814
6.675042
6.906894
6.9860983
7.1260343
7.1691446
7.1728954
7.251561
7.314821
7.1587915
7.03864
7.1956244
7.199154
7.644444
7.709869
7.5958843
6.926891
6.2345257
7.2090306
7.5741596
7.577419
7.4143586
5.995137
4.132625
4.0421796
4.6068516
4.601508
4.7964525
5.233552
5.274511
5.2373633
5.1532297
5.0570755
4.935617
5.007035
5.252876
5.3380795
3.3052106
3.4660022
3.5806746
3.937671
4.338783
4.5599885
4.666372
5.627539
6.067113
5.625017
5.2069106
4.7055783
4.5317583
4.691928
4.5049067
4.143822
4.4937973
4.4938483
4.858763
4.5527973
5.119337
5.4453936
5.4596977
5.4761734
5.393941
5.8142924
6.2288957
6.199523
6.4250965
6.736629
6.8920774
7.085819
7.573331
7.7148023
7.3483276
6.8772426
6.150909
4.994128
5.1130486
5.3408756
4.678949
4.486772
4.161781
3.924196
4.2021537
3.8217444
3.9890063
4.42448
4.3253484
4.063358
3.4100797
4.3329697
4.6273565
5.031205
5.1631813
5.2415357
4.7960725
4.1259055
4.9396462
5.6362796
6.160575
7.2857065
7.834404
8.219027
8.395976
8.333027
7.819626
7.719387
7.84846
7.478377
7.1126704
7.059457
7.123168
7.6500025
7.713243
7.5116353
7.3204947
7.151235
7.50134
7.890853
7.8308363
7.7324286
7.615096
7.4911814
7.6209946
7.453051
6.953946
5.8657575
4.505798
3.5915968
3.342285
2.969842
2.52067
2.602108
2.6937535
2.5930042
1.5754021
2.4133704
2.4989574
2.7020054
2.6159527
2.4373994
2.5296001
2.2638712
2.3972735
1.80751
1.4442939
1.697173
1.8558602
2.4955072
2.1114283
1.1025243
3.2457993
1.3255844
1.4136477
1.9527802
1.2730545
0.7779034
2.3849032
0.79751116
0.9517556
1.0615733
1.0260004
2.462357
1.0392178
3.131613
3.1862183
3.0503929
1.239902
1.3181266
1.1648191
2.7250838
3.3263025
2.8026066
3.0376225
3.1217237
4.7456837
4.8549566
3.8859608
4.2951984
4.162648
6.153289
6.057022
5.1875377
5.441522
5.724667
6.0502386
6.0233316
6.0771055
6.071231
6.1026516
6.112018
6.0775924
5.995239
5.624199
5.3970237
1.2697667
0.8422913
2.18295
1.2668294
1.7386382
0.49392292
0.80051833
0.6490569
0.41196954
0.6315891
1.021087
1.2184248
1.540857
1.7297692
0.4687726
0.6724088
0.39763474
0.65215635
0.8176021
0.6471839
0.93837774
0.61521786
0.6489045
0.6956283
0.70642644
0.5251344
0.538088
0.5983046
0.95210844
0.5225351
0.8859099
1.8765786
0.58779466
0.8048854
2.5273302
0.5603282
2.866211
0.6595261
0.40418866
0.51717126
3.1899424
0.69897836
3.9740646
3.0799632
3.5835264
2.068161
2.927697
2.753019
0.5262239
0.5326173
0.50327754
0.6662165
1.2466886
0.5554773
2.8630087
0.3884291
0.37941036
1.89884
1.2933269
0.4244426
0.34010908
2.259305
0.44362798
4.258374
4.1232
4.1743317
4.3872952
4.0811424
1.6862059
2.220557
0.3880893
2.1352139
1.0507336
0.56352615
0.502587
1.2735955
1.3368145
4.551668
4.27997
4.2032824
1.9357038
0.26145703
4.9603286
5.0021973
3.3473947
4.3038826
2.940546
3.656376
3.9159222
4.6451325
3.6271749
3.90231
0.9390282
4.4803486
5.010597
4.711776
4.874117
4.971709
5.013889
4.7167196
4.022656
0.37350243
0.45690733
0.42540288
0.40449837
0.53447014
1.9577467
0.32650307
0.26332587
0.30645755
0.3747115
0.31675035
0.35693225
1.4720284
0.45061412
4.197381
1.5894432
0.39260545
4.830105
5.459504
5.284668
5.192983
5.1730967
5.381571
5.640434
5.827216
5.609119
5.5541487
5.719598
5.2694817
5.4903297
5.6426225
5.3442593
5.18552
5.0426035
4.794315
4.7546773
4.613509
4.6265354
4.828527
4.921362
5.267208
5.490082
5.7498126
5.852958
6.1127577
6.1153035
6.9454613
7.1442943
6.921071
6.568685
6.701719
6.6747007
6.635882
6.6431456
6.93102
6.966184
6.92952
6.6704803
5.9232492
5.4845943
4.975155
4.876074
5.3728375
5.4304857
5.7336006
6.3117466
6.319362
6.08674
5.9743814
5.8773594
5.7785635
6.043357
6.1085887
6.2639575
5.9896097
5.677082
5.008033
5.2083993
5.12863
5.1116147
5.2131543
5.2936044
5.102672
4.406378
5.089607
4.943676
4.667842
4.7780924
5.093911
5.5103607
5.7671037
6.0824966
5.2562275
4.1010413
4.1570807
3.7129292
4.0278115
4.244284
4.8115625
4.3889713
3.1712923
3.6775308
3.7252293
3.3794785
2.6994462
3.4898665
5.3076944
5.3128185
5.2540593
5.2381687
5.2251344
5.2645974
5.2025785
5.4142756
5.545602
5.772286
5.725026
5.6447005
5.7090535
5.728256
5.763836
5.845616
5.878351
6.02666
6.0141587
6.0107017
6.063082
6.0897827
6.1947494
6.1740165
6.1097236
6.0920644
5.896029
5.912861
5.835639
5.854658
5.81835
5.762938
5.6413574
5.2858157
4.692872
4.644305
5.2480507
5.0519624
4.920614
5.2922516
5.2799196
5.379229
5.1911097
4.9808216
4.397626
4.3463917
4.385109
4.2863545
4.330282
4.2596607
4.15392
4.0673933
4.109235
4.3178587
4.335688
4.5770206
4.7711005
4.8247166
4.942494
4.978693
5.1946335
5.4383936
5.2084594
4.6995745
4.6153393
4.776187
4.7301435
4.8827696
5.9434423
6.229018
6.2060857
5.6695333
5.21189
3.0067096
1.7435256
2.0228724
1.0892832
5.4668036
6.242245
5.711272
6.0259256
4.6115875
5.8048687
5.360646
5.0938673
5.23543
5.199652
4.783507
2.7594514
4.313382
4.222088
4.340461
3.5801132
3.2258048
3.1693382
3.5638387
3.9070766
3.2295246
5.3457437
5.1603794
5.0599065
5.207808
5.1116333
5.0744333
4.8668737
4.828126
4.674585
4.6048074
5.4183173
4.5741434
3.234502
4.216794
4.1120825
3.7359302
4.103548
4.004716
3.8063908
4.017962
3.8833783
3.9033947
4.4658203
4.6556783
4.6345687
4.887878
4.848522
4.5958734
4.6931276
5.085599
5.5796804
4.994098
2.7133818
3.7140908
4.6020594
4.380053
4.186887
3.9443033
3.5581164
4.015758
3.9309099
3.7568665
3.2518659
4.0665946
3.3191667
3.6684484
4.2378244
4.4713182
3.533824
3.3843539
4.2260423
4.3017426
3.509872
3.9118617
3.8358161
3.4969182
3.4443138
3.2523897
3.5701132
3.8176227
3.8867047
4.109022
4.061023
4.0666347
3.8020318
4.524947
3.8418243
3.2324817
3.9423943
4.5175233
4.800258
5.089906
5.323512
5.4049087
5.441522
5.365257
5.2562666
4.9223166
4.743265
4.7601852
4.681749
4.652488
4.5529656
4.518705
4.6670027
4.652175
4.7173247
4.8144283
5.001815
4.9206576
4.9286084
4.861593
4.8771615
4.875155
4.911018
4.8196974
4.8326793
4.8969283
4.8817363
4.740008
4.688487
5.008725
5.035562
4.966336
4.9705257
5.2375803
5.0806904
5.014929
5.079358
5.036532
5.2089734
5.0422416
5.1562605
5.231762
5.3435245
5.429179
5.485629
5.4798594
5.4937177
5.4372663
5.332508
5.2610097
5.1788163
5.105237
5.0351796
5.0769095
5.0690947
5.167483
5.1826105
5.098673
5.396709
5.3612037
5.442481
5.353711
5.359257
5.453408
5.289583
5.3909044
5.4998507
5.429556
5.2904005
5.3311186
5.178028
5.213953
5.1895356
5.3266463
5.2999372
5.329509
5.3515143
5.56881
5.562421
5.4571505
5.2368293
5.1452727
5.2253485
4.97297
4.979948
4.9626336
4.921358
4.9693737
4.92152
4.8681564
4.8670363
4.6950583
4.7407007
4.754134
4.7392197
4.597558
4.538916
4.602498
4.587845
4.508033
4.509572
4.413183
4.3984165
4.2064795
4.091366
4.0408077
4.0175986
3.9626675
4.0946155
5.656766
5.968256
6.460116
6.441646
6.347494
6.3612847
6.2887807
6.2510557
6.1631413
6.297518
6.208803
6.072263
5.913085
5.8596296
5.790182
5.765395
5.8681326
5.981354
5.810209
5.868693
5.8740115
5.8927155
5.9798594
6.0451713
6.3725357
6.3569126
6.0063267
5.9069586
5.904254
5.8940744
5.712504
5.7659574
5.952859
6.159483
6.146265
6.147189
6.2540607
6.119761
5.845613
5.2851696
5.3342986
5.604359
5.424411
5.4398737
5.7512527
5.9969997
6.164903
5.909226
5.9815736
5.814746
5.8431325
5.9540367
6.265002
6.135159
6.0289087
5.9061627
6.010977
6.160937
6.5334682
6.4743743
6.458638
6.0982714
5.9949865
5.9004316
6.037309
6.0033712
5.059552
4.803873
4.7810473
4.634027
4.7827864
4.8452597
4.731041
5.065569
4.9608603
4.9395275
5.048329
5.2937737
5.2765813
5.243878
5.3336487
5.373263
5.3933897
5.324775
5.1926594
5.173549
5.086527
4.795367
4.5498333
4.3353205
4.0743737
3.8701262
4.1171436
4.0166655
2.784825
4.269065
4.0109396
4.2414703
4.1558766
2.4337509
3.8352375
3.3596919
3.404605
2.7517083
3.1376808
3.3650665
3.0069482
3.2602012
3.3272035
3.556398
3.323433
3.5462651
3.5514438
4.105652
4.8349953
5.0327816
4.713047
5.9625077
5.4992294
5.9065084
5.793526
5.060272
5.996603
6.7051725
7.130033
7.264076
7.242459
7.03917
7.5701237
7.7142305
7.698407
7.418847
7.5400076
7.6422853
7.5232573
7.2911015
7.4799466
7.054113
7.2096224
7.2345557
7.080819
6.8941116
6.718359
6.537385
6.434587
6.506141
6.533989
6.728214
6.514006
6.4115605
6.3943253
6.3709764
6.6211863
6.6045475
6.206424
6.5570717
6.1194944
6.4682236
5.4701133
4.700203
4.429479
4.1467233
3.951733
3.8355365
4.814
5.381982
5.622405
6.250732
6.3480177
6.543351
6.381745
6.572048
6.7877383
6.7460566
6.44833
6.32381
6.3613386
6.5859103
6.5864725
5.9222555
5.4348936
4.3984427
3.2366347
3.663859
3.22033
3.4626844
3.5593607
4.098086
4.068331
4.635397
4.191413
4.443186
4.823392
3.9873877
2.9826243
2.7657137
2.444409
3.0482275
2.3711102
2.6246412
2.6641657
3.7010736
3.4476898
2.950783
3.407298
4.5929623
5.2169333
4.745599
4.0783134
3.713368
4.5390034
4.5565305
4.0448685
4.3064175
4.8313317
4.724315
4.601713
4.4346404
4.2777705
3.9189537
3.860064
4.2893043
4.4513288
4.9597697
5.0439444
5.073177
5.4626064
5.561949
5.593872
5.490152
6.183005
6.530596
6.8300896
6.8209753
6.647047
6.52398
6.4464283
6.6470985
6.6415877
6.6577725
6.576782
6.2177935
6.2753925
6.1227574
5.753359
5.3529034
5.1776304
4.853638
4.661435
4.742769
4.721081
4.6189923
4.913504
4.626863
4.158101
3.7163055
3.9011343
3.961696
4.2821174
4.6024737
4.9276357
5.1193733
5.2054243
5.0696936
5.579418
5.712553
6.0046206
5.270213
4.4626813
4.5032206
4.579985
4.363223
4.0767655
2.0621014
4.919226
4.785971
4.5242624
4.328682
4.231556
5.768155
5.547448
5.5226727
5.4630566
5.3041267
5.453668
6.0550942
6.315411
6.618017
6.400251
6.2236066
5.959047
5.8836856
6.0170527
6.1544294
6.419893
6.7168922
6.649047
6.5493817
6.7447762
6.45761
6.4531636
6.8248873
6.3905587
5.2997966
5.942787
5.8506317
5.821397
5.845559
5.482936
5.4596324
5.456402
5.4531116
5.218174
6.012544
6.5804157
6.479932
6.7011895
6.492824
6.417265
6.2808304
6.1247883
6.1450953
5.9603786
5.7400446
5.601865
5.6971884
5.8164177
5.939325
6.0876985
6.132203
6.3748374
6.6055064
6.518136
6.5430446
6.769313
6.8321714
7.1983504
7.263241
7.2907114
7.164564
7.2728767
7.225485
7.1766305
7.2901554
7.2072124
7.335117
7.1693087
7.2427006
6.9412518
7.0351014
6.989037
7.0049224
7.212923
7.1191797
7.3184233
7.367372
7.355735
7.1676083
7.10816
7.5378933
7.1536503
6.8669024
4.517429
6.923033
6.7816386
6.868413
6.7512684
6.79284
6.6993117
6.498062
6.3413076
6.0997763
6.1258106
5.9261966
5.9928308
5.92257
5.943661
5.984128
6.1784086
6.2306333
6.098546
5.999996
6.3073497
6.6729727
6.6450424
6.736006
6.754635
6.7454143
6.5792375
6.7408886
6.6577287
6.5221
6.531749
6.5830464
6.504841
6.4766464
6.4887595
6.378173
6.4325414
6.5777726
6.7046013
6.713439
6.741914
6.712699
6.827912
7.002773
7.0727935
7.2439723
7.436967
7.5855894
7.6507244
7.620522
7.6742477
7.6382465
7.4390855
7.467336
7.343812
7.2468762
7.510779
7.4915056
7.6712947
7.525126
7.453067
7.299034
7.2189274
7.271059
7.353094
7.1597095
7.0383472
6.906151
7.007659
6.945053
7.0138216
6.991997
7.328964
7.3962817
7.2370405
7.001671
6.6284184
6.431096
6.5559635
6.7168493
6.2609744
6.320716
6.397834
6.442818
6.1566315
6.0337114
6.6503096
6.4556193
6.1930966
6.2931957
5.935407
5.6910863
5.1613765
5.1739
5.0989547
4.900644
5.092603
4.937073
4.8780093
4.797002
4.657251
5.522421
5.3198724
5.0541415
4.5937514
4.8147216
4.665189
4.789884
4.7789617
4.987383
5.150372
5.4354634
5.5740223
5.6861897
5.64581
5.506052
5.5086856
5.5506477
5.535079
5.3660746
5.7036476
6.02284
6.134466
6.1650767
6.093858
6.1869125
6.241993
6.4020033
6.585989
6.541213
6.5609927
6.3970523
6.457616
6.269028
6.4141836
6.2712927
6.166787
5.9283104
5.8529177
5.8403172
5.7307444
5.5950785
5.630287
5.566431
5.5605745
5.564079
5.6517534
5.623715
5.6749153
5.5761623
5.700884
5.6486254
5.65626
5.585541
5.6522484
5.7389035
5.7781706
5.732822
5.844856
5.874855
5.786293
5.903391
5.927927
6.137551
5.8552356
5.8978934
5.97544
5.7880054
5.8661737
5.956832
6.2162676
6.278249
6.2938323
6.3207135
6.6159096
6.71182
6.836254
6.944281
7.0113525
6.8062963
6.5152035
6.253511
6.172114
6.1436634
6.2262745
6.3328466
6.5171824
6.505741
6.8518825
6.688298
7.084795
7.242406
7.232306
7.2560883
7.2848616
7.54963
7.5616264
7.421599
7.616272
7.567792
7.665205
7.6226435
8.093795
7.9517355
8.019962
7.7557263
7.6921954
7.6323547
7.5091724
7.463418
7.632528
7.3282776
6.799569
6.6178217
6.9486446
6.854223
6.851878
6.8221655
6.57572
6.5422454
6.5100327
6.549806
6.464765
6.5796213
6.6851697
6.4301543
6.061141
6.0604043
5.7394214
4.632066
3.5615385
2.6952472
0.616703
1.2610792
1.5240264
3.999339
0.9137788
0.8253128
2.6382523
4.332459
7.0864944
7.115754
3.5988154
4.3898206
3.0809524
4.243593
5.4763637
5.495493
4.8744583
5.040068
5.4826913
5.9116893
6.258343
5.9912944
6.3149886
5.1080575
5.0772634
5.4029474
5.086759
4.5020943
4.158663
4.1763883
3.3253176
4.039445
4.011442
3.6402855
4.009013
3.3563867
3.8481116
3.8116057
3.961213
4.2319283
5.0566072
5.6452017
6.29983
6.3209314
6.6485233
6.9413366
7.030104
7.1492205
7.031172
6.9194274
6.8431625
6.720683
6.4545813
6.3772945
6.2399645
6.2732925
4.3244176
3.191949
3.5576518
3.7660985
3.4630303
4.279279
5.5912714
5.8005724
4.6438317
4.1369004
4.3128405
4.491813
4.1272173
4.7871175
4.332156
3.9756796
3.6320348
4.508227
5.662949
5.141727
4.1696754
3.9735258
4.1454554
4.4718504
4.994794
5.9713287
5.2173676
3.8942528
4.197918
3.5498073
3.6177053
4.4939747
3.7907736
4.9177027
5.327528
5.282498
4.991001
4.9020567
4.8511143
4.352411
4.609832
5.033811
5.281911
5.240361
5.130016
4.7510085
4.811832
4.339959
3.6734982
3.863535
3.4428706
3.255499
3.2363114
3.1180654
3.2823584
3.2301676
3.4219694
4.003699
3.5717027
3.1872165
3.5506027
2.9633272
2.935224
3.1419754
3.515953
3.2841182
3.9035594
3.4914782
4.165094
4.1356664
4.053939
4.5919967
3.751421
3.918332
2.2421238
1.0923756
1.2105418
1.0298691
1.0696344
1.1068325
1.112768
1.1927294
2.6243181
1.2209505
1.1906853
1.4211384
5.3493905
3.669229
3.3640025
5.5828147
5.130763
4.782472
5.4803033
2.8407252
0.9103817
1.1113968
1.10745
2.3993423
2.7206438
2.972158
3.2019098
2.7273874
2.5167885
1.486487
2.6228251
2.8871655
3.0801253
2.5011883
1.0550772
1.1566057
1.1769804
3.4328954
1.233945
1.1976362
1.2443271
1.2207668
4.591701
4.6904645
5.462816
5.9346995
6.69464
6.6127567
6.3660073
6.140741
6.1527143
6.1601644
6.187014
6.059527
6.184369
6.2153697
6.225671
6.3024235
6.271119
6.2734413
6.167378
6.47949
6.426801
6.3691425
6.4500766
6.611354
6.5205536
6.564148
6.714444
6.6741743
6.7014894
6.715533
6.7915163
6.8138475
6.942184
7.228492
7.3984556
7.440336
7.371976
7.5237613
7.5816097
7.63484
7.6169486
7.586816
7.492097
7.530231
7.575318
7.520062
7.5356116
7.7055607
7.594135
7.5293875
7.5214524
7.368827
7.3048763
7.1847887
7.078528
6.991856
6.944185
6.8652363
6.852524
6.789257
6.701811
6.654787
6.669683
6.540819
6.5640965
6.4255896
6.4250894
6.4437943
6.4618616
6.547253
6.5610514
6.6150165
6.590116
6.552347
6.5580525
6.516056
6.5623355
6.720048
6.701732
6.78468
6.9100137
7.1140165
7.217968
7.2483582
7.3481264
7.3702693
7.568024
7.363724
7.1197333
7.0349097
7.0751014
7.138847
7.1653814
7.144028
6.9375434
6.6699924
6.7641926
6.600901
6.4282017
6.474906
6.3853474
6.465481
6.3264174
6.365778
6.335188
6.2895446
6.207368
6.2584724
6.2393093
6.32141
6.544952
6.5817833
6.633829
6.849813
6.830698
6.8660603
7.0096016
7.156912
7.2161655
7.20944
7.3149486
7.3194513
7.27634
7.290632
7.3076024
7.1786604
7.1762795
7.2131906
7.2711153
7.286252
7.1331687
7.1378574
6.9804955
6.808713
6.8527946
6.448468
6.42826
6.125019
5.817122
5.6034417
5.7528744
5.553587
5.704961
5.944686
6.1666107
6.06648
6.056854
6.0895224
6.0351305
5.933138
5.7393174
5.7950883
5.9505806
6.0157037
6.0493226
6.062934
6.127715
6.024252
5.947686
5.9111686
5.859999
5.9139385
6.0560956
6.025518
6.2181196
6.3045745
6.408436
6.487332
6.5651083
6.6631913
6.855931
7.090864
7.135571
7.2692537
7.487392
7.6369886
7.553153
7.3524356
6.776291
6.2175574
6.084864
6.601178
7.032826
7.2983446
7.1213074
7.578627
7.6555386
7.780607
7.6783485
7.5073385
7.203889
6.801358
6.379524
6.0721617
5.6118727
5.215273
5.089443
4.99274
4.8774357
5.278676
5.482051
6.0738306
6.6241093
6.880421
7.003405
6.931038
7.145443
7.153116
7.177759
7.2332196
7.0347786
6.9974747
7.1150775
6.7301865
6.8399086
6.9033823
6.882817
6.797937
6.745776
6.697569
6.817705
7.104724
7.217469
7.2746897
7.2757516
7.1022143
7.184107
7.2190228
7.2006016
7.0020895
7.291711
7.193188
6.8042617
6.873638
6.9490414
6.6201787
6.536757
6.311804
6.473321
6.395357
6.6235447
6.9555397
6.8686666
6.7020025
6.566572
6.6041975
6.5900373
6.4163885
6.4132566
5.8995085
5.550682
4.825668
5.6965675
6.448221
6.350324
5.3209963
4.545559
3.945846
4.394823
3.974009
4.82208
5.1733913
5.4415
5.3747706
5.243243
4.4160957
6.0542774
6.1831737
5.673749
5.59986
5.720063
5.8641343
5.3865995
4.9695005
5.11734
5.254986
5.1624117
5.1776843
5.101882
4.9922585
4.8146467
4.676778
4.673712
4.547283
4.6464157
4.3721256
4.3080473
2.5564804
3.630274
3.3426144
3.3062649
2.753275
4.0583444
4.2577376
1.4125185
2.1399002
2.2319593
2.31209
2.5293088
2.6663742
2.4202952
0.66253376
0.7264285
0.70030296
0.7005601
0.5820629
0.754684
0.7325742
0.7287706
1.3427058
0.95541286
1.3659819
1.0363955
1.6389774
5.074302
3.5191567
3.7100286
4.6935487
6.049713
6.2594833
6.261513
6.2459526
6.192218
6.007669
5.820812
5.862959
5.7909746
6.011117
5.984719
6.0427413
6.040616
5.979939
5.95078
5.7789383
5.630767
5.5214405
4.8734713
3.3541555
0.5965058
2.885211
2.57682
3.21375
3.0461185
2.5461714
2.610978
2.4355323
2.6482084
3.1794116
3.0720673
3.1411686
1.7510071
0.6536826
1.0837313
2.4613976
2.6037061
2.7543879
3.0839653
2.868521
0.7434924
3.60611
2.8410647
2.5671082
4.4827394
4.3907366
3.2217312
4.3629975
3.341948
3.3345785
3.6231165
3.536314
3.5267408
5.2376704
5.7097692
6.6139402
6.514335
6.3291726
6.2746906
6.1729097
6.1692433
6.0055933
6.0284123
5.7952266
6.1210566
6.117155
6.4264016
6.279216
6.205197
6.322795
6.5516953
6.426394
6.634923
6.507681
6.5396404
6.431973
6.346463
6.188011
6.26666
6.313207
6.373064
6.2473564
6.182383
6.293531
6.2414026
6.3641734
6.34517
6.3265753
6.3127685
6.3347816
6.368985
6.3841276
6.4014044
6.31555
6.2437334
6.157653
6.0665665
5.962441
5.935443
6.0855126
6.3555565
6.52639
6.532335
6.443243
6.5998106
6.4772034
6.540723
6.4712696
6.3369455
6.3470316
6.4333134
6.4453936
6.4301634
6.154643
6.3124084
6.307518
6.2888374
6.405293
6.423466
6.5282927
6.7840996
6.8562903
6.8186064
6.9426928
6.963151
6.7610874
6.8502517
6.7454786
6.8549957
6.7723713
6.782835
6.6618743
6.7165203
6.573806
6.6425486
6.748445
6.8319926
6.9293656
7.025424
6.9997883
6.9353285
6.8617163
6.708055
6.6010337
6.57771
6.3360662
5.9352016
5.381929
5.467636
5.651519
5.6662197
5.652896
5.523538
5.712575
6.0325804
6.435772
6.886631
7.2068443
6.8445344
6.498596
6.4610467
6.3687663
6.4401765
6.763666
6.7512374
6.901993
6.7067513
6.724218
6.6862082
6.6796646
6.6754465
6.4617896
6.503438
6.570055
6.5584874
6.782339
6.92286
6.775071
6.7091584
6.589348
6.7703
6.8100495
6.943308
6.926388
7.2015038
6.466651
5.8963795
6.193868
6.3513994
6.09474
5.8299494
5.3171935
4.242079
3.118223
2.8249967
2.5436075
3.943165
2.726125
3.0316777
3.322096
4.047734
4.904115
5.9816246
6.5484447
6.8174276
7.4621286
7.013025
6.758169
6.1479406
6.4760456
7.1105146
7.3960032
7.6377234
7.491122
7.4617367
7.438224
7.341663
7.668899
7.392503
6.976888
6.792653
6.797677
6.7672453
7.039817
7.0923448
7.029192
6.7946568
6.5476003
6.6668477
6.766597
6.664771
6.4682903
6.4957104
6.1853943
6.170674
5.915991
5.4915752
5.184737
4.9484673
4.8326716
4.6351414
4.082227
4.1803594
4.2117434
3.9841232
4.1107535
3.7859235
3.8010447
4.403275
3.957252
4.263883
4.236743
4.179357
3.694884
3.5080848
3.8310149
4.1475034
4.308992
4.172397
3.324561
2.8519945
1.637295
4.340415
0.2880085
0.84981716
4.1387196
0.17260465
0.3651813
0.46749628
0.30914527
0.7989313
0.30770338
0.74479496
0.27336824
0.3296049
0.19831267
0.42677975
0.30309847
0.43340686
0.4644279
0.5244957
0.65526056
0.6832571
0.35574377
0.3144236
0.55913967
0.7813189
0.64468676
0.50966734
0.27163666
0.37625447
0.46678907
0.78941745
0.3883255
0.33002597
0.34145632
0.35229328
0.30833524
0.6624921
0.36254302
0.5568682
0.3057005
0.539826
0.24195635
0.18271235
0.19412208
0.20730183
0.23083414
0.2659437
0.30112877
0.29061455
0.24279134
0.29232436
0.28727219
0.2836441
0.23657602
0.31574842
0.38027334
0.35052925
0.4264658
0.37051782
0.341942
0.34965372
0.5439878
0.36397225
0.40045074
0.46031076
0.54134667
0.41831213
0.7396696
0.40277568
0.3927784
0.37524977
0.7881194
0.2911797
0.20929411
0.20664504
0.23566051
0.68551147
1.5292705
2.4890049
0.87804246
3.0735238
4.0266566
4.451502
4.4644566
4.341751
3.5986469
3.5858872
4.0743537
4.157863
4.068015
4.067462
3.7831752
4.0353127
5.056069
3.7185795
3.4982307
3.1462274
4.850811
3.1913147
3.8291101
3.8133368
3.345656
3.7698994
3.6568859
3.765248
3.94557
4.140995
4.57993
4.4300466
3.9040155
3.8925998
3.1199486
3.7862034
3.7862115
4.948432
5.5224013
5.376111
5.112222
4.912526
5.119572
5.6649537
5.817766
5.886267
6.099425
6.14824
6.250635
6.403895
6.5203
6.309835
6.222818
5.942016
5.9400263
6.0194464
6.207783
6.197155
6.289675
6.3009853
6.267
6.318221
6.4203396
6.1874666
6.1012373
6.0354695
6.108081
6.318126
6.524196
6.676159
6.8798175
7.129796
7.070256
7.0331564
7.0475492
7.157671
7.1262016
7.217181
7.1210027
7.1668005
7.228291
7.179049
7.044282
6.8396044
6.704832
6.591315
6.6850767
6.5640893
6.918252
6.8780494
6.991926
7.056899
7.1853914
7.134961
6.8616757
6.7114873
6.6978397
6.528961
6.467477
6.6494813
6.7645006
6.712072
6.5841274
6.5714703
6.7701826
6.6124215
6.5342593
6.3501964
6.049393
5.570957
5.1525044
4.695301
4.2193584
3.2590075
3.4380755
3.0548666
2.2916677
2.5566418
2.5579798
2.5682945
2.9214296
3.1052728
3.22404
3.445776
3.6797245
3.4506598
3.504701
4.1896567
4.2301106
4.721996
4.6100693
4.3740945
4.270941
4.6634517
5.107543
4.9389668
4.604108
4.374527
4.3430643
4.1845202
4.404177
4.4622736
3.269095
4.4279056
4.4119334
4.2734947
4.0807247
3.6913147
3.9516418
3.611103
3.5489552
4.1037765
4.158303
3.0396905
4.135886
3.3624105
3.6092076
3.2698848
3.3411877
3.4990754
3.3790255
3.225817
3.8273869
3.4914184
3.5996234
3.7420075
3.3890417
3.3021665
3.4472687
3.3274453
3.8125439
3.9388452
3.9609134
3.981932
3.9674103
4.28276
4.556277
4.9310374
5.0996084
5.1615505
5.338446
5.418498
5.213635
5.0741954
4.9646163
5.1876836
5.7626657
5.8955326
5.931842
6.0230846
6.130044
6.1968613
5.9631844
5.871319
5.3790073
5.1046953
4.85098
4.772805
4.8763623
5.0066543
4.983432
4.846554
4.689506
4.8460875
5.040493
5.1122913
5.2738237
5.342335
5.57864
5.6671553
5.8578014
5.955295
5.82808
5.949359
6.1283956
6.3160934
6.7312593
6.6968555
6.570186
6.526226
6.6545057
6.795843
6.8230457
6.8630185
6.7235737
6.719128
6.899354
7.0936594
7.0914397
7.042691
6.8303385
6.8537436
6.73806
6.654526
6.76077
6.7273912
6.673991
6.8092537
6.7218304
6.7818594
6.613456
6.4787188
6.2406125
6.06098
6.342671
6.5007734
6.3893466
6.038522
5.7460737
5.5751705
4.954548
5.734736
5.049081
5.3295355
5.947834
5.7724776
4.961228
5.3547616
5.620143
5.6779695
6.130518
5.880352
6.1496215
6.3119526
6.344199
6.8386145
6.8160825
7.27338
7.6564474
7.7853966
7.679802
7.858278
7.8846865
8.018515
7.979628
7.227081
6.6420465
6.544111
6.649577
7.0259056
6.7442656
6.614861
6.865068
7.051513
7.3061466
7.8539224
7.737761
7.812527
7.747858
7.5825205
7.3609657
7.0323606
7.2627597
7.3730803
7.3624167
7.275461
7.0497007
6.9420595
7.29717
7.2242994
7.1620274
7.2154818
7.318038
7.297578
7.5139456
7.6277122
7.658962
7.8015904
7.808608
7.7846785
7.6225443
7.566491
7.5075912
7.473218
7.282513
7.2483697
7.0287213
7.2110596
7.1477146
7.2173147
7.3340087
7.5727334
7.2567935
6.824282
6.2790947
6.6201744
6.5330634
6.6633477
7.073414
6.9208384
6.808172
6.799556
6.702339
6.712005
6.6584215
6.785847
6.8117666
6.890012
7.07152
7.138287
6.9695807
6.9458537
6.8830185
7.0404778
7.095259
6.887187
6.757532
6.682975
6.883502
7.195338
7.1412992
7.180932
7.27843
7.3667073
7.523368
7.428907
7.545599
7.3216705
7.2566295
7.3870926
7.2696085
7.1344943
7.0780573
6.963558
6.782632
6.636178
6.5996604
6.687768
6.6948414
6.719199
6.6467285
6.5556517
6.462677
6.312173
6.3072834
6.3102503
6.155987
6.2462907
6.3365974
6.2496767
6.25959
6.2052
6.242538
6.136369
6.1479635
6.1001115
6.0004272
6.0003743
5.9635534
5.9379926
6.064504
5.9537888
6.011549
6.02007
6.066511
6.088008
6.177028
6.0973873
6.104295
6.0872383
6.0945797
6.278005
6.311303
6.50616
6.4392195
6.6886725
6.7290807
6.6891284
6.8040323
6.8145413
6.7733974
6.83836
6.9731164
7.1603274
7.432108
7.495266
7.2797613
7.4333887
7.2098546
7.2997556
7.27361
7.198798
7.212845
7.087271
7.02662
6.91428
6.637137
6.810535
6.630265
6.5589924
6.6027837
6.6933274
6.6864667
6.7687864
6.7848425
6.8474374
6.7389975
6.553062
6.476813
6.5394974
6.4847484
6.4907284
6.432161
6.332347
6.2991276
6.311201
6.435841
6.4063344
6.347871
6.619696
6.724433
7.1098156
7.126056
7.064662
7.1569777
7.2944984
7.321741
7.4319887
7.5620437
7.6109767
7.5088587
7.566169
7.5648017
7.8261285
7.7844553
7.755802
7.8096533
7.699393
7.539469
7.152065
6.917016
6.8164883
6.6541657
6.515339
6.307164
6.1706276
6.038376
5.9463873
5.926609
5.944209
5.9386044
5.8605604
5.7985206
5.746439
5.7601433
5.82499
5.956199
5.9266367
6.073492
6.1503954
6.161934
6.202878
6.220884
6.3085074
6.4224043
6.5815945
6.7730837
7.079231
7.4375715
7.611926
7.8414755
8.037698
8.136626
8.1571865
7.992613
7.987621
8.143098
7.828531
7.872333
7.7495008
7.736244
7.58403
7.468311
7.4440017
7.3286204
7.3590026
7.3876257
7.316646
7.399908
7.4455037
7.2198873
7.080271
7.092066
7.1373835
7.0973544
7.180316
7.138838
7.072264
7.110104
7.312287
7.480245
7.772812
7.71575
7.8288975
7.7998567
7.8149695
7.771495
7.714105
7.8439956
8.134987
8.133934
8.208089
8.113751
8.047498
