10000
9.127787
9.237339
9.192933
9.400251
8.924651
8.979169
9.303621
9.143334
9.288082
9.190903
9.101267
9.146957
8.96075
9.052393
9.05073
8.948616
8.835332
8.651088
8.737596
8.808561
8.737021
9.031337
8.938594
8.669904
8.637942
8.496958
8.630328
8.524183
8.505781
8.263124
8.211666
8.1558895
8.358337
8.497126
8.436264
8.527546
8.633093
8.384263
8.865999
8.652437
8.64943
8.383401
8.490876
8.619643
8.734443
8.451989
8.339081
8.744383
8.748729
8.735376
8.87012
8.829724
8.85479
8.82805
8.7623205
8.773772
8.789803
8.881706
8.794476
8.781947
8.784873
8.850273
8.7644415
8.745443
8.815363
8.720582
8.679265
8.693654
8.568496
8.687887
8.645616
8.500792
8.796103
8.675664
8.780859
8.703588
8.829639
8.815722
8.883268
8.845203
8.831345
8.834725
8.691317
8.731329
8.723717
8.620288
8.66275
8.667093
8.66501
8.72093
8.706739
8.708505
8.578754
8.590668
8.566028
8.644236
8.6141205
8.604949
8.544366
8.358913
8.467902
8.400184
8.760496
8.588151
8.45771
8.557268
8.584909
8.5357685
8.5968685
8.643648
8.582461
8.647244
8.694012
8.677563
8.766079
8.80623
8.771394
8.78038
8.623205
8.609898
8.556456
8.389739
8.422105
8.456352
8.37291
8.339344
8.470486
8.620353
8.534639
8.511654
8.535322
8.557374
8.496249
8.367115
8.434965
8.431707
8.45691
8.406258
8.49933
8.472472
8.594536
8.715666
8.7809305
8.849515
8.661643
8.822121
8.87819
8.889329
8.78208
8.750099
8.743676
8.709786
8.84445
8.744994
8.847858
8.485472
8.318561
8.265938
8.340072
8.506198
8.537747
8.727784
8.796745
8.827279
8.85061
8.707622
8.845174
8.891986
8.873906
8.818883
8.628329
8.694814
8.643448
8.565095
8.470393
8.502598
8.369924
8.504987
8.5240135
8.41911
8.414885
8.405298
8.38711
8.500768
8.466912
8.519143
8.586726
8.710473
8.562944
8.671988
8.849221
8.776601
8.71142
8.558474
8.365812
8.361824
8.357162
8.460438
8.323714
8.646438
8.409857
8.511326
8.383627
8.296768
8.128922
8.088106
8.062096
8.071298
8.117979
8.012078
7.981717
7.8286
7.8370285
7.778185
7.7531624
7.758862
7.8385563
7.828744
7.9241395
8.058422
8.142295
8.017147
7.977375
8.012466
7.833705
7.771217
7.697807
7.701039
7.6270146
7.698093
7.6940975
7.724463
7.813842
7.844394
7.9378324
7.849988
7.821801
7.8231926
7.9184246
8.049479
8.134421
8.015796
8.129331
8.053051
8.017728
7.994608
7.893813
7.9406366
7.895893
7.5256596
7.78494
7.5812063
7.8514314
7.6814237
7.8643036
7.9181156
7.849182
7.9121776
8.055623
8.03011
7.9905014
7.903394
8.086809
8.055786
7.8919673
7.9915667
8.118226
8.054339
8.091423
8.290121
8.4317875
8.381284
8.439154
8.355868
8.468558
8.27461
8.200717
8.201253
8.147504
8.219752
8.216738
8.420229
8.444971
8.4191475
8.593317
8.398229
8.124969
7.958645
7.9273634
7.9590764
7.9312916
7.9954424
7.958993
7.9782467
7.9974113
8.108925
8.018586
8.223178
8.268423
8.229875
8.261651
8.118757
8.256743
8.138027
8.042199
8.01788
7.980843
7.9311123
8.099622
8.00458
7.8270826
7.742971
7.7168536
7.874225
7.8661785
7.6263022
7.8984885
7.7424994
7.8761272
8.013563
8.200879
8.100257
8.107591
7.690969
7.463122
7.403575
7.4186726
7.505205
7.603936
7.7116394
7.6550283
7.565827
7.390774
7.5245056
7.6180263
7.544406
7.5341105
7.5524907
7.7341976
7.673466
7.5882225
7.496424
7.5214987
7.492515
7.5673404
7.684962
7.8842554
7.9745264
8.201459
8.14433
8.259208
8.327937
8.391161
8.324776
8.349377
8.252997
8.243091
8.276329
8.2537
8.1866455
8.271399
8.111681
8.133135
8.003209
8.003014
7.8991776
7.8806148
7.873359
7.6888623
7.4677296
7.5849338
7.4870377
7.271591
7.3779364
7.3203063
7.4463463
7.333854
7.388511
7.493518
7.3273606
7.5470896
7.6403255
7.6155033
7.7370787
7.7177253
7.8798738
7.9715934
8.019771
8.090391
8.054007
8.088375
8.009951
8.009669
7.9355454
7.766909
7.6930447
7.964565
7.672788
7.5845838
7.82852
7.983559
8.108878
8.252731
8.384734
8.443638
8.302247
8.247443
8.015524
7.851332
7.713521
7.4401884
7.4876156
7.443242
7.2829204
7.3644366
7.3920565
7.3861156
7.4601927
7.5508513
7.646725
7.6952453
7.663326
7.5185375
7.471901
7.491184
7.4515066
7.517384
7.6844487
7.3261547
7.457917
7.5449505
7.478554
7.6184654
7.2056675
7.2693624
7.4087753
7.160029
7.1382513
7.0877414
7.4358172
7.2032824
7.1500645
7.037183
6.901585
6.9174266
6.8019385
6.5650806
6.471745
6.210541
6.2514725
6.2496557
6.158805
6.2984395
6.2424455
6.3964133
6.4667583
6.6210365
6.7272496
6.6310487
6.630042
6.487059
6.4439588
6.3618956
6.3399334
6.4752316
6.275493
6.247994
6.4003396
6.7967873
6.6852317
7.0122075
7.2530355
7.045227
6.8644733
6.606897
6.236472
5.9598093
6.037102
5.921297
6.04013
6.4144316
6.232284
6.1798654
6.4285183
6.2614536
6.3650393
6.3944197
6.171111
6.1385813
6.1573367
6.2098656
6.1663837
5.9779906
6.2251678
6.0581436
5.8178835
5.7122693
5.5281324
5.2951493
5.142581
5.2097807
5.162008
5.304763
5.2422557
5.1745205
5.434345
5.455937
5.375205
5.4577417
5.509721
5.4159007
5.416341
5.3070693
5.243495
5.2539606
4.9319153
5.413785
5.2785397
5.409402
5.408919
5.211732
5.3726315
5.622846
5.3841825
5.5145993
5.290597
5.3858995
5.1029468
5.1475224
5.298851
5.553108
5.58838
5.9718823
5.866088
5.992889
6.1951323
4.6730313
5.2549777
5.319564
5.444172
6.0612016
6.40734
6.249667
6.4366517
5.9387918
5.9586143
6.0757265
6.127733
6.399161
6.592278
6.6336265
6.548985
6.5020957
6.582455
6.537484
6.6841326
6.9928756
6.536573
6.538916
6.316119
6.026055
6.362273
5.6151457
5.862688
6.2140455
6.3387685
6.10627
6.326929
6.2245917
6.2480736
6.2095466
6.307632
6.396123
6.231791
6.1494517
6.1193957
6.478679
6.6596484
6.8907404
6.7100325
6.3379097
6.3375616
6.366511
6.3411093
6.058306
6.0085034
6.0379825
6.136358
6.0887456
6.241237
6.1911554
6.0120068
5.8719897
6.034138
6.0754232
6.219835
6.3332653
6.245469
6.3297997
6.415697
6.5786467
6.6972566
6.538863
6.664816
6.6527066
6.5125685
6.366165
6.423197
6.2256827
5.9470153
6.0082183
5.8421793
6.2879868
6.214949
6.5298877
6.4477663
6.547412
6.6298876
6.961645
7.0324407
7.0597215
6.81483
7.193667
7.22314
7.087494
6.730457
6.7647133
6.7686596
6.854382
6.472254
6.551193
6.518611
6.5797305
6.496701
6.4580655
6.601296
6.3775673
6.4079056
6.424412
6.604539
7.037256
6.950725
7.053725
7.0346713
7.307727
7.0527873
6.880414
6.8523083
6.9298086
6.8097315
6.566848
6.440487
6.63931
6.4706087
6.6533995
6.8513236
6.914278
6.7731104
6.6624985
6.8331027
6.806262
6.668357
6.968213
6.4967566
6.66476
6.4818535
6.5057592
6.653425
6.926814
7.013795
6.8590984
6.468654
6.177182
6.2174973
6.1471276
5.868817
5.778636
5.619037
5.453577
5.2230506
5.113465
5.2078776
5.4469886
5.598957
5.3424563
5.2927938
5.507577
5.7009287
5.6346827
5.2914143
5.1768312
5.621102
6.2079515
6.447213
6.605756
6.278686
5.9456134
5.6643205
5.20713
5.189893
5.0583925
5.0660114
5.3306937
5.6332808
5.725272
5.8473296
5.9479017
6.2519526
5.9760003
6.1702976
6.1208825
6.6685033
7.0321803
7.1893506
7.1353908
6.982691
7.1944103
7.5035706
7.5672755
7.494211
7.51699
7.343275
7.316294
7.18771
6.9753876
6.77522
6.807071
6.6300097
6.46159
6.172988
6.3876333
6.43394
6.2449226
6.4181113
6.2633085
6.238403
6.1695385
5.8654757
6.015345
6.2042274
6.349908
6.267147
6.398433
6.576002
6.426569
6.637454
6.4373417
6.428222
6.6329045
6.739885
6.8538547
6.910874
6.8607454
6.4457836
6.062449
5.8834662
5.8551702
6.2029743
6.245861
6.315357
6.393465
6.3838263
6.5620456
6.4562893
6.3223634
6.407452
6.4218607
6.304618
6.1965446
5.834739
5.4793673
5.5097694
5.768829
5.8877373
5.6737003
5.3312845
5.105413
4.830986
4.70942
4.9387054
5.261364
5.4414144
5.3764277
5.2796955
5.390009
5.578074
5.5536766
5.472498
5.7938232
5.509051
5.571328
5.4075513
5.3752294
5.569505
5.470612
5.540549
5.6461425
5.9864025
5.966535
6.1782436
6.3057327
6.187843
6.3490815
6.232224
5.843395
5.7735577
5.8425665
6.0463367
5.9891953
6.137207
5.9335055
5.8386426
5.8878417
5.8012214
5.721824
5.6058483
5.7602963
5.811229
6.1903644
6.3302956
6.204767
6.187538
6.031039
6.3823853
6.267962
6.349235
6.542466
6.430555
6.2472796
6.360595
6.463659
6.5365047
6.774545
6.71373
6.7328634
6.7907324
6.638451
6.7706795
7.003345
7.1276727
6.841402
7.1076026
6.8984118
7.1330776
6.9434557
6.712224
7.011257
6.841483
7.088439
6.9843044
7.1258297
6.856348
7.340693
7.2533064
7.5291195
7.4549756
7.44274
7.312902
7.5543203
7.285796
7.2325125
7.1333084
6.90364
6.98993
7.084829
7.018424
7.101069
7.0874267
7.129189
7.24091
7.218752
7.137526
7.1999846
7.2253637
7.3037643
7.1974545
7.183371
6.959656
7.2127085
7.0896893
7.1829004
7.1542025
7.1922026
7.264844
7.2032347
7.0165973
7.199843
6.9013853
7.156754
6.742339
6.589601
6.36907
6.0941806
5.872898
5.9834857
6.04292
6.203349
6.14317
6.0459833
6.157523
6.133133
6.473538
6.3776627
6.58113
6.5228524
6.374717
6.779079
6.496586
6.6252937
6.5381455
6.739786
6.7766447
6.704717
6.74523
6.946935
7.15459
7.356104
6.991289
7.0322104
6.902424
6.9848437
6.752815
6.6755757
6.6755958
6.605031
6.7826023
6.8145638
6.9680543
6.791317
7.034255
6.8371277
6.9308887
6.888124
6.960772
6.852353
7.022318
6.913269
6.9509687
6.8640757
7.1016355
6.940377
7.144084
7.3081427
7.0345488
7.1537576
7.079002
7.2951107
7.2806997
7.4317865
7.3236547
7.1085196
6.880704
6.7823033
7.155972
7.086142
7.094595
7.0414286
7.1718106
7.2073507
7.0739775
6.8497286
6.5772924
6.5136104
6.601783
6.750504
6.4863997
6.5047255
6.533828
6.759063
6.5731783
6.650532
6.4728966
6.5997853
6.741035
7.072385
6.84113
6.5143857
6.1774354
5.9513464
6.239426
6.5285735
7.01496
6.991373
6.8617754
6.6955166
6.825617
7.043112
7.049038
7.0484505
7.077483
6.9872956
6.666896
7.0217032
7.123852
7.3110237
7.13944
6.935837
6.914497
7.002409
6.866031
6.5991025
6.802003
6.831456
6.610041
6.6397705
6.519682
6.7221317
6.5916424
6.523597
6.6948166
6.591855
6.9035587
6.815468
6.8433986
6.701981
6.915718
6.7657976
6.915801
6.963371
6.909228
6.9762335
6.79955
6.5624156
6.4558997
6.4476013
6.351184
6.3933315
6.254165
6.6106653
6.6288676
6.380089
6.515334
6.764935
6.7412415
6.730216
6.583454
6.896374
6.7649117
6.8502874
6.676544
6.683136
6.568722
6.6172476
6.7756767
6.8799057
6.8857026
6.919492
6.8728952
6.7554255
6.806175
6.7410994
6.756378
6.6803803
6.687931
6.551403
6.4794908
6.1678734
6.332087
6.3423305
6.1349792
6.221915
6.2526073
5.6777916
5.590941
5.678545
5.6353693
5.578899
5.722292
6.0042405
6.453756
6.9554887
7.0999784
6.682004
6.729805
6.742777
6.7559195
7.0242047
6.937036
7.0488377
6.7222843
6.4015093
6.115616
6.157288
6.1578517
6.0329385
5.9527345
5.6758575
5.868599
6.2141304
6.062037
6.160615
6.9443703
7.102949
7.035427
6.8336735
6.6833777
6.848014
6.891625
6.9578342
7.0486536
6.9717417
6.900196
6.8704996
6.9573593
6.6790257
6.68563
7.001626
6.9060035
6.451684
6.114194
5.696956
5.3973155
5.5462804
5.7320185
5.8913727
6.066928
5.9944053
6.1772385
6.1952558
6.19508
6.15738
6.4595385
6.3903418
6.3677454
6.6739235
6.565041
6.7298946
6.465924
6.333168
6.6176205
6.4861045
6.532464
6.6112695
6.7180424
6.7760797
6.805556
6.8493204
7.013402
6.975648
6.8975983
6.992552
6.8540287
6.7210894
6.7519746
6.732092
6.7133045
6.833119
6.8024964
6.621821
6.4264684
6.415641
6.3846436
6.2414308
6.277774
6.2756863
6.068275
6.0936003
5.8348923
5.9240675
5.949354
5.857171
5.897065
5.8989573
5.847297
5.9509196
5.9474564
6.057045
6.5030622
7.222329
7.3469453
7.116628
7.035355
7.0270147
6.89258
6.939347
6.820299
6.362278
6.5325
6.4061813
6.434632
6.575429
6.6545963
6.6730733
6.7244005
6.754198
6.829254
6.841671
6.7003126
6.9576406
6.8843985
6.826633
6.904573
6.8179855
6.8396826
6.642675
6.5493536
6.7915964
6.464367
6.6831484
6.6847715
6.845003
6.7795806
6.9185467
6.8190565
7.0570326
6.7555065
6.8301353
6.6016393
6.5724897
6.6689005
6.784502
6.9917936
7.0397944
6.85999
6.8128643
6.9970856
6.9356046
6.768159
6.7143297
6.699909
6.748644
6.8920608
6.9317594
6.800519
6.8830395
6.9487934
6.9851465
7.0177913
7.1828446
7.0174627
7.258155
7.132755
7.2804165
7.4390726
7.491006
7.305489
7.2936015
7.41606
7.3903103
7.323553
7.5166817
7.5921764
7.5468674
7.617193
7.2072334
7.1810465
7.271425
7.3196416
7.2810245
7.23519
7.2591295
6.9922643
6.912204
7.0031686
6.926691
6.913843
6.8320127
6.713899
6.566245
6.5780926
6.618471
7.057319
7.301689
7.231902
7.20117
7.0183916
6.964327
7.1411552
7.0843
6.984944
7.173581
7.0430913
7.0764847
7.14038
7.1350894
7.027564
7.05268
6.919278
7.1945467
6.977254
7.0214562
6.9411297
6.7912087
6.825804
6.91106
6.6972437
6.5831304
6.7196136
6.539713
6.3909054
6.25892
6.3161325
6.298962
6.2510686
6.216326
6.2239165
6.200531
6.098672
6.1667824
5.8076725
5.701101
5.606167
5.5554996
5.8188977
5.930371
6.0809007
6.1182885
6.03189
5.933405
5.7115965
5.932375
6.009773
6.1762595
6.17245
6.5846124
6.5270343
6.335696
6.45777
6.5916286
6.5864964
6.6054273
6.5413227
6.479273
6.5759845
6.7949686
6.5284038
6.4687796
6.465188
6.5729923
6.594249
6.673845
6.800737
6.193386
6.040234
5.957305
5.9020553
5.9123397
6.0159063
6.1682024
6.070797
6.0165687
6.154396
6.153332
6.3016915
6.317805
6.3710313
6.4480653
6.6815724
6.7033925
6.7143793
6.8575892
7.100936
6.684685
6.6048326
6.61328
6.7209764
6.6490283
6.443227
6.5028844
6.655525
6.6863313
6.665692
6.4693503
6.469139
6.4536033
6.5045805
6.5866075
6.6864157
6.769951
6.6552525
6.5362725
6.4180875
6.374377
6.4460654
6.6197085
6.571406
6.82708
6.897803
6.770535
6.5817695
6.496067
6.48459
6.5207624
6.63839
6.5877013
6.5191793
6.4733825
6.652971
6.7325034
6.712343
6.64857
6.570936
6.3818946
6.301647
6.3107586
6.2419925
6.3589993
6.1528006
6.237949
6.62936
6.374281
6.3911514
6.4027405
6.2401094
6.116147
6.306307
6.349354
6.3052917
6.319478
6.067125
5.9995594
6.1120906
6.1913514
6.2869987
6.3928313
6.326862
6.3178415
6.264993
6.3005047
6.397031
6.475641
6.4473414
6.3575716
6.3004594
6.159664
6.105365
5.989355
5.9593678
5.9063888
5.826925
5.792846
5.8368196
5.845163
5.7881484
5.857571
5.724891
5.7362146
5.7437797
5.8336782
5.8064938
5.759215
5.449238
5.328165
5.148695
5.092288
5.1403637
5.13051
5.2937765
5.1149735
5.3160496
5.6354265
5.9202414
5.8819604
5.8334637
5.7605486
5.877684
5.7909102
5.749591
6.2454996
6.4007215
6.221444
6.1474533
5.9829297
5.688902
5.5468364
5.7328157
5.6095896
5.639298
5.775436
5.515127
5.4950867
4.854467
5.030924
4.789902
4.9211526
5.2126513
5.5156374
5.1766434
4.9280906
4.72886
4.9825187
5.091374
5.340497
5.4209547
5.507066
5.395504
5.4299717
5.362242
5.573848
5.5246964
5.4672747
5.4965262
5.5279236
5.362407
5.286283
5.209748
5.2192307
5.065332
5.163761
5.245784
5.146302
5.0570874
4.9564185
4.909396
4.6647725
4.6086526
4.7278686
4.8167095
5.1515417
5.1551003
5.343419
5.3814797
5.60673
5.669642
5.67926
5.64916
5.618004
5.5845957
5.59774
5.7313747
5.514449
5.5888286
5.9747353
5.7179165
5.7472935
5.5855875
5.2253537
5.0478683
5.2342095
5.1355305
5.238098
5.3727713
5.286225
5.345515
5.20425
5.1990986
5.1855206
5.0531588
4.9062023
4.960802
4.724911
4.8201385
4.8894825
4.8799706
5.0464463
5.071717
5.074844
4.997997
5.128001
5.170299
5.173971
5.227563
5.32401
5.344161
5.2964544
5.250417
5.156777
5.2274203
5.247625
5.1511593
5.0524225
5.042185
5.023578
4.686434
4.824885
4.6787825
4.5552917
4.663017
4.6090555
4.365817
4.4610667
4.379887
4.3642087
4.2201233
4.2623663
4.237739
4.217286
4.382628
4.425177
4.444655
4.502771
4.514334
4.5912437
4.6015387
4.5294805
4.5952563
4.6463046
4.5452895
4.6584296
4.6429358
4.7433147
4.588378
4.8314614
4.7817993
4.8762712
4.5704956
4.804858
4.5877
4.5887413
4.520554
4.547385
4.531078
4.496097
4.357425
4.42653
4.4510517
4.6763735
4.7014275
4.7563977
4.550612
4.7701883
4.9215627
4.7984147
4.95746
5.2555027
5.309512
5.4928565
5.702296
5.896926
6.1704087
6.298009
6.1746044
6.2077365
6.2521086
5.943894
6.0787563
6.0266614
6.062913
5.8859315
5.7507534
5.770497
5.81745
5.856081
5.911783
5.9829154
5.9354625
5.9917636
5.861297
5.9762096
6.0515366
5.9342527
5.947445
6.028432
6.0285625
5.829725
6.010685
6.0136995
5.651311
5.516946
5.68062
5.8761134
5.9389596
5.9288588
5.9091377
6.135502
6.361873
6.5016637
6.550557
6.5903287
6.3022957
6.581577
6.8060055
7.293234
7.241426
7.148806
7.0913243
6.891674
6.570295
6.798275
6.6920514
6.5613513
6.4756365
6.5458665
6.7177396
6.6286707
6.319376
6.172441
6.1100855
5.954081
5.981975
5.813209
5.797894
5.6597915
5.6536574
5.521917
5.435313
5.4747844
5.571088
5.6424785
5.825797
5.9975324
5.9553475
6.064149
5.9462037
5.744449
5.6263137
5.808249
6.025703
6.163953
6.198999
6.1859007
6.156243
6.462743
6.827799
7.090993
7.236913
7.3735943
7.596838
7.708606
7.8553567
7.932366
7.6988225
7.145628
7.203752
7.1775107
7.2617617
7.174178
7.0769877
6.973622
6.9473095
6.8721876
6.9015107
6.8197603
6.746655
6.3860893
6.2850237
6.2913055
6.2893763
6.1022525
5.954216
5.7931867
5.740022
5.528257
5.477033
5.476909
5.640171
5.877394
6.1164303
6.212
6.5614185
6.4534044
6.8236074
6.825464
7.207335
7.3939657
7.3171144
7.378181
7.436103
7.695141
7.6642857
8.008653
7.893151
7.768673
7.3193917
7.2941732
7.2641053
7.3472567
7.4726906
7.730404
7.5566983
7.668753
7.537407
7.6869535
7.57216
7.651935
7.375292
7.3201556
7.062579
7.1023407
7.061597
7.1269593
6.959758
7.15176
6.850623
6.8826203
6.5137157
6.481862
6.4566846
6.194334
6.395363
6.639027
7.069783
7.130583
7.342409
7.1532207
6.9377155
6.8655286
6.7072
6.683189
6.7826486
6.964739
7.1410627
7.009832
7.1635947
7.447691
7.701663
7.952448
8.067227
7.885132
7.631692
7.2725334
7.1579394
7.6188765
7.7683353
7.6795287
7.555094
7.630842
7.4023857
7.4497104
7.436755
7.33958
7.1860523
6.8588767
6.941549
6.618846
6.7453275
6.2734156
6.41514
6.165409
6.453393
6.2499676
6.3151727
6.0273495
6.1222944
6.1782684
6.2834277
6.7970448
7.1121545
7.088041
6.9899254
6.7020173
6.6873174
6.579891
6.6588163
6.699904
6.5218863
6.670257
6.4858303
6.266838
6.142557
6.23859
6.232273
6.103427
6.1869936
6.2664905
6.568933
7.0399575
7.1986203
7.1971045
7.4047713
6.9075017
6.6450286
6.3111925
6.2230544
5.9242525
6.2384424
6.5981426
6.729592
6.4130774
6.5682807
6.361103
6.6830125
6.9539814
6.9039874
6.958234
7.0988545
7.053663
6.828955
6.917976
6.994505
6.998822
7.0528793
7.0152044
7.111186
7.0498915
7.0313807
6.9609003
7.0105834
6.822644
6.566928
6.459052
6.6270967
7.1092143
7.070016
7.4509444
7.384655
7.5741634
7.700372
7.8961196
7.890521
7.8659234
7.8768477
7.587707
7.807702
7.652525
7.8485317
7.869182
7.7038593
7.734901
7.908953
7.653806
7.773558
7.517917
7.6840596
7.5920086
7.801818
7.4399405
7.6204305
7.53062
7.378106
7.336886
7.4203167
7.4123263
7.3244076
7.1688213
6.8809476
6.8272934
6.7917705
6.896639
6.8974543
6.7554464
6.466418
6.4483523
6.394744
6.2124104
6.3533874
6.891839
6.947488
7.18962
7.1686606
7.5235634
7.494375
7.5024257
7.6947246
7.6737943
7.86407
7.9138613
7.8598413
7.9596457
7.9616327
7.939052
7.9785404
7.7731214
7.4809246
7.1348224
6.9893613
7.197383
7.137105
7.2839375
7.1877847
7.1064534
6.886404
6.7523403
6.7721562
6.583136
6.7085614
6.5344763
6.5675745
6.576297
6.3767514
6.3260875
6.6595907
6.69966
6.681134
6.8869314
6.8368473
6.553149
6.876353
6.395502
6.7173705
6.5836954
6.905542
7.0284414
7.0631027
7.167849
7.3432965
7.44563
7.4955416
7.685633
7.6339293
7.7659245
7.6599135
7.6563044
7.4590607
7.5704813
7.0865493
7.149519
7.121683
7.3085265
7.1159177
7.1179967
6.871007
6.8590827
6.9484444
6.9317703
7.0159063
7.124339
7.183621
7.2891493
7.0925503
6.814276
6.883863
6.63744
6.55309
6.4510293
6.450605
6.2771826
6.493853
6.46386
6.3315997
6.165522
6.155079
5.97855
5.9371147
6.0812426
6.318816
6.4102225
6.6168313
6.6505737
7.271231
7.1108036
7.4339204
7.430841
7.133822
7.387689
7.321269
7.186127
7.1487346
7.1281247
6.9015326
7.099721
7.2823973
7.232735
7.2431707
6.9580293
6.964736
6.937785
6.751918
6.816915
6.5514336
6.0346584
5.763987
5.9561043
6.0719423
6.0425835
6.1024685
6.263084
6.3288374
6.0695577
6.283721
6.0274916
6.0526576
5.917421
5.69145
6.101169
6.1619234
6.5430093
6.9697623
7.1589866
7.161351
7.223991
7.241975
7.6840906
7.4450874
7.807363
7.8643923
7.816361
7.950506
8.01677
7.8039694
7.579277
7.4487185
7.7160344
7.514188
7.4812245
7.307222
7.1249466
7.143738
7.1351037
6.805339
6.528249
6.4675713
6.2347217
6.004452
6.189821
6.1307645
6.040081
5.8111014
5.604079
5.5083385
5.5007076
5.4237757
5.5110855
5.337747
5.426523
5.5317774
5.6091757
5.787035
6.267056
6.360435
6.790852
6.6782155
6.9061737
6.92903
6.863138
7.2057953
7.1671047
7.56402
7.6486607
7.7649446
7.599058
7.7186713
7.8767347
7.831961
7.538239
7.5243683
7.2469516
7.189003
7.1116853
7.0356355
6.9688487
7.0658283
6.7476573
7.0010815
6.8820662
7.05247
6.856422
6.8484426
6.7376018
6.616463
6.9116178
7.091725
6.9308224
6.897725
6.886444
6.736511
6.769812
6.428296
6.3509407
6.1863236
6.0964975
6.1900086
6.153577
6.483806
6.4933233
6.807846
7.067589
7.3588276
7.267038
7.2372947
7.1497073
7.450132
7.3765664
7.3958607
7.477571
7.2296553
7.0126243
7.212747
6.748643
6.4241605
6.4101152
6.2500057
6.267509
6.2327538
6.5852995
6.4541664
6.2640634
6.5116334
6.549841
6.4303555
6.4951487
5.858182
5.9684167
6.0244813
6.2418838
6.2897644
6.09284
6.0524473
6.0884614
6.0918384
6.1680937
6.284825
6.4344554
6.49516
6.412271
6.929993
6.8404384
6.9172873
6.9037113
6.939825
6.9800797
6.910285
6.9987516
6.820878
6.434997
6.355775
6.4624195
6.465023
6.596635
6.453236
6.2723966
6.366015
6.395212
6.017203
6.350742
6.104204
5.7402635
5.572814
5.6876607
6.0387278
5.9586496
6.2399116
6.2635717
6.2384496
6.262062
6.3695617
6.4784317
6.530582
6.6280346
6.6171036
6.9822874
6.822659
6.8476877
7.0016236
6.899021
6.7514315
7.073389
7.028552
6.9833846
6.920447
6.896366
6.3569264
6.6548357
6.493625
6.4129643
6.3844204
6.3248854
6.2084064
6.226623
6.117039
6.1640034
5.9415174
5.9286923
5.6902666
5.4669533
5.9425645
6.061792
6.0573125
6.0275564
6.136839
6.245901
6.5389056
6.22405
6.255501
6.165403
6.109634
5.9195957
5.8057923
5.925831
5.6707
5.3805404
5.1419554
5.4879417
5.828642
5.999408
6.1201944
6.2705307
6.2801547
6.422963
6.150967
5.979415
6.051177
5.9051037
5.629977
5.92912
6.097032
6.543915
6.5713515
6.73915
6.6248755
6.588846
6.484874
6.6124153
6.535366
6.430385
6.2701406
6.338642
6.224241
6.2703648
6.311288
6.571279
6.2495937
6.2598305
6.4902577
6.439346
6.412962
6.5137634
6.2519407
6.231991
5.9250627
5.845155
6.0735226
5.8245854
5.9228873
6.2616076
6.3969727
6.5598636
6.852441
6.8938203
6.927066
7.2500057
7.4514837
7.4044986
7.3320465
7.043591
6.908767
6.3954067
6.507064
6.3725967
6.448392
6.9577484
6.6834526
6.7068586
6.4903297
6.308354
6.435556
6.656462
6.6559186
6.25179
6.0876083
5.622546
5.7491827
6.6858134
6.4126363
6.633114
7.031933
7.3169003
7.2043724
7.249709
7.0474977
7.062851
7.0958443
6.9976096
7.422021
7.267606
7.289622
6.990401
7.0980883
7.3631716
7.238229
6.6666603
6.1153827
6.5117245
6.102246
6.8321795
6.9122777
7.3145547
7.3956537
7.3676205
7.3030634
7.192921
7.2689075
7.281158
7.09937
7.4136877
7.2893724
6.844688
6.967123
6.9369836
7.0108023
6.862566
6.9808154
6.84761
7.119315
6.8694654
6.775353
6.700778
6.771755
6.693157
6.589182
6.7585807
6.637926
6.832241
6.7425776
6.749733
6.685493
6.701521
6.7865148
6.7638893
6.5744753
6.874853
6.785946
6.693813
6.670892
6.5977645
6.814683
6.6265845
7.040983
7.131463
7.337596
7.259836
7.0663214
6.9796696
6.6891513
6.8319592
7.0576234
6.976488
6.6802406
6.897487
6.505797
6.460924
6.6810746
6.637157
6.519184
6.5204587
6.437412
6.4551105
6.1053014
6.2268367
6.175936
6.1631975
6.1944776
6.022125
6.1153917
6.1973715
5.8204966
6.3514957
6.4364114
6.181757
6.0988355
6.119062
6.249899
6.447735
6.5839615
6.7659383
6.7575793
6.777196
6.9461255
7.062235
7.1650333
7.191658
7.154006
6.9690514
7.347867
7.632631
7.657805
6.9906197
7.0953875
6.836057
6.57695
6.464321
6.624122
6.571034
6.456408
6.308567
6.184438
6.2167506
5.9691277
5.978246
6.061431
6.1758113
6.223751
6.184477
6.027444
5.9455147
5.8236794
5.9005413
5.898332
5.721364
5.705055
5.6749496
5.533659
5.3824673
4.977246
5.2479687
5.3751936
6.3258467
6.8175073
7.036691
6.859094
6.8237734
6.6460094
6.7698493
6.6826844
6.687654
6.554877
6.036351
5.767294
5.834776
5.756125
5.725887
5.6202607
5.5647
5.5631013
5.594512
5.5842338
5.455807
5.5536504
5.849483
5.928651
6.0752325
5.971329
6.2352624
5.8864493
5.67721
5.099177
5.0248904
5.0654616
5.077438
5.2412653
5.5431447
5.409687
5.1215076
5.2124276
5.2632093
5.285554
4.7636313
2.7124603
4.5346475
4.539088
4.5367417
4.7883034
4.8041525
4.5134234
3.0995975
4.33533
4.707313
4.6766257
4.5559907
4.6793137
4.65766
4.552804
3.374549
4.354678
3.6381662
3.6736395
4.53124
3.3582828
4.559287
4.6040034
3.6606746
4.0601506
4.6279984
4.6191115
4.543214
4.620905
4.585078
4.611311
4.578363
4.549122
4.597302
4.701237
4.620367
4.539613
4.618968
4.6837544
4.740352
4.6906853
4.7391133
4.729028
4.676897
4.7420244
4.7418513
1.3986981
2.7376902
3.6586447
3.929233
3.749156
3.6870346
2.4076183
3.8263273
3.8628833
3.715901
1.3367699
3.6395812
3.5667756
2.7544608
3.8023338
3.3491
3.7841785
3.6258664
3.593807
3.6766982
3.487215
3.5624714
3.8801095
3.5731232
3.8458295
3.7077127
3.7405722
3.7567804
3.6582184
3.5398164
3.644931
3.6546457
3.6268773
3.7272103
3.398685
3.278471
3.1484973
3.5127606
3.2681532
3.0433905
3.4695215
3.3851395
3.5041606
3.1198683
3.640804
3.3421245
3.6688118
3.7203922
3.6913924
3.7508986
3.81027
3.9240189
2.0601454
4.116143
4.0939517
3.977172
3.794746
3.8780046
3.7283604
3.7592773
3.7839031
3.6213026
3.5524318
3.4988363
3.4191086
3.4635267
3.4453132
3.6778777
3.3611062
3.356843
3.532776
3.551698
3.436496
3.7702277
3.3738678
3.4719148
3.590627
3.9376092
3.3792396
3.5478015
3.7132132
4.0733714
4.1176333
4.3402042
4.394415
4.5093493
4.0000386
4.3281717
4.1036024
3.4490504
4.230179
3.7317688
4.1717105
2.9628332
3.805256
3.7307694
3.7921796
3.5010517
3.5050995
3.3893604
3.2521636
3.418379
3.205259
3.2670026
2.7727935
3.4241168
3.5487754
3.7362747
3.5540128
3.5166254
3.6893618
3.7952766
2.7087486
4.4086266
4.6757197
4.78774
4.7899375
4.3639245
4.597908
4.694653
4.5556417
4.88807
4.9536552
4.9075804
4.962456
4.6989408
2.6736968
4.491427
4.2224226
3.4132395
4.898456
5.140048
4.99293
4.980652
5.235171
5.211212
5.41798
5.597132
5.6430273
5.4673343
5.4174113
5.366919
5.3878336
5.2984986
5.278211
5.195564
5.253132
5.315433
5.240829
5.1768007
5.2511578
5.0063086
4.9852448
4.7466
4.7354
4.6081066
4.713195
4.610406
4.552811
4.6230073
4.666304
4.706073
4.3052497
2.7578833
4.305149
4.3561015
4.056241
4.1527762
4.142769
4.122386
3.0215712
3.153221
3.4880512
4.126503
3.9137328
3.8438451
3.18731
4.2540836
2.6170077
4.319691
4.7130594
4.8685746
4.764242
4.7248855
4.6209307
4.711251
4.61516
4.7036757
4.60966
4.854327
4.7938385
4.787074
4.7923627
4.6954484
4.559285
4.3719296
4.202828
4.8369756
4.957531
5.424531
5.6087728
5.6054597
5.6473565
5.7861624
5.821675
5.76206
5.792033
5.875266
5.6256485
5.9539604
5.624728
5.772125
5.564944
5.717517
5.7463613
5.6933255
5.5043197
5.6789093
5.5821514
5.6251154
5.642151
5.5928407
5.51626
5.50776
5.5815053
5.689307
5.559589
5.509751
5.481073
5.4526243
5.7086296
5.582546
5.7499065
5.784752
5.6673274
5.806488
5.7020736
5.6738014
5.6825147
5.746227
5.8112564
5.8216314
5.8049073
5.7078257
5.783046
5.745808
5.7325163
5.640909
5.649693
5.624937
5.1447887
4.862415
4.766161
4.8196063
4.9636064
5.186746
5.30611
5.406926
5.4851584
5.6727
5.4798546
5.815894
5.714551
5.303264
5.2587786
4.9385586
4.6351156
4.6506205
4.3589964
3.3391583
2.0508828
3.729757
4.148919
4.304694
2.988075
4.1461644
4.231186
2.4238055
3.871305
3.8378828
3.861454
3.5543466
3.1206658
3.0829463
3.131818
3.3268259
3.3702385
2.7376168
3.4165735
3.9422364
3.7277377
4.5861483
4.653577
4.766144
4.890843
4.9871674
5.076683
5.150792
5.180757
5.079377
5.036365
4.9618707
4.879918
4.7515273
4.631932
4.2449703
4.195002
4.016241
2.0251825
3.813615
3.8243093
3.5869768
3.3840272
3.4246101
3.0098424
3.5264049
3.7477407
3.9613826
4.069597
4.2221565
4.3104987
4.2027726
4.240244
4.2345557
4.0702763
3.6145985
3.2538078
3.3072648
3.4916155
4.1220913
3.7857442
3.5291147
3.6139414
3.8746126
4.330218
4.14003
4.40002
4.9754915
5.185228
5.317728
5.4152174
5.474124
5.2198153
5.275833
5.189541
5.0870376
4.98015
5.084527
5.3697467
5.546601
5.3851132
5.2033215
5.3682957
5.4310308
5.3886514
5.564908
5.1946797
5.400991
5.426164
5.3856964
5.426225
5.343321
5.3046565
4.8993134
5.065888
5.0447288
5.1808715
5.1136193
5.116759
5.2223806
5.1920824
5.1893907
5.2713685
4.900966
5.0408945
5.157464
5.0254292
5.0469193
5.0676966
5.1056266
5.1943607
5.171894
5.1106334
5.145532
5.052548
4.889784
5.041165
5.007802
5.2293663
4.809537
4.507162
4.4538293
4.6445975
4.725022
4.8099017
4.698744
4.6714373
4.5908556
4.586805
4.501366
4.6120305
4.568786
4.523443
4.6290545
4.1071925
4.449109
4.188776
4.5196934
4.552289
4.6488013
4.6515794
4.747706
4.8665285
4.666851
4.6980867
4.6309147
4.5515795
4.649649
4.6805143
4.708323
4.8187027
5.0218735
5.2497225
5.2165565
5.303031
5.2418523
5.317465
5.3312225
5.143677
5.014007
4.975974
4.964601
4.962864
4.993703
5.0692368
5.164577
5.2339864
5.210074
5.1944747
5.172869
5.2918534
5.198345
5.0809064
5.135352
5.156146
5.0674677
5.059456
5.1662426
5.1617565
5.2053723
5.150459
5.0061855
4.927059
5.1223984
5.105883
5.166412
5.2860346
5.222748
5.089099
5.0908976
5.2994785
5.2882423
5.3220224
5.059599
4.8261237
4.6615415
4.591566
5.1567593
4.9855123
4.986416
4.905807
5.0330076
4.9486227
4.9659166
5.0777254
5.1409416
5.3328457
5.474959
5.523083
5.739623
5.6590776
5.5890226
5.32615
5.01015
4.8262143
4.563594
4.4881387
4.4150276
3.5430996
4.238713
4.388663
4.853609
5.1004333
5.118636
4.973325
4.7531614
4.8401823
4.9138074
4.829643
4.81161
4.5697365
4.8193007
4.789771
4.615689
4.7816606
4.843119
4.9139156
4.845505
4.399703
4.2579484
4.7113996
4.556738
4.328562
4.5556397
4.0486608
4.6135206
4.755477
4.831127
4.512648
4.54688
4.3775578
4.871134
4.9247456
4.853857
4.6301527
4.5731816
4.533424
4.5056295
4.492728
4.4490438
4.7228637
4.699606
4.6748157
4.886654
5.011308
5.2475696
5.6006756
5.4805446
5.352312
5.038575
5.0614696
5.134243
5.4595604
5.232411
5.3660927
5.6840115
5.9135227
6.157746
6.147644
6.2492285
6.0741043
6.10828
6.0542574
6.1502867
6.186685
6.1082897
6.2353644
6.078424
6.104604
6.2056303
6.1967645
6.2863755
6.1258826
6.210948
6.0257015
6.2600904
6.2846885
5.798784
5.480103
5.795608
5.9220934
6.059423
6.4463053
6.5309916
6.3153253
6.357462
6.603232
6.529977
6.3335714
6.2002807
6.6405277
6.8307056
6.579068
6.55313
6.4010305
6.440986
6.6322904
6.5390844
6.403594
6.627453
6.2733874
6.259049
6.125311
6.240039
6.0546637
5.935556
5.5848026
5.827039
5.464304
5.7051816
5.7981777
5.493904
5.5065312
5.326791
5.396962
5.409531
5.3156524
5.2440724
5.298133
5.3383965
5.2196536
5.1642265
5.320778
5.343097
5.65309
5.7460494
5.9949527
5.947208
6.1708136
6.280446
5.999823
6.176401
5.9281974
5.7615876
5.732196
5.5365047
5.558157
5.0773563
5.3200207
5.0831647
5.0018535
4.6568794
4.874242
4.5149136
4.6723566
4.9077177
4.8220067
4.6932287
4.539308
4.403795
4.596968
4.6012993
4.647094
4.89914
4.926166
4.1996503
3.8469093
3.047183
2.2678063
2.088577
2.1377227
2.108526
1.6447525
2.1396115
1.9618834
1.9134592
1.9301572
2.2952971
2.0825722
2.3079596
2.5160193
2.1077998
2.1767726
2.3071952
2.2061603
1.9850559
2.0757766
2.0430403
2.1103852
2.2379436
2.007029
2.1714768
2.2501
2.4030032
2.425873
2.5914836
2.774197
2.5570738
2.5451417
2.0459833
1.5939139
1.7337971
1.6372193
1.7523931
1.8900824
1.8130033
1.9761047
2.2621577
1.8552074
1.9531431
2.065232
1.8497012
2.1318147
2.2526376
2.0031383
2.1545343
1.9774951
2.33733
2.3269792
2.4029658
2.4802852
2.2569857
2.9255476
1.6796365
3.4049244
3.4328127
3.422812
3.3168898
3.2257886
3.2922945
3.6570778
3.4221764
3.2582269
3.1377637
3.2921755
3.13142
3.2560563
3.3089147
2.9246716
2.9916153
3.1992397
2.9968076
3.0640924
3.119157
3.0567005
3.0670633
3.3938408
3.484892
3.4597797
3.5643005
3.4814425
3.4435742
3.5176356
3.5153782
3.5574355
3.5749044
3.5763144
3.6140025
3.6328146
3.632523
3.6245124
3.6396606
3.640542
3.637879
3.6296453
3.6257412
3.6143656
3.6312294
3.6218243
3.6550546
3.6823192
3.7034001
3.6922245
3.713088
3.7030787
3.6942167
3.7303336
3.734161
3.6934981
3.7043276
3.7561994
3.7446184
3.7446902
3.7461693
3.737347
3.7686734
3.7314222
3.7435818
3.7629101
3.7047927
3.6813595
3.7014918
3.6881742
3.661788
3.66647
3.7840548
3.6893654
3.7674253
3.656004
3.7590494
3.767478
3.7563212
3.7288437
3.7370892
3.738305
3.7380695
3.7472408
3.7227917
3.7123768
3.70266
3.7172055
3.6869466
3.7219436
3.6493793
3.7619548
3.8745646
3.6764336
3.7397623
3.7163618
3.731594
3.9184897
3.8223426
3.7526236
4.1259356
3.930901
3.653865
3.80304
3.8035467
3.9593291
3.71128
3.6454964
3.8322828
3.8907228
3.8385634
3.727985
3.7329333
3.66672
3.6870878
3.552433
3.6760216
3.6913466
3.6992419
3.7006998
3.6762376
3.7203174
3.726679
3.693596
3.693981
3.7009678
3.7327466
3.7307293
3.6822343
3.7004108
3.622474
3.6122267
3.5984173
3.625729
3.6119707
3.6695824
3.6991968
3.7121649
3.7190015
3.6347225
3.6379902
3.6511636
3.6557488
3.6167927
3.6698945
3.64769
3.6549258
3.734815
3.7517827
3.8118465
3.6440508
3.8137844
3.6813447
3.751482
3.6306427
3.8606272
3.6741054
3.6654913
3.6521232
3.7439404
3.5983477
3.8470876
3.692997
3.69839
3.7371955
3.7554803
3.813478
3.8709402
3.8096151
3.8733883
3.8750052
3.8625407
3.8527465
3.852834
3.881376
3.8697524
3.89704
3.8741517
3.7487714
3.798158
3.7487144
3.8713493
3.9001393
3.842657
3.9158309
4.052929
3.8372912
4.113244
4.203184
4.2948885
4.397718
4.422288
4.3864784
4.458141
4.3828907
4.3327684
4.4584765
4.282877
4.6194715
4.3691626
3.8356557
4.5044084
4.707415
4.729108
5.039934
5.026336
5.4381294
5.4156556
5.72626
6.2184954
6.5879917
6.7604637
6.965556
7.152161
7.363241
7.237299
7.2797184
7.2977133
7.2739315
7.163632
7.0239553
6.833131
6.876495
6.7535686
6.9035935
6.940616
6.700588
6.6917953
6.5016236
6.402925
6.413464
6.327177
6.0585604
5.838299
5.718186
5.2120533
5.042127
4.77753
4.67089
